0.5057	2.0614
0.7514	2.3438
1.1365	2.7849
2.0806	3.5501
2.2888	3.9838
2.5675	4.1007
2.8299	4.4894
3.0057	4.453
3.2326	5.07
3.2936	5.1046
3.5575	5.094
3.8304	5.3092
4.474	6.1331
4.5137	6.0199
4.637	6.3733
4.7893	6.4013
4.8318	6.543
4.8396	6.4868
5.1341	6.5424
5.3148	6.9069
5.4034	7.3073
5.4501	7.5048
5.5021	7.3636
5.6375	7.6277
5.708	7.8827
5.8858	7.7915
6.2331	8.02
6.256	7.989
6.5887	8.03
6.8767	8.4829
6.9333	8.5816
7.1394	8.7199
7.301	9.4104
7.3833	9.5106
7.6303	9.9294
7.6629	9.9971
7.6706	9.7802
7.7209	9.8364
7.8252	9.9855
7.8443	10.1318
8.0443	10.1496
8.1458	10.3192
8.2283	10.2024
8.831	10.301
9.0666	10.6576
9.1552	10.8634
9.2781	11.1865
9.3816	11.1645
9.3974	11.0908
9.7114	11.1694
10.9305	12.7224
10.9691	12.4352
12.0752	13.6618
13.1621	14.7005
13.3604	15.0817
13.4046	15.2196
13.5229	15.2846
14.2219	15.9743
14.2666	16.0756
14.3202	16.2025
14.6644	16.2969
15.5202	17.2283
15.5419	17.5238
15.5605	17.6297
15.5929	17.6654
15.9684	17.8118
16.0664	17.8848
16.5767	18.137
17.3038	18.756
19.2892	20.8401
20.0916	21.6043
20.2881	21.7914
20.419	21.9334
21.0218	22.5193
21.1778	22.7918
21.3197	23.0553
21.333	23.0016
21.4067	23.4887
21.523	23.5513
21.6179	23.7424
21.9079	23.8149
22.1731	23.9183
22.7923	24.1683
22.9695	24.8295
22.9804	24.7758
23.2685	24.9602
23.4273	25.2053
23.5113	25.1953
23.6238	25.1709
23.7681	25.3551
23.8683	25.5584
24.0198	25.8417
24.0523	25.6867
24.1317	25.7491
24.2625	25.9356
24.4489	26.2266
24.5386	26.2333
24.5943	26.3981
24.7685	26.5144
25.2944	27.0074
25.3289	27.2314
25.3928	27.4056
25.4295	27.5057
25.4584	27.5565
25.6201	27.3258
25.7799	27.7994
25.8351	27.8611
26.1661	27.846
26.1718	27.9682
26.4946	28.0496
26.7526	28.3039
26.993	28.6209
27.0646	28.751
27.6905	29.1628
28.072	29.8835
28.1349	29.7948
28.8971	30.5995
28.9065	30.6408
29.0754	30.4906
29.4409	30.8815
29.4823	31.1794
30.3054	31.8922
30.3571	31.9687
30.4577	32.2925
30.4934	32.3123
30.7774	33.0528
30.8237	32.993
30.9238	32.8787
31.1008	32.7561
31.3798	32.8682
31.594	32.9864
31.8949	33.4162
32.5693	34.1544
32.5959	34.1315
32.7662	34.1949
33.0378	34.5852
33.0779	34.7847
33.2342	34.7069
33.3649	34.9325
33.494	35.2344
33.5087	35.2158
33.9977	35.4864
34.6063	36.3194
34.961	36.3625
35.1852	36.7521
35.3127	36.9171
35.3603	36.8823
35.4399	37.1231
35.6388	37.2059
35.7128	37.2503
35.9888	37.4372
36.0683	37.7484
36.309	38.2049
36.5104	38.3171
37.0013	38.6471
37.3258	38.8428
37.6574	39.2099
37.6894	39.4435
38.0189	39.7181
38.2287	39.7946
38.597	40.4865
38.6392	40.5882
38.7781	40.4467
39.4672	41.0502
39.849	41.4528
40.4189	41.9818
40.5585	42.243
40.6066	42.5252
40.73	42.2365
40.8834	42.5626
41.1114	42.691
41.2203	42.7738
41.331	42.9958
41.397	42.8808
41.9634	43.3388
42.5669	44.2619
42.7231	44.3793
42.9942	44.4779
43.1478	44.6743
43.4276	44.9159
43.6058	45.2416
45.2095	46.7073
45.2823	47.0519
45.36	47.1358
45.9868	47.513
46.1261	47.6556
46.1518	47.9426
46.7765	48.2186
47.3526	48.9446
47.3725	49.1686
47.438	49.2091
47.5877	49.3674
47.6692	49.3666
47.9129	49.684
47.9657	49.975
47.9874	49.7393
48.4034	50.0891
48.5281	50.3019
48.5719	50.9994
48.5944	51.0284
48.604	51.1197
48.7849	51.4447
48.8249	51.6025
48.8668	51.6287
48.9439	51.815
48.9937	51.8423
49.0461	51.7466
49.1111	51.8234
49.3863	52.2282
49.3909	52.248
49.4032	52.2886
49.9613	52.475
50.1458	52.6922
50.3986	52.5786
50.8753	53.091
51.2686	53.5298
51.3914	53.5997
51.4038	53.7994
51.4426	53.4683
51.5722	53.5175
51.745	53.7426
51.7616	53.8086
52.0802	54.015
52.2256	54.0369
52.3653	54.141
52.9298	54.3274
53.3501	54.7496
53.6105	55.1411
53.6557	55.4024
53.6888	55.4816
53.7776	55.6357
53.8312	55.7622
54.2054	55.93
54.2584	55.9329
54.7835	56.3183
55.2199	56.6394
55.5325	56.9113
56.2848	57.9585
56.675	58.0817
57.3519	58.9681
57.4815	59.2105
57.6618	59.2811
57.6763	59.2472
57.8221	59.4296
58.0289	59.7259
58.1571	59.7803
58.4423	59.9195
58.4619	60.1076
58.6358	60.7271
58.6711	60.6072
58.9088	60.705
59.0873	60.671
59.8642	61.3925
59.8762	61.7756
60.242	61.8738
60.882	62.6602
61.0062	62.6423
61.2795	62.8837
61.5714	63.1763
61.7938	63.3364
62.0388	63.6282
62.0572	63.6054
62.3322	63.751
62.9933	64.6889
63.4186	65.0872
64.0864	65.6206
64.2116	65.7295
64.2752	65.9273
64.4332	66.1232
64.4346	66.2274
65.2129	66.8115
65.2153	66.6873
65.4922	67.1902
65.7234	67.3376
65.9885	67.649
66.1811	67.7622
66.2524	67.8619
66.5011	67.9689
66.6268	68.3304
67.6363	69.296
67.7683	69.1888
67.9271	69.802
68.0761	69.7396
68.3162	70.0461
68.3522	70.1118
68.7584	70.1805
68.8932	70.5871
68.9611	70.763
68.9852	71.1498
69.0125	71.0098
69.4395	71.3596
69.4574	71.3994
69.7908	71.9024
69.8362	71.7045
70.0107	72.2236
70.0249	72.3399
70.3584	72.375
70.4705	72.1928
70.7006	72.7015
70.7612	72.4874
70.8023	72.4324
71.1067	72.6977
71.1924	72.7778
71.2922	72.8325
71.4828	72.9487
71.5158	73.1678
71.7194	73.5631
71.7222	73.518
71.8901	73.4958
72.0359	73.7073
72.173	74.0035
72.3069	73.9953
73.0536	74.4194
73.2719	74.9914
73.7209	75.2906
73.984	75.4867
74.1883	75.5726
75.226	76.83
75.5161	77.2409
75.6492	76.9887
75.8755	77.3693
76.4587	77.8714
76.6096	78.1973
76.8225	78.2576
77.1258	78.7688
77.1857	78.7959
78.6371	80.4171
78.6425	80.3297
78.6852	80.2591
79.2151	80.9214
79.2521	80.8837
79.2729	81.0255
79.5608	81.3712
79.7062	81.6239
79.7089	81.5469
80.3887	82.0945
80.5933	82.4275
81.0014	82.7382
81.5346	82.989
81.8078	83.4355
81.8564	83.4242
82.6166	84.1943
82.7217	84.718
82.7858	84.7666
82.8103	84.6688
83.2209	84.9519
83.8966	85.4584
83.9326	85.7005
84.327	85.8477
84.4333	86.1318
84.495	86.3522
84.5313	86.2824
85.4846	87.2772
85.5438	87.2976
85.6547	87.321
86.1441	87.7151
86.268	87.7923
86.9022	88.8428
86.9289	89.0156
86.9818	88.6103
87.2814	88.936
87.4673	89.0213
87.747	89.6687
87.7719	89.6597
87.8778	90.0228
87.9664	90.1781
88.0566	90.0905
88.0783	90.2667
88.3883	90.4126
88.6594	90.4721
88.6784	90.2986
89.3458	91.0589
89.3512	90.9571
89.4563	90.9706
89.6279	91.3228
89.7777	91.6217
89.8759	91.612
90.2475	91.6636
90.3581	91.9062
90.4944	92.2776
90.5001	92.1328
90.6129	92.3511
91.0235	92.542
91.2533	92.7885
91.2971	93.0259
91.4852	93.1047
91.873	93.8098
91.8858	93.611
91.8945	93.6307
92.1924	94.0852
92.2099	94.1119
92.3951	94.4692
92.4073	94.6836
92.4182	94.5355
92.4726	94.7168
92.51	94.8658
92.722	95.0418
92.9142	94.9529
93.0032	94.9508
93.4936	95.0189
93.5636	95.2986
93.7016	95.3623
94.0755	95.6248
94.1322	95.5231
94.3327	96.0048
94.4559	96.2066
94.5151	96.2181
94.8065	96.4277
94.8315	96.4845
94.9921	96.5865
95.3656	96.9886
95.6751	97.1448
96.0248	97.5735
96.2383	97.8984
96.4062	98.5697
96.4161	98.5089
96.5557	98.685
96.5835	98.8321
96.7129	98.9734
96.7219	98.9672
96.7235	98.9471
97.2347	99.2026
97.2689	99.0122
97.5568	99.2049
98.4231	100.0914
99.0882	100.6371
99.539	101.1695
99.6608	101.1369
99.7604	101.6192
99.7874	101.6905
100.3528	101.9082
100.888	102.4008
101.0771	102.5833
101.5084	103.0908
101.834	103.5115
101.9338	103.5579
102.2069	103.835
102.598	104.3169
102.6678	104.0965
103.4785	105.0148
103.7212	105.4314
103.7714	105.421
103.9215	105.4402
104.0502	105.602
104.2892	105.6968
104.4583	106.0429
104.4609	106.0229
104.8295	106.4133
105.0203	106.5425
105.7582	107.5274
105.8879	107.7708
107.0037	108.9276
107.0831	108.9415
107.329	109.5197
107.371	109.3627
107.4215	109.2141
107.9317	109.5099
108.019	109.8312
108.0403	109.9295
108.0877	109.9615
108.1137	110.0987
108.1896	110.2229
108.4631	110.2691
108.5752	110.4726
108.6341	110.7306
108.8649	110.6554
108.9061	110.9704
109.0261	110.7623
109.1335	110.823
109.3891	111.0102
110.0246	111.7069
110.0299	111.6011
110.3576	112.0283
110.3806	112.3073
110.4742	112.3195
110.4745	112.1519
110.4817	112.4696
110.8101	112.5946
111.0923	112.9419
111.1107	113.0221
111.3684	113.2344
111.3767	113.2925
111.5474	113.3303
111.8323	113.3063
112.1197	113.6897
112.3787	113.9606
112.71	114.1626
112.7404	114.392
112.9802	114.6211
113.2199	114.6691
113.7126	115.1821
114.5044	116.1081
114.539	116.1669
114.8026	116.6254
114.9336	116.582
115.32	116.7043
115.5677	117.1196
115.609	117.4878
115.6348	117.844
115.8679	117.7093
116.0818	117.8093
116.683	118.4986
116.6935	118.2257
116.7487	118.669
116.8893	118.6653
117.11	118.7888
117.17	118.7806
117.6447	119.3123
117.6472	119.221
117.9689	119.5644
118.0254	119.7317
118.1892	119.9428
118.4156	119.9587
118.5952	120.6517
118.6177	120.575
118.679	120.7186
118.7075	120.8254
118.7745	120.7431
118.8531	120.8511
119.5611	121.0453
119.591	121.2015
119.9585	121.4907
120.0172	121.5982
120.7934	122.325
121.1166	122.5313
121.3217	122.9683
121.3409	123.1702
121.357	123.0542
121.8263	123.3543
122.089	123.6386
122.613	124.321
122.8356	124.4994
123.0869	124.6766
123.2779	125.4144
123.2973	125.3987
123.318	125.7573
123.3438	125.6807
123.4422	125.5947
123.6941	125.8398
123.7454	126.016
123.7817	126.1203
123.9569	126.3248
124.8384	126.3151
125.0107	126.5596
125.1826	126.6767
125.2881	126.6738
125.7653	127.3188
126.1034	127.6926
126.2431	128.0501
126.2862	128.0116
126.2909	128.089
126.4845	128.1228
126.4997	128.2088
126.8599	128.3848
127.87	129.5929
128.1521	129.8166
128.2185	130.1429
128.3021	130.1251
128.7212	130.4199
129.021	130.745
129.0646	130.7322
129.6885	131.4045
129.8458	131.4144
130.6723	132.2908
130.6879	132.369
131.1966	132.6839
131.2524	133.0106
131.3908	132.7749
132.0749	133.7063
132.6205	134.4587
132.645	134.5215
132.6889	134.2353
132.9088	134.7235
133.0921	134.6944
133.8069	135.4188
134.1848	135.8229
134.4218	136.0215
134.439	136.3278
134.6157	136.4086
134.7121	136.3701
134.7871	136.4208
135.1789	136.952
135.1938	136.9483
135.2106	136.9862
135.5569	137.0979
136.4111	138.0364
136.4694	138.3035
136.6228	138.1038
137.8703	140.2382
137.8982	139.9611
137.9232	140.1922
138.0418	140.2187
138.4014	140.0976
138.4813	140.2987
139.6048	141.1311
139.702	141.203
139.8258	141.3074
139.9766	141.7154
140.1962	141.9827
140.1972	141.9282
140.8007	142.4175
140.8513	142.4922
141.0512	142.632
141.1031	143.0136
141.145	143.053
141.2702	143.2231
141.3622	143.2683
141.5798	143.7552
141.6069	143.5779
141.7901	144.077
141.8517	143.9607
141.9631	144.0225
142.477	144.178
142.5147	144.4765
142.7407	144.4956
143.4579	145.1143
143.4629	145.1355
144.0062	145.4785
144.3774	145.9148
144.5554	146.3347
144.6849	146.2491
144.898	146.5942
145.2965	146.9132
145.4073	146.8869
145.4434	147.0356
145.525	147.2774
145.6977	147.6604
145.7499	147.7314
145.8375	147.4108
147.0981	148.5547
147.4696	149.215
147.4825	149.4491
147.5266	149.6568
147.708	149.7141
147.8221	149.4364
148.4627	149.9793
148.4839	150.2549
149.5753	151.2433
149.5967	151.1873
149.9786	151.4167
150.7617	152.2766
150.7893	152.6542
150.8845	152.8248
151.2449	152.8502
151.371	152.9785
151.4687	153.1536
151.5425	153.3964
151.5673	153.3928
151.9366	153.6844
152.4102	153.9084
152.4947	154.6025
152.5228	154.6638
152.6344	154.8412
153.0303	154.9308
153.0674	155.0279
153.3512	155.1359
153.6286	155.3332
153.6331	155.3202
153.8456	155.4981
154.0788	155.9274
154.2374	155.9503
154.3219	155.9194
154.3598	155.9482
154.5321	156.0545
154.7505	156.6704
154.763	156.5751
155.1793	156.7859
155.2306	156.916
155.7311	157.1216
156.0148	158.0874
156.0486	157.9255
156.115	158.3461
156.3632	158.1908
156.4116	158.3688
156.7235	158.2791
156.8148	158.4105
156.8887	158.4528
157.1661	158.8415
157.238	159.2277
157.3226	159.3839
157.3764	159.2937
157.4265	159.5406
157.5214	159.3366
157.8299	159.5613
158.0879	159.6288
158.3542	159.9631
158.7409	160.3222
158.8261	160.6292
159.0669	160.4657
159.2131	161.0269
159.2668	161.0304
159.3324	161.2795
159.4416	161.2449
159.6012	161.2855
159.841	161.421
160.0632	161.7639
160.4066	162.0146
160.4939	162.1921
161.3206	162.861
161.5119	163.2916
161.5146	163.1011
161.5951	163.4193
161.6892	163.5259
162.5588	164.1832
162.6429	164.2311
162.8606	164.3587
162.933	164.7691
163.0356	165.3825
163.1238	165.0926
163.1778	165.2634
163.2619	165.3105
163.5645	165.4324
163.7951	165.7792
163.8413	165.6958
164.0146	166.1178
164.1371	165.8237
164.156	166.1734
164.544	166.2116
164.6179	166.5388
164.7041	166.9243
164.8283	166.6945
164.8395	166.8434
165.5718	167.4984
165.63	167.3683
165.6708	167.7227
165.7822	167.7004
165.9681	167.516
166.1811	167.8296
166.4964	167.9616
166.5174	168.4106
166.6544	168.443
166.7159	168.2343
166.92	168.6369
167.1588	168.6914
167.3476	168.9507
167.5287	169.0306
167.7675	169.2284
167.8004	169.4411
168.0842	169.5703
168.3782	169.884
168.4852	170.0391
168.6971	170.4238
169.2095	170.8888
169.3951	171.0449
169.4123	171.2624
169.5629	171.0556
169.9979	171.4657
170.6819	172.4347
170.7774	172.6936
170.8753	172.883
170.908	172.8345
171.0626	172.9259
171.8164	173.3321
172.0966	173.8459
172.1017	173.5749
172.7088	174.0779
173.0244	174.9847
173.2001	175.0639
173.2382	175.1529
173.588	175.1347
173.7199	175.2907
173.8147	175.2637
174.026	175.5966
174.3805	175.7198
174.5993	176.2074
174.6624	176.2019
174.8448	176.3723
174.8709	176.6354
175.4087	176.8431
175.5108	177.096
175.5622	177.1592
175.7355	177.2419
176.6305	178.468
176.6573	178.416
176.957	178.856
176.9855	178.775
177.1505	179.0674
177.7095	179.2118
177.8079	179.2878
178.0403	179.5472
178.1952	179.7991
178.5511	180.1781
178.8859	180.5142
179.0478	180.6047
179.2189	180.8132
179.2911	181.1263
179.3717	181.0379
179.7121	181.3168
179.7271	181.2686
179.8898	181.4598
179.9511	181.7172
180.1459	181.9757
180.146	182.146
180.2081	182.0373
180.4588	182.4463
180.6439	182.833
180.7874	182.7815
180.8032	182.7054
180.8713	183.2206
180.9041	183.18
180.9293	183.1311
181.2573	183.1347
181.3037	183.1067
181.5604	183.5561
181.6051	183.4107
181.7527	183.721
183.1074	184.6553
183.151	185.0071
183.3674	184.9492
184.5647	185.9724
184.7282	186.2039
184.856	186.3841
184.9625	186.4591
185.3925	186.955
185.5338	187.2009
185.76	187.2671
185.9377	187.5217
186.0684	187.7353
186.248	187.7076
186.3939	188.0098
186.5269	187.9238
187.0055	188.4547
187.4295	188.832
187.6583	189.5273
187.6818	189.586
187.7631	189.5367
187.8141	189.6701
187.9567	189.7597
188.2963	189.8773
188.313	190.0306
188.3758	189.9839
188.6062	190.2223
188.7683	190.2583
189.3256	191.1857
189.3387	191.1939
189.7235	191.2024
189.9916	191.5575
190.1253	191.7516
190.2821	191.8608
190.4427	192.0214
190.485	192.1802
190.7095	192.2402
191.2037	192.6784
191.3605	193.0139
191.3747	193.0133
191.5963	193.3774
191.6808	193.3676
191.7428	193.3791
192.2145	193.8786
192.4244	194.0379
192.9456	194.4336
193.2907	194.8291
193.3023	194.8841
193.6391	195.2879
193.6486	195.3957
193.8686	195.5648
193.9268	195.7232
193.9632	196.0116
194.0686	196.0533
194.14	196.2848
194.3852	196.2697
194.4155	196.2898
194.4701	196.2861
194.6385	196.2347
195.1399	196.7627
195.1948	196.7939
195.2813	197.0733
195.2977	196.8002
195.5037	197.3785
195.5374	197.1668
195.6757	197.4487
195.8613	197.849
195.8929	197.9295
195.9351	197.7888
196.0834	198.1957
196.2083	198.2685
196.5071	198.207
197.2978	198.7263
197.6028	199.2063
197.6168	199.1898
197.7616	199.3941
198.346	199.9432
198.348	200.0084
198.7688	200.4025
199.1226	200.7302
199.5436	201.0943
199.8019	201.2969
199.8474	201.5325
199.8955	201.5417
200.605	202.2606
200.6509	202.2638
200.7387	202.4767
201.0648	202.5853
201.1854	202.7582
201.2172	203.0756
201.2234	203.0648
201.2469	203.1754
201.497	203.2787
201.7678	203.3858
201.8499	203.5711
202.2432	203.666
202.555	203.9986
203.0076	204.4959
203.0852	204.8875
203.0945	204.7679
203.3631	204.877
204.1765	205.6894
204.5066	206.1274
204.5517	206.2056
204.6535	206.4031
204.8452	206.8198
204.8621	206.6422
205.3001	206.8248
205.773	207.3817
206.6083	208.0715
206.8462	208.2428
207.243	208.8333
207.2596	209.118
207.2639	208.9903
207.3665	209.0211
207.6397	209.2388
207.8068	209.4011
208.6071	210.3853
208.7483	210.7284
209.0428	210.5155
209.2575	210.9329
209.2945	210.8423
209.6325	211.0499
209.9767	211.5154
209.9848	211.4318
210.2038	211.9734
210.2362	211.9367
210.2738	211.8042
210.7011	212.3689
210.8543	212.4886
211.0016	213.3341
211.2139	213.121
211.2951	213.4136
211.5735	213.2481
212.2351	213.893
213.5965	215.3675
213.6493	215.6989
213.692	215.387
213.9348	215.5761
214.0576	215.8388
214.1922	215.6801
214.462	216.099
215.1615	216.8282
215.3057	216.8583
215.655	217.3009
215.6553	217.4198
216.2152	217.7479
216.7129	218.1783
216.9858	218.5951
218.3974	220.1917
218.4152	220.046
218.5954	220.1817
218.6648	220.1535
219.0939	220.7091
219.7328	221.3798
219.8128	221.6166
219.816	221.8579
219.8336	221.9208
219.9719	221.8381
220.1269	221.6851
220.5062	221.8526
221.5439	223.2163
221.5587	223.168
221.8438	223.4165
221.9962	223.6819
222.0793	223.6766
222.5793	224.2131
222.6005	224.5557
222.6444	224.6236
222.7203	224.4524
223.5227	225.1774
223.963	225.5345
224.4152	226.0113
224.5549	226.2783
224.9252	226.6861
224.9553	226.8102
225.0018	227.0411
225.0429	227.3623
225.0431	226.9421
225.5232	227.3674
225.5468	227.4471
225.9248	227.8497
225.9332	227.6982
226.0153	227.7155
226.2947	227.8877
226.6189	228.2407
226.9423	228.6396
227.2292	228.7192
227.9314	229.6895
227.9492	229.7449
227.9626	229.8885
228.1787	230.0231
228.6657	230.2378
228.7195	230.2701
228.821	230.5869
229.0075	230.7073
229.0777	230.9513
229.1309	230.8501
229.4702	231.0709
229.5297	231.2187
229.5542	231.2388
229.9167	231.5947
230.1928	231.8205
230.454	231.9972
230.5235	232.2746
230.705	232.2213
230.8099	232.7275
230.8378	233.0338
230.8853	233.0007
231.109	233.1039
231.2345	233.2983
231.3096	233.3239
231.463	233.6201
231.7035	233.9522
231.7581	234.1013
232.2845	233.6811
232.462	234.2198
232.4877	234.3055
232.6414	234.4279
232.6795	234.3863
232.7943	234.6449
232.9693	234.8973
232.9815	234.8976
233.1228	234.9498
233.1931	235.0343
233.5889	235.4288
233.6494	235.1325
233.867	235.4888
234.3209	235.87
234.4105	236.0677
235.03	236.7091
235.1587	236.8756
235.2174	236.8011
235.5618	236.9509
235.6975	237.2417
235.7714	237.2635
236.1871	238.0472
236.2404	237.8044
236.4399	237.9991
236.7014	238.2732
237.4011	239.059
237.5066	238.9992
237.8679	239.5533
238.2206	239.6849
238.4119	240.1023
239.1292	240.799
239.4988	241.1501
240.0737	241.6161
240.1029	241.5255
240.2982	241.9207
240.477	242.2349
240.6021	242.3056
240.7748	242.4335
241.5831	243.1315
242.1869	243.7803
242.2302	243.8444
242.5115	244.0474
242.7398	244.7328
242.7426	244.9076
242.7557	244.555
242.807	244.9912
243.1692	245.0239
243.2498	244.9174
243.8601	245.4543
243.9804	245.5743
244.4427	246.01
244.7234	246.3591
244.8539	246.537
245.0049	246.7869
245.0303	246.9054
245.2878	246.987
245.5794	247.2756
245.91	247.6109
246.0793	247.6369
246.1389	247.7983
246.237	247.8414
246.4133	248.1125
246.4509	248.1012
247.147	248.541
247.1832	248.9557
247.3129	248.7574
247.5498	249.2223
247.6492	249.2673
247.823	249.6221
247.8616	249.7546
247.8929	249.8838
248.0318	249.8245
248.279	250.0415
248.767	250.3042
249.0718	251.0736
249.0885	251.3005
249.1353	251.1608
249.1487	251.2788
249.2676	251.6432
249.2774	251.6188
249.4526	251.6405
249.5638	251.6464
249.8981	251.9322
250.3783	251.9208
250.65	252.2462
250.7925	252.7397
250.8613	252.8326
250.879	252.7251
250.996	253.0652
251.1794	253.1722
251.2456	253.3125
251.2758	253.4976
251.3331	253.4805
251.5417	253.7183
251.6987	253.7723
252.0004	254.1146
252.3272	254.549
252.4716	254.4247
252.5826	254.6612
252.7868	254.7147
253.2344	254.7956
253.8274	255.4635
253.8874	255.5389
254.088	255.6871
254.4633	256.1211
254.773	256.4603
254.9495	256.4681
254.9686	256.6906
255.1732	256.8455
255.5508	257.0522
255.5836	257.3156
255.9524	257.4455
256.2346	257.7854
256.326	257.8059
256.4594	258.0244
256.4595	258.0933
256.7629	258.3474
257.1688	258.8971
257.2796	258.666
257.39	258.901
257.5932	259.1807
257.728	259.236
257.9732	259.5749
258.1722	259.8958
258.2015	259.9782
258.4846	260.0957
258.5965	260.0675
259.1092	260.5734
260.1267	261.654
260.4168	261.8687
260.5055	262.0703
260.8404	262.4988
260.8439	262.396
261.008	262.6531
261.1358	262.6111
261.4361	262.9816
261.5118	263.0524
261.601	263.4883
261.6288	263.4885
261.7937	263.3778
262.3521	264.0714
263.159	264.5357
263.6252	265.246
263.7044	265.3973
263.7207	265.3554
264.1492	265.6979
264.5193	265.9704
264.751	266.0989
264.83	266.4562
265.19	267.0844
265.2325	267.1016
265.6726	267.216
265.675	267.3267
265.8027	267.4011
266.0062	267.5193
266.079	267.635
266.3742	267.8274
266.838	268.3884
266.9452	268.7353
267.0291	268.6848
267.4755	269.3458
267.5284	269.1323
267.7134	269.3321
268.1639	269.5986
268.4266	270.048
268.4466	270.2008
268.4729	270.2839
268.6581	270.2699
268.8634	270.5282
269.0365	270.6018
269.2469	271.078
269.3739	271.0713
269.3757	270.979
269.7061	271.2141
269.9001	271.4178
269.9491	271.7547
270.01	271.6151
270.1518	272.0605
270.3537	272.8096
270.3732	272.69
270.4174	272.9239
270.4948	272.7962
270.5489	272.9135
270.5523	273.0175
270.6117	273.2581
270.7014	273.2816
270.8164	273.3021
270.9282	273.5985
270.9414	273.3761
271.3429	273.5921
271.3701	273.524
271.562	273.3026
271.7743	273.6884
272.0348	273.5629
273.1302	274.6203
273.2733	274.9089
273.2766	274.9782
273.5757	275.1993
273.7586	275.3538
273.888	275.3325
273.9927	275.5263
274.0483	275.847
274.1125	275.9398
274.2172	276.0667
274.3382	276.218
274.5347	276.5217
274.5523	276.5241
274.9165	276.4269
275.0522	276.4988
275.092	276.6581
275.4215	276.951
275.6622	277.1905
275.8448	277.2996
276.3487	277.902
276.3547	277.9369
276.5195	278.3933
276.6106	278.6013
277.1858	278.6843
277.7952	279.4542
277.8149	279.7075
277.8757	279.6796
278.1339	279.9292
278.4327	280.0664
278.4653	280.0013
279.277	280.8431
279.7163	281.7332
279.7185	281.555
279.8069	281.6649
279.9281	281.7013
280.1724	282.213
280.3101	282.2768
280.4068	282.4171
280.4767	282.4652
280.4883	282.5272
280.881	282.4306
281.0239	282.6807
281.1011	282.7566
281.4656	283.0187
281.4769	283.3445
281.6105	283.6763
281.6632	283.6615
281.7503	283.7048
282.2429	283.8573
282.2704	284.005
282.33	284.1469
282.459	284.5157
282.524	284.7479
282.6591	284.7371
283.0045	284.5507
283.4907	285.1841
283.8596	285.3916
283.8923	285.4883
284.171	285.9227
284.3228	285.8025
285.1981	286.6531
285.2381	286.7196
285.5208	287.0413
285.759	287.398
285.8204	287.4264
285.858	287.507
286.3791	288.4931
286.5329	288.8247
286.5333	288.8379
286.6234	289.188
286.6583	289.2107
286.7023	289.0848
287.1146	289.1454
287.1374	288.9898
287.4726	289.3959
287.4747	289.3091
287.6985	289.7506
287.7237	289.5156
287.9745	289.8328
288.4819	290.0162
289.021	290.8804
289.1935	291.2367
289.3554	291.2065
289.9787	291.8711
289.9984	291.5772
290.1102	291.7629
290.193	291.8451
290.654	292.1085
290.858	292.3579
291.1082	292.5856
291.6864	293.1877
291.9982	293.4871
292.1884	293.823
292.1926	293.8546
292.565	294.1662
292.6664	294.1941
292.8344	294.4051
292.8949	294.3733
293.1	294.5575
293.6569	295.2045
294.5855	296.2895
294.6466	296.4339
294.6587	296.3815
294.7364	296.8159
295.035	296.6609
295.2895	296.7644
295.4534	297.0427
295.5879	297.1857
295.7455	297.4465
295.794	297.5498
295.9819	297.5308
296.3246	297.9785
296.8676	298.4989
296.9335	298.5693
297.0092	298.9254
297.0477	299.091
297.1593	299.2332
297.206	299.4018
297.372	299.3852
297.838	299.6563
298.1357	299.6463
298.1971	299.8527
298.4133	299.9245
298.5485	300.4067
298.7969	300.4257
298.9945	300.5155
299.4967	300.9188
299.6506	301.4333
299.6755	301.3772
299.7369	301.5252
300.0641	301.7351
300.6125	302.0768
300.8461	302.422
301.0062	302.4517
301.2175	302.9595
302.4006	303.8116
302.6003	304.2228
302.9345	304.3901
303.0435	304.6904
303.2422	304.6134
303.6882	305.1743
303.9498	305.3051
304.2076	305.7674
304.4655	305.9528
304.7269	306.1753
305.0861	306.535
305.5314	306.866
305.7641	307.2643
305.866	307.3311
306.0902	307.6311
306.0975	307.9372
306.5038	308.1018
306.96	308.3553
307.4892	309.0906
308.2528	309.7208
308.3063	309.7859
309.0937	310.9232
309.1111	310.898
309.3464	311.247
309.422	311.4251
309.4457	311.4428
309.5323	311.7028
309.5582	311.4736
309.7098	311.7734
309.7177	311.5683
310.402	311.8961
310.4618	312.0778
310.4939	312.4011
310.7824	312.6336
310.809	312.7073
310.9843	312.7211
311.5324	313.0414
312.1811	313.9295
312.1972	313.8647
313.3674	314.7937
313.6556	315.2419
314.0528	315.6312
314.1339	315.6529
314.4168	315.9219
314.67	316.7052
314.6778	316.4796
314.9045	316.7733
315.1007	316.7333
315.4056	316.9125
315.7577	317.2116
315.893	317.4216
316.0278	317.4385
316.2169	317.7085
316.5899	318.3936
316.6542	318.1269
316.7741	318.3103
316.8399	318.6251
316.9266	318.4552
316.9634	318.7937
317.162	319.3945
317.2494	319.5513
317.3228	319.3133
317.3995	319.4681
317.5584	319.5057
317.6695	319.3863
317.9981	319.4954
318.0962	319.7532
318.097	319.9655
318.2952	319.7188
318.9421	320.3173
320.1363	321.7248
320.5422	321.9528
320.7122	322.1622
320.8428	322.5268
320.8562	322.4021
320.8616	322.7536
321.1756	322.8145
321.296	323.0637
321.5146	323.0135
322.3069	323.9054
322.4823	324.0416
322.5893	324.0908
322.944	324.5257
323.3266	324.9323
323.8142	325.5203
324.0872	325.486
324.1958	325.7357
324.2143	325.9415
324.9177	326.3799
324.9809	326.6024
325.1068	326.6901
325.3024	327.0683
325.4587	327.0345
325.7646	327.3319
326.0183	327.6438
326.1215	327.7784
326.124	327.6049
326.4015	328.1419
326.561	328.1039
326.7833	328.1858
327.3942	329.1687
327.3996	329.4987
327.9465	329.5434
328.576	330.2811
328.6623	330.1744
329.2252	330.8546
329.5456	331.2305
329.6472	331.1765
330.1812	331.6837
330.2183	331.8165
330.2684	332.1372
330.2897	331.8791
330.8159	332.3133
330.8747	332.4827
331.1848	332.6979
331.7756	333.245
331.8143	333.3144
332.1716	333.5367
332.2464	333.9074
332.3352	333.8874
332.846	334.4442
333.1857	334.6713
333.2636	334.6691
333.653	335.1075
334.18	335.7556
334.4374	336.0546
334.4598	336.2798
334.704	336.0962
334.8364	336.4601
335.1771	336.9308
335.2336	336.7569
335.3163	337.0143
335.9923	337.6151
336.4369	337.8789
336.6686	338.3019
336.7915	338.4147
337.2139	338.7055
337.752	339.5933
338.1991	339.5464
338.3069	339.6795
339.0459	340.7045
339.157	340.7516
339.4034	340.9846
339.7547	341.3201
339.7999	341.465
339.8193	341.6533
340.0004	341.7405
340.3103	341.898
340.3564	341.9842
340.5427	342.1447
341.15	342.7447
341.3691	342.9396
341.4412	343.2551
341.6447	343.2601
342.0334	343.5795
342.862	344.2648
343.4028	345.0385
343.4717	345.1471
343.9411	345.4131
344.1515	345.682
344.2816	345.9802
344.5709	346.3809
344.6152	346.3988
344.7618	346.9561
344.8955	347.0476
344.9262	346.8625
345.0564	346.9102
345.4699	347.1103
345.5486	347.2945
345.7989	347.4948
346.105	347.8037
346.1504	347.8077
346.6479	348.5654
346.66	348.4989
346.664	348.6715
346.6803	348.7155
346.6831	348.6334
347.0914	349.0481
347.2106	348.9163
347.2806	349.0002
348.0994	349.7016
348.256	350.2364
348.2722	350.1072
348.3252	350.3388
348.6204	350.3323
348.9033	350.4757
349.0664	350.4296
349.448	351.1389
349.4715	351.1192
349.7642	351.3216
349.8133	351.431
350.2642	351.8558
350.2767	352.0435
350.3725	351.9972
350.6504	352.3071
351.2651	352.9627
351.3369	352.8495
351.5092	352.9869
351.5777	353.1677
351.6502	353.1962
352.1854	353.6506
352.2894	353.9064
352.3271	353.9079
352.4894	354.0798
353.3516	354.9526
353.5629	355.0117
353.667	355.2382
353.7358	355.6777
354.4407	356.0556
354.5639	356.0621
354.6221	356.127
354.8348	356.4204
354.8404	356.6544
355.1184	356.7284
355.1371	356.9101
355.311	357.1051
355.4298	357.1625
355.4543	357.1581
355.6735	357.4988
355.8038	357.4769
356.0369	357.805
356.2801	358.0108
357.0049	358.3161
357.2846	358.8006
357.7784	359.2445
358.0626	359.7278
358.084	359.8597
358.3052	359.9739
358.4718	360.0755
358.5431	360.4852
358.7534	360.866
358.7596	360.8089
358.8366	361.1828
358.9537	361.4125
359.0662	360.992
359.2642	361.37
359.4517	361.256
359.7966	361.5045
359.831	361.472
360.2896	361.7049
360.4566	362.0413
360.5409	362.1353
360.7107	362.1501
361.0368	362.5954
361.2619	362.6007
361.3597	363.2685
361.4504	363.3483
361.9199	363.4662
362.0643	363.6763
362.5489	364.0289
362.8663	364.4578
363.4922	365.0737
363.5844	365.3104
363.663	365.2208
363.8147	365.5566
363.8285	365.5009
364.2102	365.8137
364.2826	365.9082
364.447	366.3173
364.5313	366.075
364.661	366.4
364.7071	366.5769
365.3072	366.8449
365.3999	367.3403
365.6494	367.3694
365.8623	367.3956
366.0847	367.6192
366.3551	367.911
366.6575	368.2435
366.8471	368.2529
367.3181	368.957
367.3577	369.0217
367.5329	369.6665
367.6327	369.5511
367.7626	369.8527
367.969	369.6385
368.0226	369.8641
368.8227	370.5858
368.8541	370.7024
369.0589	370.9628
369.1439	370.9339
369.3778	371.3034
369.3892	371.3863
369.4195	371.5581
369.5444	371.5381
369.831	371.6593
369.9245	371.8616
370.0932	371.9669
370.3847	371.9193
370.4975	372.2143
370.6411	372.3994
371.0724	372.5061
371.4993	373.3311
371.5036	373.1677
371.7082	373.3584
371.9063	373.4759
372.1425	373.6947
373.3108	374.8934
373.3493	375.1219
373.7388	375.393
373.9295	375.7807
373.9534	375.667
374.268	375.7982
374.546	376.2209
374.5635	376.7388
374.5772	376.572
374.7364	376.7233
375.0222	376.9143
375.2643	376.943
375.3559	377.0051
375.6481	377.2613
376.0182	377.5136
376.1687	377.8165
376.7286	378.2122
376.8332	378.4335
377.3522	378.7408
377.6248	379.3261
377.6379	379.2211
378.0544	379.5428
378.1326	379.7618
378.1665	379.7466
378.2726	379.9832
378.3582	380.0586
378.396	380.1266
378.5231	380.2633
379.2382	381.093
379.2387	380.9736
379.3437	381.3964
379.6216	381.3437
380.081	381.5922
380.3298	381.9766
380.489	382.1007
380.7008	382.3309
380.992	382.572
381.0897	382.6599
381.3105	382.898
381.5019	383.0655
382.3294	383.8142
382.3777	384.0389
382.5728	384.1542
382.6492	384.4173
383.3785	385.2212
383.3919	385.2957
383.4473	385.2609
383.6466	385.2862
384.2943	386.1579
384.3153	386.1925
384.3309	386.426
384.3849	386.1725
384.9529	386.5266
385.2018	386.8777
385.2921	386.842
385.5466	387.1053
385.5907	387.164
386.2334	387.9902
386.5678	388.3012
386.725	388.3253
387.161	388.6696
387.1757	388.9312
387.2761	389.0646
387.3425	389.1444
387.5263	389.1752
387.9934	389.5981
388.1031	389.6484
388.2316	389.699
388.6289	390.3933
388.6658	390.4143
388.6839	390.4913
389.3141	391.0485
389.3737	391.0445
389.3799	390.9328
389.6847	391.26
390.2491	391.8992
390.3609	392.3815
390.3907	392.4752
390.4667	392.582
390.5929	392.7004
390.9392	392.8095
391.2374	392.8722
391.7691	393.4648
391.8451	393.6161
392.2039	393.86
392.2251	393.8963
392.3571	393.9712
392.4059	394.2085
392.442	394.503
392.7229	394.5055
392.859	394.5454
392.9023	394.6311
393.1769	394.6846
393.4831	394.8196
393.853	395.2519
394.1289	395.7374
394.2544	395.7196
394.3143	395.9045
394.6145	396.4705
394.6166	396.4773
394.6539	396.6487
394.6691	396.7013
394.7434	396.7719
395.1679	397.021
395.4978	397.082
395.584	397.2098
395.6724	397.3933
396.1711	397.5886
396.3702	397.9613
396.8286	398.8847
397.0344	399.1676
397.057	398.9428
397.1503	399.352
397.3768	399.0785
397.8924	399.5083
397.9908	399.3905
398.0974	399.5633
398.2183	399.8721
398.2386	400.0531
399.0846	400.5327
399.4373	401.3891
399.5936	401.3727
400.0871	401.7239
400.1528	401.777
400.4402	401.7908
400.6069	401.9845
400.8644	402.3889
401.5523	403.249
401.9393	403.4622
402.6477	404.209
402.7368	404.233
403.3399	405.2899
403.3522	405.1934
403.8532	405.4236
403.8597	405.6774
404.0542	405.9142
404.0569	405.8233
404.0904	405.8038
404.7967	406.4965
404.8428	406.6601
404.943	407.2175
405.0577	407.3494
405.0659	407.368
405.0965	407.4953
405.3403	408.1153
405.3896	407.9698
405.439	408.2667
405.4563	408.2131
405.5115	408.7687
405.5306	408.5462
405.5566	408.477
405.5878	408.7299
405.7621	408.6738
406.1904	408.9259
406.369	408.8513
406.7766	408.8642
407.024	409.1979
407.14	409.3438
407.1772	409.3903
407.3661	409.8022
407.3858	409.6848
407.4608	409.6778
407.7951	409.9443
408.3161	410.4015
408.3498	410.282
408.5629	410.5219
408.6902	410.7086
408.6957	410.747
409.1211	410.8408
409.4574	411.0709
409.9308	411.4416
410.0914	411.44
410.2166	411.8221
411.0341	412.5407
411.6082	413.0762
412.3547	413.7963
412.5879	414.1208
412.6892	414.2401
413.0613	414.4856
413.191	414.8447
413.2511	414.7167
413.5183	414.9742
413.6676	415.0838
413.8744	415.3403
413.9308	415.6026
414.0279	415.8508
414.0499	415.9449
414.169	415.6397
414.3495	415.8629
414.7634	416.4274
414.8646	416.9858
414.8664	416.9082
414.9007	416.6516
415.2514	416.8462
415.69	417.104
415.7926	417.3167
415.9545	417.6362
415.9802	417.6826
416.0236	417.865
416.2635	417.9191
416.3274	417.9796
416.45	418.1494
416.5047	418.261
417.0342	418.6234
418.0113	419.4187
418.342	419.9963
419.1298	420.5216
419.355	421.1776
419.3557	421.3444
419.4031	421.3011
419.4994	421.3966
419.5737	421.5751
419.6674	421.6881
419.8266	421.8626
419.8828	422.0821
419.9019	422.068
420.258	422.4291
420.2773	422.3923
420.4345	422.7547
420.6282	422.9583
420.6535	423.0558
420.6883	423.2473
420.7249	422.9686
420.752	423.2338
420.8648	423.7107
420.9662	423.2924
421.2025	423.4109
421.2717	423.4339
421.7145	423.6049
421.9787	423.8242
422.1393	423.8144
422.3674	423.8451
422.518	424.0486
422.6706	424.3002
422.7692	424.2847
422.8991	424.6083
423.1445	424.8439
423.2447	425.1248
423.3233	425.0488
423.7413	425.4537
423.7912	425.4937
423.854	425.6577
424.0226	425.7328
424.6663	426.4675
424.7116	426.4027
424.7542	426.5781
424.9025	426.4864
425.6343	426.9481
425.8068	427.1914
425.9617	427.3577
426.0144	427.5321
426.1589	427.9185
426.1769	428.1305
426.3452	428.0978
426.427	428.3019
426.4453	428.2031
426.7959	428.3775
427.1193	428.7541
427.3533	428.919
427.758	429.5809
427.785	429.658
427.9052	429.5593
428.5707	430.5089
428.6414	430.5962
428.8563	430.5349
429.2425	430.755
429.3239	430.8795
429.6687	431.4473
429.6953	431.5095
430.0887	431.6107
430.243	431.6346
430.6071	432.2037
430.83	432.3063
430.8916	432.5289
430.9016	432.3944
431.1771	433.1888
431.219	433.194
431.2322	433.3134
431.3076	433.4628
431.3848	433.4388
431.512	433.5739
431.683	433.8184
431.7352	433.7499
431.8592	434.0898
432.2474	434.1786
432.2606	434.3735
432.8487	434.7008
432.903	434.7019
433.2065	434.9085
433.45	434.8668
434.0767	435.6373
434.3738	435.9856
434.5383	436.0344
434.7719	436.1278
434.8846	436.3206
434.9485	436.477
435.1839	436.8185
435.1875	436.7578
435.3657	436.9046
435.4191	437.0778
435.6938	437.5794
435.8632	437.6223
435.9847	437.5476
436.2463	437.7173
436.3597	437.9646
436.4487	438.0343
436.5297	438.1298
437.1337	438.8012
437.1566	438.5852
437.5772	439.2672
437.707	439.5405
437.824	439.7284
437.8863	440.2292
438.0412	440.1095
438.0689	440.3659
438.1375	440.1397
438.4837	440.275
438.5146	440.3616
438.9484	440.7535
439.0223	440.5481
439.4866	440.9406
439.623	441.4651
439.8337	441.4865
440.2398	441.7069
440.5148	442.2737
440.54	442.6835
440.5827	442.8038
440.6591	442.8265
440.8145	442.6804
440.8758	442.7077
441.643	443.244
441.6829	443.3543
442.1825	443.6247
442.5226	443.9201
442.9851	444.4554
443.5655	445.3772
443.5937	445.6952
443.6869	445.6182
444.1835	445.6417
444.7962	446.4158
444.8556	446.3824
444.9893	446.7479
445.0154	446.6095
445.2163	446.9344
445.3014	446.958
445.7162	447.3221
445.7548	447.5587
446.319	447.8335
446.3444	447.9268
446.9663	448.6262
447.4262	448.9178
447.8505	449.5921
448.8629	450.2627
449.1817	450.816
449.3558	451.0123
449.3855	451.0949
450.5528	451.9776
451.0359	452.7323
451.6063	453.136
451.6261	453.1275
451.8181	453.6791
452.0571	453.8062
452.121	453.8826
452.2266	453.9366
452.4752	454.0765
452.6421	454.3777
452.6829	454.3754
452.7822	454.5745
452.8868	454.4931
453.2689	454.6497
454.2779	455.6576
454.4713	456.1701
454.5034	456.0659
455.1678	456.8998
455.3119	457.0265
455.6554	457.224
455.9362	457.342
456.7078	458.1449
456.7884	458.2156
457.0498	458.7079
457.2801	458.6574
457.5588	459.035
457.6153	459.2994
457.8459	459.7277
457.9403	459.6411
457.9813	459.659
458.7418	460.4324
459.6529	461.1883
459.7464	461.5201
459.9682	461.4684
460.2817	461.9919
460.4445	462.0766
460.8596	462.496
461.3968	462.7949
461.4697	463.3007
461.5257	463.0635
462.0157	463.4633
462.7811	464.4349
463.2189	464.6037
463.3785	464.8726
463.7687	465.3558
463.8339	465.5238
463.8548	465.8051
463.9753	465.8144
464.1725	465.6635
464.4661	466.0545
465.5958	467.3552
466.1405	467.7802
466.2123	467.9532
466.3593	467.8334
466.5678	468.202
466.7786	468.2675
467.2279	468.6535
467.8094	469.2248
468.0555	469.6026
468.2749	469.8033
468.8419	470.4061
469.0156	470.6155
469.7588	471.3596
469.8882	471.5241
470.1687	471.6269
470.4755	471.9525
470.7637	472.3036
471.2383	472.8448
471.3687	473.1202
471.4519	473.1262
471.7409	473.2067
471.8947	473.4305
472.0588	473.5818
472.1776	473.5501
473.2809	474.6562
473.354	475.0256
473.4608	474.9178
473.9098	475.4836
474.3477	476.1388
474.4765	476.366
474.5311	476.3518
474.7816	476.5312
474.9331	476.575
475.0297	477.0284
475.3563	477.0192
475.6813	477.2201
475.7835	477.3426
476.1001	477.6781
476.2386	477.8502
476.2666	477.9264
476.4494	478.3749
476.5235	478.3039
476.917	478.4005
477.1506	478.8077
477.451	478.9248
477.7094	479.1614
477.7351	479.3132
477.8786	479.4927
477.9222	479.55
478.1969	479.6834
478.8765	480.4594
479.4304	480.8797
480.3794	481.7789
480.6965	482.3483
480.8103	482.7314
480.9427	482.9605
481.1605	482.9915
481.3816	482.9252
482.0675	483.5984
482.1747	483.6458
482.9132	484.5338
483.8418	485.4186
483.9228	485.5341
484.0946	485.5566
484.4319	485.8276
484.5518	486.5685
484.6124	486.6867
484.6704	486.741
484.757	486.8239
484.9217	487.1292
484.9367	487.0143
484.998	487.1984
485.1075	487.2893
485.3327	487.3882
485.7019	487.645
485.7969	487.7677
485.9824	487.6855
486.1447	487.9161
486.4143	488.174
486.6918	488.3643
486.7396	488.5571
486.8971	488.322
487.8029	489.4628
488.1669	489.5989
488.278	490.0218
488.5576	490.1283
488.6554	490.0988
489.2367	490.7217
489.6379	491.093
489.7008	491.1698
489.8986	491.5945
490.0023	491.7421
490.0034	491.6714
490.158	492.1377
490.2262	492.0367
490.3062	492.143
490.3362	492.2499
490.7002	492.9137
490.7053	492.7588
490.765	492.6296
490.8431	492.6598
491.0751	492.9217
491.7493	493.2713
493.0238	494.3972
493.5389	495.0826
493.7126	495.2684
493.8362	495.2977
493.9034	495.8664
493.9244	496.1987
493.9518	496.003
494.0391	496.186
494.1212	496.2575
494.2359	496.4469
494.2929	496.8842
494.497	496.8662
494.6115	497.1221
494.7185	497.0769
495.1201	497.0012
495.5736	497.3234
495.6105	497.2625
495.8171	497.4676
495.9292	497.5366
495.9456	497.567
496.5307	498.5536
496.6326	499.0223
496.671	498.9698
496.6791	498.5894
497.1052	498.8677
497.2128	499.1327
497.3642	499.0269
497.4018	498.9583
497.6806	499.2372
497.993	499.4117
498.3255	500.0884
498.4242	500.5637
498.4888	500.714
498.49	500.9679
498.5183	500.9553
498.6932	501.2246
498.7579	500.8603
498.8912	501.2984
499.0386	501.3276
499.3936	501.4278
500.0165	501.6176
500.0298	501.5713
501.2131	502.6148
501.7567	503.2287
502.0165	503.587
502.5728	504.0464
502.7139	504.186
502.9719	504.5978
503.6961	505.2586
504.0298	505.5483
504.2818	505.7039
504.3456	505.9495
504.5866	506.3575
504.6059	506.4418
504.7933	506.2854
505.07	506.8342
505.0917	506.8197
505.3613	507.1679
505.3699	506.8672
505.563	507.2207
506.5207	508.0384
506.7452	508.2031
507.7633	509.4637
507.8037	509.8362
507.8111	509.8933
507.8902	510.0929
507.8967	509.6095
508.1893	509.9066
508.4943	510.1735
508.7897	510.3699
508.8445	510.6237
508.8519	510.5335
509.1064	510.6919
509.1581	510.6748
509.5849	511.2984
509.5984	511.4852
509.6175	511.3653
509.867	511.6621
509.9713	511.7671
510.1227	511.8168
510.5858	512.2197
510.9717	512.5715
511.1877	512.8673
511.2137	512.9733
511.322	513.4817
511.3525	513.3897
511.4227	513.464
511.5645	513.4112
511.9577	513.5982
512.4126	513.8368
512.7383	514.3126
512.8394	514.3307
513.0609	514.5681
513.316	514.8873
513.3282	514.9149
513.6453	515.2935
513.8009	515.4046
514.0346	515.798
514.0688	515.6654
514.1683	515.958
514.321	516.2097
514.3553	516.0659
514.4379	516.2591
515.3069	516.9474
515.512	517.0505
515.6401	517.2428
515.7013	518.0013
515.7062	517.7928
515.7179	517.6411
515.722	517.5978
516.1284	517.9815
516.3274	518.0115
516.333	518.0398
516.7132	518.433
516.7608	518.5083
516.7776	518.5026
517.115	518.5933
517.3227	518.8223
517.5674	519.3046
517.7069	519.4394
517.9161	519.529
517.9627	519.6067
518.0828	519.8622
518.8318	520.5646
518.8539	520.5774
519.0846	520.6549
519.5643	521.0643
519.7969	521.4044
519.9469	521.5598
520.0664	521.4156
520.1888	521.696
520.2846	522.0073
520.2916	522.0749
520.405	522.1612
520.4789	522.3816
520.616	522.6087
520.6492	522.383
520.9253	522.8484
521.1519	523.2943
521.203	523.8355
521.2319	523.5084
521.5453	523.781
521.7108	523.8791
522.0099	523.7475
522.7862	524.318
522.9747	524.3338
523.0571	524.5116
523.2127	524.8125
523.2245	524.775
523.4229	524.8209
523.7209	525.112
524.052	525.6664
524.1271	525.5971
524.1348	525.8316
524.3466	525.7215
524.4478	526.2062
524.4853	526.3501
524.5679	526.3116
524.7455	526.4547
525.0874	526.9589
525.1176	526.9923
525.361	526.8827
525.5844	527.0365
526.1274	527.584
526.3635	528.1052
526.4994	528.1924
526.5633	528.3276
526.6266	528.4748
526.7422	528.5206
526.7926	528.7619
526.9977	528.7701
527.3631	528.9273
527.8381	529.2847
527.9214	529.5306
528.3101	529.848
528.6832	530.348
529.0411	530.487
529.2815	531.1044
529.3453	531.5615
529.3859	531.5075
529.4022	531.3506
529.5304	531.6096
529.5915	531.777
529.8572	531.9154
530.2903	531.9976
530.5175	532.165
530.964	532.4324
532.4531	533.9828
532.6187	534.2688
532.7131	534.5685
533.4699	535.0951
533.7268	535.3732
533.7667	535.2699
534.0398	535.869
534.0497	535.8687
534.1106	536.097
534.223	535.806
535.4496	537.0163
535.6588	537.2469
535.99	537.5574
536.8151	538.381
537.5168	538.9172
537.8882	539.3296
538.0143	539.5732
538.7188	540.2553
539.0801	540.5453
539.3385	540.8268
539.4297	541.184
539.5054	541.3828
539.5088	541.1972
539.9065	541.4535
540.1034	541.608
540.4215	541.9005
540.4882	542.1246
540.5907	542.0625
541.0364	542.6689
541.2147	542.7277
541.473	542.9004
542.3868	543.8292
542.6527	544.131
542.7032	544.373
542.7493	544.301
542.9021	544.489
543.3464	544.8249
543.897	545.4158
544.1734	545.8002
544.3906	546.1289
544.6865	546.2287
544.895	546.7344
544.9504	546.6076
545.3354	546.8572
545.8936	547.359
546.436	547.9962
546.8066	548.3071
547.6104	549.1687
547.6698	549.6175
547.805	549.76
547.9436	549.7565
548.9074	550.5832
548.9149	550.6326
549.6493	551.2071
549.9783	551.901
550.2688	552.2122
550.2714	552.2294
550.4727	552.1891
551.0946	552.4565
551.2	552.7653
551.323	552.9488
551.4925	553.2483
551.5463	553.3033
551.683	553.2486
551.8411	553.3062
552.3924	554.0496
552.824	554.3729
553.0254	554.551
553.1847	554.7026
553.4452	554.9774
553.7348	555.4367
553.9731	555.6582
553.9823	555.6791
554.5958	556.2455
554.7657	556.1836
555.0867	556.7937
555.116	556.6575
555.4519	557.1333
555.6235	557.2216
555.824	557.4942
555.8443	557.8136
555.9161	557.8648
556.1082	558.0595
556.324	557.903
556.7063	558.2118
556.8937	558.6411
556.9307	558.7361
557.253	559.192
557.3179	559.3185
557.3273	559.2895
557.4806	559.3294
558.3781	559.8623
558.6526	560.2796
558.9341	560.6817
558.9936	560.6248
559.3189	560.9222
559.3702	561.1343
560.0725	561.6228
560.6585	562.2153
561.0242	562.7072
561.3138	563.2601
561.4181	563.7147
561.4236	563.6284
561.4548	563.5009
562.2738	563.6922
562.7163	564.1535
562.9274	564.561
563.0333	564.7598
563.0728	564.996
563.1681	565.1031
563.532	565.3939
563.6774	565.2672
563.6932	565.5369
564.3763	565.8906
565.0831	566.6076
565.2114	566.7187
565.2366	566.6337
566.2241	568.2615
566.308	568.0932
566.7479	568.3407
566.8401	568.4268
567.0582	568.4752
567.4381	568.7569
567.5919	569.1058
567.7697	569.3773
568.3485	569.8213
568.4044	569.8728
568.8044	570.3617
568.87	570.213
569.543	571.0456
569.5947	571.3474
569.7244	571.6539
569.8857	571.8278
569.9265	571.9089
570.0904	572.1745
570.2045	572.2456
570.4612	572.462
570.5983	572.9769
570.8316	572.9896
570.986	573.0645
570.9871	572.8975
571.1525	572.7925
571.5808	573.2943
571.642	573.5321
571.684	573.4705
571.8121	574.0257
571.8167	573.9671
572.0143	573.7643
572.2994	574.037
572.4827	574.1649
573.0258	574.642
573.1683	574.6492
573.3983	575.144
573.8566	575.4183
574.0528	575.7129
574.0631	575.8583
574.1575	576.0911
574.4225	576.1856
574.6134	576.5232
574.7364	576.7396
574.7557	576.8369
574.9006	576.9996
574.9143	576.8842
575.0037	577.0281
575.2649	577.2265
575.3545	577.2853
575.4075	577.0545
576.1391	577.7052
576.1595	578.0886
576.2527	578.0803
576.4013	578.1465
576.9924	578.5148
577.0963	578.8285
577.2553	579.0105
577.7054	579.3227
577.992	579.4416
578.2952	579.8532
578.5399	580.1715
578.7246	580.6233
578.9156	580.6388
579.1555	580.8263
579.2332	581.005
579.3125	581.1799
579.3386	581.1168
579.3784	581.4431
579.6923	581.3461
579.9493	581.4231
579.9828	581.7006
580.3796	582.6739
580.4223	582.4287
580.4374	582.5924
580.7295	582.6193
581.009	582.5777
581.877	583.3533
582.1126	583.6495
582.466	584.0904
582.4672	584.007
582.8055	584.6153
582.8273	584.3696
582.9981	584.6316
583.3266	585.0592
583.4859	585.0933
583.7429	585.8135
583.744	585.6195
583.8164	585.6661
584.2747	585.8351
584.3359	586.007
584.371	586.0324
584.8589	586.4516
584.9662	586.3586
585.552	587.2003
585.6261	587.2509
586.4291	588.1355
586.4557	588.1459
586.9472	588.6233
587.0567	588.9549
587.1437	588.9916
587.1999	589.1216
587.4557	589.1545
587.8825	589.4225
588.0571	589.5141
588.2318	589.793
588.3049	589.9572
588.369	590.1087
588.413	590.0439
588.7186	590.1744
588.8105	590.2684
588.885	590.6508
589.0024	590.6457
589.1206	590.7138
589.2437	590.7375
589.9022	591.4863
590.08	591.6575
590.1262	591.8643
590.2112	591.9097
590.8774	592.4778
591.0042	592.565
591.2986	593.1729
591.3243	593.0574
591.801	593.5365
592.2714	593.6394
592.416	593.9327
592.7794	594.23
593.2065	595.1736
593.21	595.0202
593.5013	595.2344
593.5785	595.1808
594.2679	595.8224
594.2943	595.9472
594.7977	596.4807
594.9761	596.559
595.6922	597.2698
595.7571	597.5598
595.8719	597.7936
596.0622	597.6872
596.2451	598.2045
596.408	598.1213
596.4513	598.3602
596.6886	598.5658
596.6911	598.4451
596.9413	598.5716
597.852	599.5266
597.885	599.3738
598.2743	599.8004
598.4018	599.8922
598.6085	600.211
599.1408	600.7142
599.2756	600.9296
599.3147	600.9888
599.5005	601.2379
599.6186	601.4329
599.7843	602.1957
599.7879	602.2863
599.8284	602.1716
599.9161	602.3491
600.0538	602.6663
600.0652	602.8059
600.1032	602.7069
600.1455	602.7639
600.1948	602.8518
600.4239	603.0907
600.721	603.3844
600.8778	603.2572
600.8902	603.5243
600.948	603.5725
600.9669	603.7028
600.9751	603.5873
601.322	603.4129
602.225	603.7069
602.46	604.0456
602.672	604.5242
602.6766	604.2709
602.7686	604.3079
603.2958	604.778
603.3486	605.3452
603.4493	605.0576
603.607	605.3481
604.1957	605.7839
604.2459	605.8945
604.2496	605.9754
604.6144	606.2035
604.8274	606.2522
605.0197	606.5796
605.1904	606.8583
605.2348	607.0715
605.3526	607.4148
605.5717	607.3203
605.7552	607.3327
605.8673	607.5791
605.9788	607.7871
606.1322	607.8828
606.1389	608.0355
606.1782	608.2359
606.2254	608.245
606.5226	609.2618
606.5303	609.2539
606.6703	609.3231
606.7595	609.4022
606.812	609.309
606.8571	609.5129
606.9458	609.5526
607.3315	609.8537
607.4215	609.8192
607.5067	610.0106
607.5293	609.8236
607.7752	610.1236
607.8575	610.291
608.294	610.9961
608.3608	610.9538
608.365	610.7918
608.4761	610.7605
608.5585	611.1229
608.7607	611.0636
608.9043	611.2076
608.9344	611.0836
609.6928	611.6948
609.7177	611.4917
610.5323	612.0315
611.5329	613.1861
611.7277	613.2063
611.7959	613.4293
612.8883	614.9494
612.8979	615.1539
612.9079	615.3429
612.9433	615.1996
613.0187	615.7822
613.0364	615.4705
613.0925	616.0027
613.1329	615.5532
613.1785	615.8562
613.2311	615.6533
613.3472	616.0407
614.0882	615.9801
614.5874	616.0693
614.8116	616.2133
614.8882	616.5025
615.9183	617.5279
615.9459	617.8233
615.9604	617.8647
616.0438	618.0197
616.3633	618.0373
616.5357	618.1767
616.6113	618.4292
616.6454	618.7195
616.8468	618.6823
616.8727	618.7735
616.9219	618.7135
617.1274	618.8019
617.4047	619.0799
617.5809	619.2429
617.7279	619.1613
617.746	619.3526
617.8753	619.5267
618.1573	619.6868
618.3222	620.0408
618.6017	619.9894
619.0847	620.7649
619.1278	620.8329
620.283	621.9529
620.7981	623.0216
620.8004	623.2091
620.8326	623.0968
620.9383	623.1438
620.9879	622.9691
621.0396	622.9681
621.6524	623.2727
621.6867	623.4213
621.8007	623.2533
622.1461	623.763
622.5912	624.0028
622.8466	624.4623
622.939	624.305
623.3748	624.8989
624.0378	625.6785
624.1444	625.6066
624.2342	625.9221
624.4296	625.9274
624.8983	626.4859
625.2785	626.7653
625.5236	627.0397
625.5621	627.4214
625.5648	627.3018
625.9681	627.4791
626.2321	627.9863
626.383	627.9083
626.7423	628.1453
627.1419	628.6525
627.39	629.1603
627.4959	629.1465
628.4244	629.9181
628.6956	630.4541
628.7345	630.4389
628.9852	630.5743
629.0177	630.8017
629.1117	630.8383
629.678	631.1629
630.1807	632.0354
630.2052	632.114
630.2273	632.1696
630.3324	632.3604
630.4187	632.3946
630.5641	632.5615
630.5664	632.6003
630.7524	632.8288
630.8178	632.8895
630.995	632.6933
631.3418	633.2476
631.4514	633.3549
631.581	633.277
631.9394	633.6245
632.0545	633.5407
632.3625	634.0868
632.7244	634.3527
632.8153	634.4607
632.905	634.4311
633.0406	634.6869
633.1019	634.9936
633.1796	634.9765
633.3389	635.3831
633.3968	635.284
633.4776	635.4667
633.6388	635.6595
633.9185	635.6687
634.0188	635.6244
634.4622	636.1273
636.1583	637.6516
636.2582	637.8829
636.339	638.0953
636.5162	638.0917
636.6131	638.0921
637.0951	638.5733
637.4121	639.0446
637.5704	639.1829
638.7213	640.3462
638.9848	640.6269
639.5751	641.1265
639.5992	641.8292
639.7354	641.6525
639.9266	641.7832
640.1103	641.875
640.3323	641.899
641.1361	642.6291
641.9159	643.6305
642.7654	644.3779
643.4777	645.3068
643.5232	645.5547
643.532	645.6881
643.6274	645.7494
643.8384	645.7003
644.4012	646.0048
644.4668	645.9831
644.5553	646.1975
644.6647	646.2747
645.0595	646.8608
645.1477	646.8337
645.2004	647.0308
645.7315	647.4181
646.1505	647.6558
646.4673	647.8029
646.8089	648.2998
646.9444	648.3849
647.6239	649.3552
648.5876	650.1296
648.8745	650.4711
649.0138	650.9114
649.0139	651.0287
649.1108	650.9665
649.3314	651.1111
649.4619	650.8347
649.9112	651.4291
650.0635	651.594
650.0856	651.7097
650.2164	651.8505
650.3554	651.8603
650.8498	652.5503
650.8504	652.4343
651.2725	653.0698
651.284	652.8176
651.2965	653.0013
652.0508	653.5905
652.5501	653.9862
652.5575	654.1359
652.8755	654.4827
653.0353	654.6978
654.3671	655.7473
654.459	655.9298
654.6657	656.5179
654.6863	656.4524
654.7754	656.4416
655.0788	656.5292
655.3311	657.0136
655.418	656.9994
656.0317	657.6513
656.1324	657.9545
656.2254	658.0466
656.2517	657.9858
656.5745	658.1275
656.7253	658.2071
656.8784	658.4541
657.1005	658.677
657.1973	658.7114
657.232	659.0455
657.3272	658.9144
657.9212	659.2782
658.4773	659.9905
658.4922	660.1515
658.7754	660.269
658.9845	660.5002
659.6209	661.1348
659.759	661.3222
660.0874	661.5794
660.0967	661.9875
660.1476	661.907
660.3564	661.9911
660.9804	662.4468
661.7685	663.3061
661.7689	663.6187
661.8913	663.57
662.0617	663.5532
662.2781	664.1156
662.3192	664.1198
662.3412	663.9212
662.4463	663.9881
663.4693	665.1253
663.6938	665.2505
664.0619	665.6033
664.2121	665.8798
664.2549	666.0302
664.3242	666.3154
664.4182	666.4508
664.7337	666.8412
664.8414	666.8805
664.8473	667.004
665.2462	667.118
665.4779	667.0848
665.5733	667.2812
665.5977	667.2367
665.7325	667.4117
665.8197	667.516
665.9849	667.5223
666.2303	667.9263
666.2502	667.8964
666.7487	668.3896
666.8085	668.3069
667.0741	668.8216
667.5892	669.2922
667.6229	669.3454
667.6497	669.4447
667.8317	669.3235
668.0776	669.8243
668.1398	669.8599
668.5905	670.1369
669.6447	671.0248
669.8557	671.5199
670.2086	671.7058
670.4457	671.9042
670.9164	672.438
671.0005	672.8902
671.101	672.9655
671.1666	672.9998
671.4409	673.0404
672.0758	673.5305
672.3012	673.8988
672.44	673.9332
673.0315	674.6994
673.5155	675.0412
673.7232	675.2907
673.9567	675.8302
674.1204	675.7031
674.5182	676.1108
675.1281	676.4836
675.7821	677.3252
676.5228	678.0762
676.6364	678.1362
677.0108	678.7601
677.0455	678.9526
677.1202	678.9054
677.3818	678.8838
677.6265	679.1977
677.8284	679.5715
677.889	679.4493
678.0694	679.5108
678.3305	679.7596
678.4345	679.9874
678.5678	680.2031
679.2176	681.0027
679.242	680.7499
679.9083	681.5349
680.0085	681.7585
680.0702	681.7394
680.4356	682.0906
680.5469	682.261
681.3066	682.9501
681.6798	683.1754
682.2997	684.168
682.3701	683.8953
683.083	684.4544
683.501	685.1256
683.5327	685.3158
683.8165	685.309
684.0515	685.7924
684.6077	686.0298
684.8767	686.6895
684.8819	686.5311
685.5949	687.0676
685.7939	687.5697
686.5207	688.0281
686.8346	688.4841
686.9003	688.4655
687.4005	689.1779
687.6002	689.1402
687.7497	689.3522
687.9014	689.5711
688.4682	689.964
689.3009	690.9397
689.9218	691.6817
689.9486	691.6011
689.9679	691.8776
689.9909	691.9543
690.9199	692.5182
690.9493	692.786
690.9774	692.6077
691.5099	693.1661
692.2489	693.8323
692.8929	694.4081
693.0867	694.6556
693.3177	694.8681
693.5579	695.0318
693.7048	695.1532
693.8313	695.3535
694.0588	695.6711
694.3011	695.808
694.4513	695.9581
694.537	696.1488
695.5817	696.9822
695.8995	697.4003
695.9838	697.5342
696.312	697.8439
696.5694	697.9471
696.9968	698.4265
697.1068	698.7392
697.1617	698.7336
697.3232	699.0368
697.4606	699.0138
698.3637	699.8997
698.9214	700.5886
699.0479	700.5529
699.148	700.6131
699.5184	700.9651
699.7184	701.4155
699.9503	701.5017
700.0917	701.6582
700.3769	701.7411
700.5108	702.3168
700.5142	702.5424
700.5333	702.5024
700.6713	702.6255
700.8321	702.7247
700.8887	702.9735
700.9379	702.7268
701.2509	703.0617
701.4356	703.0142
701.897	703.4539
702.0678	703.648
702.3817	703.7664
702.6674	704.2981
702.6678	704.2841
702.8496	704.4288
702.9618	704.5261
703.2373	704.9674
703.2609	705.2359
703.3522	705.2368
703.8324	705.3502
704.3463	705.8795
704.6559	706.2829
704.6787	706.2799
705.275	706.9258
705.4365	707.0676
705.6419	707.2128
705.7565	707.5278
705.8339	707.5172
706.3538	707.9845
706.5413	708.1614
706.5879	708.1807
707.0139	708.5154
707.3216	708.8648
707.4455	709.0221
707.4675	708.9962
708.213	709.7706
708.2957	709.7968
709.1227	710.6458
709.3564	710.8457
709.5288	710.951
709.9371	711.5298
710.0236	711.6331
710.3419	711.7831
710.5457	712.2535
711.5336	712.9847
712.0192	714.0189
712.0329	713.8137
712.446	714.1789
712.4618	714.0826
712.5518	714.1077
712.7522	714.5325
712.7911	714.3556
713.4613	714.9558
713.5334	715.097
714.7411	716.3345
714.9116	716.7134
715.101	716.6188
715.4681	717.0502
715.7397	717.5588
715.7688	717.59
715.7821	717.7047
715.8199	717.6905
716.0117	717.8913
716.2042	717.9309
716.5023	718.3556
716.5321	718.455
716.6219	718.7056
716.632	718.7031
716.9915	718.9393
717.0745	719.0197
717.3975	719.0198
717.6153	719.1327
717.7478	719.1771
718.089	719.6474
718.3681	719.8614
719.6334	721.5383
719.6742	721.7021
719.7331	721.5704
720.0267	721.6119
720.2494	721.8133
720.4779	722.1418
720.8487	722.284
720.9276	722.352
721.2284	722.842
721.2419	722.6732
721.4098	722.8796
721.7317	723.3386
721.9038	723.4521
722.0706	723.5615
722.1897	723.8215
722.2324	723.9541
722.3946	724.366
722.401	724.8042
722.4552	724.8083
722.466	724.7267
722.5727	724.6803
722.618	724.5976
722.9728	724.854
723.5602	725.3855
723.6162	725.2892
723.6483	725.3365
723.911	725.4536
724.4777	726.0079
724.9142	726.449
725.1342	726.6922
725.2167	727.3738
725.2177	727.2564
725.2893	727.3939
725.2976	727.4485
725.4025	727.7965
725.5147	727.7383
725.7613	727.6833
726.312	727.8795
726.4681	728.0497
726.5229	728.2116
726.9135	728.7089
726.9704	729.2968
726.9805	729.2215
727.1941	728.8044
727.5604	729.3644
727.6297	729.295
727.6398	729.8198
727.7737	729.7231
727.7824	729.8139
728.0098	729.8106
728.1046	729.8022
728.1941	730.0218
728.6599	730.2505
729.0807	730.6421
729.6992	731.439
729.7629	731.5562
729.8409	731.5465
729.8524	731.7489
730.1788	731.6577
730.2043	731.6788
730.5199	731.8672
730.7041	732.2525
730.7463	732.5749
730.7832	732.5459
731.2832	733.0074
731.3753	733.5127
731.4005	733.2877
731.5517	733.3587
731.8844	733.4474
732.7497	734.344
732.9094	734.5159
733.2164	734.8608
733.2738	734.7794
733.5695	735.1114
733.9222	735.6774
733.9327	735.6733
733.9408	735.7734
734.1316	735.79
734.2336	735.9626
734.5429	736.5036
734.545	736.3211
734.8618	736.5655
735.3374	737.1658
735.3978	737.0499
735.4827	737.2782
735.5466	737.0894
736.2162	737.6961
736.4243	738.1009
736.543	738.2502
736.8679	738.4211
737.1259	738.5787
737.4711	739.0049
737.7714	739.3213
738.4068	740.0453
738.435	740.2572
738.5756	740.3049
738.6985	740.1848
738.9202	740.55
738.9363	740.4251
739.8037	741.4384
740.066	741.7549
741.1641	742.7917
741.3167	743.0298
741.4403	743.0743
741.4959	742.9388
741.8114	743.4067
742.0169	743.6974
742.4764	744.1655
742.5982	744.0642
742.7599	744.2062
742.776	744.2196
743.1285	744.6571
743.3509	744.9513
743.5032	745.1598
743.5729	745.2973
743.8563	745.6275
744.5604	746.1615
744.6528	746.1945
744.8274	746.5959
744.9248	746.8692
744.9702	747.1991
745.0011	747.3199
745.0844	747.6811
745.1155	747.9241
745.1603	747.7712
745.2223	747.9506
745.2748	747.9628
745.6016	747.8364
745.8223	747.5829
746.1779	747.9303
746.6719	748.1597
747.5108	749.1101
748.32	749.7612
748.4556	749.9582
748.7083	750.4006
748.7503	750.5226
748.7832	750.8864
748.7974	750.6481
749.1249	751.0852
749.158	751.1188
749.5154	751.2456
749.5495	751.4391
749.6385	751.6615
749.7404	751.8804
749.7541	751.7406
750.0524	751.6831
750.1087	751.9512
750.1498	751.8015
750.8799	752.296
751.717	753.1528
751.7693	753.3437
751.8898	753.6049
751.9951	753.8635
752.1102	753.7119
752.6026	754.316
752.6664	754.3778
753.2314	754.6691
754.188	755.8582
754.2221	755.8956
754.4416	755.9288
754.478	756.2221
754.8403	756.4115
754.99	756.8149
755.7148	757.5699
755.7201	757.545
755.7372	757.6322
756.4038	757.9424
756.6819	758.1192
756.7978	758.5189
756.9822	758.691
757.1881	758.7805
757.2304	759.001
757.5546	759.3292
757.782	759.2603
758.0549	759.7856
758.0996	759.7456
758.2135	759.8073
758.3478	760.3784
758.4245	760.4181
758.435	760.5205
758.631	760.7619
758.6713	760.9258
758.7119	761.0587
758.7528	760.9972
759.1521	760.8906
759.45	761.1647
759.5368	761.2067
759.8614	761.3451
759.9246	761.3797
760.0647	761.5439
760.5833	762.0722
760.9586	762.486
761.2525	762.9536
761.3119	763.0838
761.3246	762.9656
761.4129	763.2198
761.4315	763.1423
761.9586	763.6304
761.9938	763.6453
762.5828	764.0816
762.615	764.5021
762.6722	764.4728
762.8503	764.5055
763.0022	764.6883
763.2311	764.7294
763.3816	764.7249
764.2779	766.0161
764.3574	766.0399
764.6984	766.1512
764.8809	766.4894
765.5824	767.5725
765.6438	767.3681
766.0057	767.7687
766.2567	767.9561
766.345	767.9322
766.8643	768.4376
766.9524	768.4491
767.2029	768.9265
767.6477	769.0407
768.0833	769.8518
768.0911	769.8703
768.1406	770.2167
768.2859	770.3506
768.3249	770.1634
768.3568	770.1568
768.8357	770.5063
768.8544	770.6444
768.908	770.8653
768.9957	771.0834
769.0382	771.0417
769.4232	771.2577
769.9501	771.3311
770.107	771.6524
770.671	772.4191
770.6812	772.8173
770.7532	772.6145
771.0925	772.908
771.2779	772.8971
771.512	773.1058
771.8628	773.3243
771.9201	773.4874
772.083	773.7545
773.2575	774.6404
773.8616	775.3956
774.0537	775.5281
774.1744	775.7316
774.4043	776.4383
774.4546	776.3553
774.6775	776.5987
775.0308	776.6634
775.612	777.1566
775.6631	777.5889
775.9251	777.54
776.0389	777.7582
776.1302	777.5853
776.5431	778.4849
776.6154	778.5344
776.6596	778.4373
776.8423	778.7284
776.8904	778.6806
777.0095	779.028
777.1019	778.8966
777.3153	779.1012
777.5959	779.2767
777.6304	779.2025
777.9874	779.4846
778.2628	779.7644
778.3283	779.905
778.4911	780.0404
778.6225	780.0483
779.3506	781.0594
779.4362	781.4291
779.5397	781.5118
779.7311	781.7124
780.6499	782.1217
780.8139	782.5383
782.1019	783.6164
782.3636	783.8456
782.6211	784.1119
783.1343	784.4922
783.2048	784.6678
783.2616	784.8723
783.6435	785.2777
784.0373	785.5971
784.4637	785.8566
784.7584	786.6962
784.7656	786.7003
784.7806	786.9825
784.8114	787.0805
784.9636	787.3189
785.1028	787.5194
785.1039	787.5682
785.144	787.6597
785.3076	787.7454
785.3433	787.551
785.503	787.569
785.737	787.6322
785.9004	787.8782
786.5407	788.457
786.5456	788.4583
786.6746	788.7274
787.0479	788.7487
787.2322	788.7644
787.2761	788.8765
787.5424	789.4274
787.5663	789.2275
787.6077	789.3966
787.7697	789.651
787.9089	789.435
788.2405	790.0459
788.2469	790.2078
788.3493	790.4241
788.3541	790.65
788.407	790.6625
788.4907	790.7424
788.6118	790.8041
788.8228	790.9497
788.8523	790.8526
789.0681	791.5073
789.1509	791.4629
789.2132	791.613
789.215	791.583
789.5453	791.9322
789.5808	791.955
789.734	792.3066
789.9485	792.5077
790.0269	792.5514
790.0846	792.9554
790.1022	792.9843
790.1528	793.1098
790.302	793.0285
790.3519	793.2391
790.3792	793.2339
790.6922	793.3706
791.0675	793.5464
791.0859	793.5186
791.1102	793.5937
791.1265	793.9799
791.3584	794.0225
791.7844	794.2234
791.9795	794.1395
792.0445	794.3272
792.1381	794.2505
792.3199	794.3309
793.0385	794.5352
793.0554	794.6289
793.2232	794.9583
793.6402	795.0246
793.7517	795.3781
793.7709	795.4491
793.984	795.5895
794.1966	795.7834
794.4172	796.0338
794.5663	796.1689
795.0904	796.5414
795.1729	796.7522
795.2136	796.7478
795.5311	797.0988
795.6796	797.2076
796.3487	797.8779
796.8331	798.1937
797.0999	798.7439
797.1492	799.0606
797.5281	799.1438
797.6952	799.3131
798.1168	800.113
798.3701	800.5308
799.0453	800.4724
799.1203	800.8327
799.1806	800.603
799.3927	800.8657
799.5684	801.3675
799.5854	801.4004
799.6177	801.5923
800.6158	802.0714
801.082	802.8179
801.1115	802.6681
801.4298	803.025
801.6955	803.3325
801.8653	803.366
801.9574	803.5464
802.0646	803.5052
802.4584	803.9957
802.6844	804.1971
802.9379	804.4063
803.1493	804.5453
803.4046	804.9287
803.8613	805.4631
804.3074	806.0152
804.3599	806.2415
804.5072	806.1957
804.9002	806.5464
805.0559	806.4908
805.0793	806.7282
805.4675	807.0228
805.6361	807.0365
805.8136	807.487
805.8311	807.4639
806.0167	807.5484
806.1599	807.7214
806.6675	808.2013
806.6822	808.25
807.2634	808.7129
807.6762	809.1716
808.6308	810.0222
808.8186	810.3358
808.9617	810.439
809.0047	810.6227
809.3802	810.9582
809.5966	811.0192
809.7786	811.2679
809.8401	811.5955
810.0703	811.5315
810.1685	811.6357
810.4094	811.8275
810.6251	811.9869
810.7108	812.2165
810.9245	812.2842
811.3819	812.8343
812.08	813.6507
812.0998	813.7138
812.4737	814.1029
812.8709	814.3115
813.0641	814.531
813.1434	814.6329
813.1765	814.7586
814.5623	816.1866
814.6952	816.2591
814.9241	816.7513
814.996	816.8057
815.0774	816.9062
815.7027	817.5818
815.7151	817.3654
815.717	817.4193
815.8393	817.5334
816.2338	817.8608
816.6655	818.4892
816.6754	818.7115
816.7826	818.598
817.24	818.9523
817.2591	818.8993
817.9435	819.4546
818.0416	819.6413
818.1075	819.6765
818.3196	820.022
818.3583	820.1887
818.361	820.3534
818.4355	820.6512
818.436	820.4374
818.4959	820.6181
819.3132	820.743
819.6516	821.2231
819.9834	821.6842
820.4656	822.139
820.509	822.4671
820.632	822.3933
820.673	822.3677
820.8448	822.3352
821.166	822.8756
821.2798	822.9462
821.4387	823.143
821.6396	823.1044
821.7837	823.3082
821.9299	823.4704
821.9959	823.7247
822.0991	823.7808
822.1443	823.765
822.3271	824.0644
822.4372	824.3044
822.5459	824.2417
822.8843	824.4815
823.2295	825.0138
823.305	825.0572
823.5306	825.0461
823.8971	825.4261
824.0256	825.652
824.147	825.9487
824.1547	826.3378
824.1588	825.8652
824.224	826.2796
824.373	826.3723
824.7998	826.4408
824.8552	826.6238
825.1277	826.8597
825.1836	826.6907
825.3969	827.0353
825.7236	827.3419
826.4588	827.9387
826.5535	828.3503
826.5634	828.2943
826.6484	828.5498
826.929	828.5565
827.071	828.6531
827.2893	828.8591
827.3715	828.8352
827.4972	829.1028
828.1339	830.0071
828.3672	830.0377
828.6819	830.0977
828.7724	830.3651
828.9764	830.5246
829.0517	830.6921
829.125	830.5539
829.2708	830.884
829.9063	831.3383
830.5154	832.184
830.7612	832.2928
831.0226	832.5081
831.1311	832.6092
831.5641	833.1371
831.6777	833.4456
831.8003	833.2529
831.9014	833.8322
831.9978	833.6315
832.1471	833.9051
832.3731	833.8848
832.4439	834.0523
833.0143	834.5858
833.0718	834.7875
833.2959	835.0649
833.5363	834.9795
833.6642	835.2994
833.8403	835.4803
834.4474	836.3822
834.47	836.5581
834.4904	836.4044
835.0777	836.5752
835.6137	837.0768
835.7986	837.4173
835.9036	837.7004
835.9694	837.7418
836.2247	837.9374
836.9472	838.5798
836.965	838.5957
837.1561	838.8247
837.1725	838.8628
837.3443	838.8379
837.5605	839.187
838.0166	839.6403
838.056	839.6835
838.3081	840.0753
838.4945	839.8678
839.0535	840.4024
839.1901	840.6647
839.3447	841.059
839.4984	841.0144
839.668	841.3251
839.7204	841.4456
839.8504	841.6676
839.8706	841.5577
840.2729	841.7289
840.4945	841.8478
840.5894	842.1798
841.0596	842.8639
841.2035	842.8891
841.4208	843.0319
841.6275	843.1319
841.711	843.382
841.8312	843.4481
841.8924	843.574
842.5339	844.1455
842.9054	844.6673
843.0517	845.0589
843.0639	845.1426
843.193	845.3171
843.3055	845.5164
843.4607	845.5297
843.5576	845.6737
843.5671	845.8542
843.6147	845.8117
843.6574	845.9256
843.7186	845.798
844.1505	845.8987
844.3161	845.9062
844.5002	846.0876
844.5072	846.0417
845.0331	846.7089
845.1012	846.5872
845.3597	846.6795
845.5124	847.0995
845.6091	847.3671
845.8516	847.3628
846.4981	847.8647
846.5554	848.0534
846.8164	848.3859
847.1304	848.6197
847.4722	848.8729
847.5874	849.3456
847.6028	849.4009
847.7943	849.5288
848.0791	849.6492
848.2789	849.9152
848.3572	850.159
848.3643	850.1575
848.6806	850.1733
848.7603	850.3189
848.8277	850.2527
848.9757	850.574
849.3176	851.0087
849.4007	851.1652
849.4402	851.081
850.1358	851.7426
850.2158	851.8442
850.3947	851.8247
850.7674	852.2642
850.8042	852.5096
850.8921	852.4294
851.1536	852.8031
851.1777	852.7703
851.7246	853.1701
851.8336	853.4125
852.6366	854.0973
852.8893	854.5622
853.0927	854.5849
853.4688	855.1172
853.4978	855.1465
853.7392	855.3836
853.7485	855.4397
854.0451	855.4045
854.2151	855.5709
854.3083	855.7611
854.7489	856.2465
855.27	856.7262
855.3899	856.8383
855.5481	857.2447
855.5682	857.3977
855.5786	857.3855
855.6492	857.4664
855.8149	857.7368
856.0041	857.7392
856.1785	857.9782
856.3985	857.9973
857.7221	859.4217
857.7935	859.4648
857.8618	859.4976
858.1472	859.8151
858.6468	860.2722
859.4801	861.0105
859.7483	861.6238
859.8701	861.8415
859.9659	861.9901
860.3691	862.0985
860.4076	862.1941
860.7844	862.2042
861.0651	862.5742
861.1959	862.6458
861.4959	862.9738
861.5956	863.0707
861.7817	863.2083
862.2617	863.6274
862.8441	864.3691
862.9519	864.5693
863.6587	865.221
863.7402	865.2892
863.8156	865.4026
864.2725	865.841
864.4923	866.1725
864.7012	866.2494
864.7253	866.7138
864.8181	867.1157
864.8183	866.9584
864.8244	866.7661
864.9015	867.1669
865.4644	867.1727
865.5962	867.0203
865.789	867.8408
865.889	867.8249
866.0955	868.0175
866.4843	868.022
866.5994	868.1571
866.9566	868.5268
867.7765	869.2795
867.8273	869.5673
867.8325	870.14
867.9407	869.7673
867.9432	870.193
868.0379	869.8617
868.1296	870.0412
868.5862	870.1305
868.7723	870.4774
869.0113	870.6149
869.2943	870.9426
869.3309	871.2466
869.3586	871.3957
869.7669	871.3102
869.9761	871.3664
870.1774	871.6931
870.2776	871.9443
870.3647	871.7451
870.8483	872.5569
871.1476	872.7011
871.2304	872.9417
872.2877	874.002
872.3344	874.1336
872.482	873.9367
872.8984	874.5599
872.9251	874.4686
873.498	875.1327
874.0911	875.7336
874.2049	875.9411
874.2474	876.0503
874.3229	876.3192
874.371	876.2525
874.4718	876.4901
874.4768	876.6838
874.4769	876.4929
874.566	876.6464
874.5727	876.774
874.8599	876.8749
875.0731	877.3251
875.1574	877.2873
875.448	877.2136
876.3111	877.8634
876.7005	878.2604
876.7733	878.4715
876.9102	878.6728
877.5596	879.1287
877.5802	879.2948
877.915	879.2999
878.0953	879.5712
878.4697	880.1387
878.6801	880.2717
878.7232	880.5049
878.737	880.3418
878.7843	880.4983
879.4179	880.9944
879.5139	881.153
879.6975	881.2392
879.9096	881.5241
880.1519	881.7973
880.1541	882.0357
880.3213	882.0622
880.6579	882.2234
880.7606	882.6684
880.9435	882.5451
881.195	882.8524
881.2148	883.0021
881.2975	883.1057
881.4359	883.3488
881.4645	883.4326
881.6528	883.5206
881.8762	883.567
882.4291	884.1291
882.9239	884.5758
883.0643	884.5807
883.1718	884.8896
883.1939	884.901
884.4961	886.0778
884.54	886.2237
884.6688	886.3
884.7274	886.5063
885.1516	886.7653
885.7458	887.3572
885.7974	887.3847
886.0754	887.5309
886.4813	888.1483
886.567	888.1968
887.1178	888.9175
887.1592	888.9971
887.6931	889.3711
888.0505	889.6269
889.0095	890.698
889.0551	890.972
889.0657	890.6333
889.2228	891.0441
889.3819	891.0241
889.5953	891.3166
889.6685	891.4515
889.7574	891.644
889.9948	891.7019
890.0686	891.8632
891.2099	892.7787
891.3228	892.9301
891.5309	893.3054
891.5686	893.4473
891.8044	893.5297
892.6528	894.2249
892.834	894.2753
892.9352	894.6693
893.0208	894.6686
893.2936	894.839
893.3235	894.9465
893.9512	895.5393
893.9536	895.7124
894.1229	895.8166
894.458	895.8283
894.607	895.961
895.0531	896.5747
895.1003	896.75
895.3525	896.7172
896.7689	898.4528
897.114	898.6656
897.3273	898.6832
897.4539	898.9484
897.5108	899.1169
897.6566	899.2827
897.8458	899.1979
897.9676	899.538
898.0933	899.7097
898.1759	900.0106
898.4143	900.0031
898.6272	900.1709
899.0015	900.958
899.0174	900.8515
899.4214	901.1491
899.711	901.4442
899.9105	901.3709
900.2113	901.583
901.1271	902.8054
901.1804	902.8634
901.449	902.8221
901.5371	903.1401
901.7847	903.1661
901.9831	903.5908
903.6595	905.1689
903.7004	905.1266
903.7933	905.4754
904.02	905.5614
904.1844	905.7825
904.4504	906.1051
904.5147	906.108
904.6656	906.4182
904.9071	906.7078
905.1451	906.7793
905.5615	907.0607
905.9642	907.4629
906.0646	907.7106
906.1106	907.7909
906.1234	907.9745
906.1531	907.9206
906.5676	908.1709
906.8904	908.4852
907.1929	908.8405
907.8797	909.7731
908.2222	909.8099
908.3306	909.8756
908.4572	909.9646
908.6777	910.0582
908.8726	910.4575
908.9321	910.4
909.2811	910.8124
909.5356	911.5181
909.5458	911.3659
909.5536	911.5238
909.9582	911.7095
910.7658	912.3263
910.7929	912.4022
911.0492	912.6676
911.4168	913.0753
911.529	913.055
912.1598	913.6255
912.3941	913.7842
912.5677	914.2054
913.008	914.5669
913.2558	914.7119
913.342	915.003
913.42	915.0918
913.6616	915.3676
913.6628	915.2642
913.6687	915.4137
914.204	915.7807
914.498	916.0071
914.8059	916.2088
914.9071	916.2269
915.7343	917.4311
916.1058	917.683
916.4211	917.9451
916.5804	918.1649
916.9165	918.6114
916.9349	918.6381
917.1421	918.9696
917.6212	919.354
917.7589	919.3284
918.1362	919.7696
918.1501	919.7583
918.3952	920.1074
918.4533	920.1523
918.4983	920.2403
918.5537	920.309
918.7434	920.2515
918.9966	920.546
919.21	920.897
919.217	920.9676
919.5166	921.142
919.6182	921.003
919.7739	921.2148
920.0887	921.7301
920.2874	921.8517
920.2905	922.0497
920.5498	922.1309
920.7735	922.257
920.9145	922.3888
921.5809	923.4825
921.6967	923.344
921.9111	923.5392
921.9435	923.4828
922.4471	923.8377
923.5528	925.0358
923.9021	925.6621
924.2153	926.0793
924.2209	925.9967
924.2863	926.0206
924.387	925.9741
924.5755	926.1558
924.9051	926.5268
924.9548	926.748
924.961	926.6238
925.0954	926.7246
926.2068	927.8263
926.5787	928.2048
926.6316	928.2571
927.0133	928.6815
927.0139	928.6555
928.2491	929.9346
928.5821	930.1276
928.6171	930.5014
928.7332	930.579
928.746	930.5796
929.2206	930.8475
929.3326	930.9838
929.4438	930.8676
929.6474	931.1566
930.0377	931.5344
930.2892	931.8327
930.8556	932.1913
931.0549	932.7618
931.144	932.7736
931.2488	933.1744
931.2499	933.1164
931.2635	933.2594
931.5241	933.0509
932.2361	933.7924
932.7456	934.358
933.1291	934.6685
933.5601	935.2176
934.2885	935.7604
934.6608	936.3557
934.7568	936.8496
934.8009	937.1197
934.9662	936.8697
934.9885	937.1264
935.3483	937.1166
935.7047	937.2252
935.9466	937.4057
936.0207	937.6277
936.1658	937.8511
936.8256	938.5131
936.89	938.7774
936.9566	938.6545
937.0596	938.7188
937.249	938.7682
937.3236	939.1187
937.3503	938.9876
937.536	939.0941
938.5584	940.1984
938.5707	940.163
938.7923	940.4417
938.8086	940.6503
939.1067	940.6408
939.3007	941.0482
939.3474	941.0178
939.6526	941.1889
940.2112	941.6276
940.7884	942.2625
940.8787	942.5914
940.9562	942.3303
941.7743	943.1559
942.3461	943.9975
942.5479	944.0952
942.599	944.1
942.8121	944.4015
942.8838	944.374
943.3129	944.9081
943.3805	944.8531
943.645	945.2954
943.7612	945.3876
943.9644	945.9922
943.9947	946.5132
944.0218	946.3959
944.0436	946.4208
944.1869	946.5037
944.4442	946.6064
944.6361	946.6826
944.6585	946.5883
945.1019	946.9674
945.1036	946.7507
945.2601	946.856
946.5411	948.0611
946.868	948.28
947.0548	948.6064
947.155	948.7275
947.3285	948.8614
947.458	948.9244
947.5263	949.2459
947.9398	949.5279
948.0846	949.5392
948.548	950.1465
948.7439	950.4349
948.9587	950.8311
949.0642	950.8679
949.3243	951.1817
949.3753	951.2592
949.4324	951.4143
949.4871	951.3864
949.6683	951.669
949.9267	951.9045
949.9863	951.8588
950.002	951.9261
950.1717	952.1126
950.2415	952.347
950.5246	952.8713
950.5607	952.5654
950.5851	952.5987
950.7065	952.8859
951.0703	953.136
951.1042	953.3312
951.1153	953.5367
951.3726	953.9817
951.4146	953.7345
951.4251	953.9914
951.5629	953.5569
951.9575	953.8016
952.1941	953.9705
952.3009	954.053
952.885	954.3721
953.2816	954.8311
953.6609	955.2224
954.2057	955.5749
954.7288	956.2894
955.208	956.7022
955.2858	956.8063
955.3484	957.1441
955.6173	957.207
955.869	957.5221
955.9353	957.67
955.9939	957.7758
956.0452	957.8287
956.152	957.9951
956.5825	958.2539
956.6715	958.4452
956.849	958.6216
956.9899	958.8732
957.0301	958.9655
957.3905	958.9783
957.4841	959.2157
957.5933	959.1945
958.3465	959.927
958.3644	960.1999
958.4443	960.2702
958.4638	960.3911
960.0723	961.4859
960.6862	962.4364
960.8384	962.2813
961.891	963.4472
961.9365	963.7509
962.0133	963.6202
962.1524	963.7151
962.41	964.5122
962.4604	964.1853
962.8044	964.5046
963.3641	965.265
963.3787	965.438
963.4072	965.283
963.4599	965.3573
964.0199	965.5295
964.1115	966.4251
964.1273	966.2917
964.1743	966.5899
964.3575	966.4546
964.3799	967.0701
964.435	967.167
964.5455	967.001
964.908	967.0245
964.9761	966.9331
965.0314	967.2654
965.2867	967.0842
965.5586	967.1191
965.6716	967.3891
965.8952	967.6422
965.9066	967.7028
965.9417	967.6618
966.4399	967.9195
966.5307	968.675
966.5466	968.4731
966.5704	968.5824
966.8023	968.7371
967.4576	968.8542
967.7688	969.357
968.1962	969.7023
968.2688	969.9725
968.6867	970.5086
968.6869	970.4411
969.0371	970.4846
969.0998	970.6476
969.6554	971.4943
969.7087	971.5543
969.9258	971.6539
969.9275	971.5989
969.9531	971.7573
970.8698	972.3457
971.93	973.4626
972.1201	973.8226
972.4897	974.0177
972.5343	973.9331
972.7752	974.7412
972.8382	974.6668
972.9914	974.5739
973.6687	975.1765
973.8164	975.4933
973.8328	975.5296
973.8463	975.6756
974.6255	976.074
974.7632	976.1602
975.0845	976.9734
975.1004	976.9348
975.1165	977.1818
975.223	977.2003
975.2541	977.3442
975.3005	977.3295
975.4574	977.4958
975.4957	977.6592
975.6618	977.7652
975.7728	978.3859
976.0094	978.3956
976.0223	978.2687
976.1781	978.3396
976.2073	978.1961
976.9311	978.6489
976.9791	978.6524
977.0145	978.8761
978.3424	979.876
978.6551	980.2698
978.7644	980.6118
978.7975	980.7882
978.907	981.0357
978.9161	980.9586
978.9354	980.9358
979.5067	980.9898
979.7227	981.3692
980.0028	981.4565
980.115	981.7075
980.4043	982.1897
980.8894	982.4231
981.2571	982.9635
981.598	983.1188
981.7336	983.5664
981.7513	983.5807
981.9757	983.6394
982.2863	983.9577
983.1069	984.6633
983.3647	985.0373
983.5074	985.1355
983.7636	985.341
983.8391	985.5901
983.8607	985.5441
984.0047	985.9368
984.0904	985.846
984.1027	985.8587
984.4526	986.1686
984.5238	986.0142
984.9225	986.3571
985.1434	986.5663
985.3438	986.8156
985.6786	987.2616
985.7691	987.5754
985.9205	987.5177
986.2325	988.139
986.3666	988.0194
986.7189	988.1203
986.9733	988.4121
988.177	989.8006
988.2275	989.8643
988.4751	989.9049
988.6809	990.2494
988.9504	990.4188
989.1468	990.5914
989.9295	991.4189
990.6101	992.0386
990.7896	992.4787
990.8969	992.453
991.4844	993.1412
992.7098	994.1301
992.8604	994.5162
992.9801	994.574
993.3783	994.7772
993.4648	994.8477
993.8701	995.8518
993.8901	995.6349
993.8995	995.8964
994.096	995.9686
994.3528	996.0776
994.7265	996.2114
994.9625	996.3372
995.5508	997.1249
995.5609	997.527
995.5674	997.2573
995.9855	997.5517
996.4842	997.8821
996.916	998.5129
996.942	998.8207
997.1341	998.8974
997.3082	998.8589
997.9441	999.3504
998.2378	999.8897
