0.5498	2.2039
0.7174	2.3943
0.7642	2.7218
1.0056	2.696
1.1945	2.9619
1.2926	2.7961
2.0199	3.5618
2.1248	3.735
2.292	4.0641
2.3795	4.1585
2.5653	4.3395
2.7201	4.3823
2.823	4.7806
3.0462	5.0539
3.1953	5.1589
3.6366	5.0791
3.6831	5.4065
4.021	5.5694
4.0901	5.8197
4.2862	5.8818
4.9637	6.404
5.473	7.0277
5.6886	7.1628
5.8898	7.3857
5.9339	7.4573
5.9549	7.5907
7.0024	8.5656
7.223	8.8376
7.5941	9.0891
7.6721	9.3718
7.7371	9.6158
7.8447	9.7265
7.9068	9.7632
8.0221	9.9868
8.6209	10.0203
8.8535	10.2781
9.5354	10.975
9.6967	11.348
10.0974	11.7121
10.4868	12.0589
10.9891	12.7286
11.066	12.9744
11.2701	13.1548
11.4804	13.1513
11.647	13.2955
11.7823	13.4393
11.9991	13.6961
12.3326	14.0304
12.6073	14.2298
13.0317	14.4267
13.157	14.7001
13.6076	15.0479
13.6462	15.3086
13.998	15.4858
14.1454	15.7144
14.2967	15.7478
14.6035	16.4639
14.8836	16.9305
15.1879	16.9246
15.8236	17.3862
16.2991	17.6602
16.3548	17.8963
16.6635	18.1367
16.935	18.8241
17.1392	18.7909
17.6061	19.1608
17.7977	19.2351
18.1	19.5988
18.2612	19.6294
18.623	20.0471
18.7512	20.2351
18.9456	20.4237
18.9687	20.6885
19.4268	21.1165
19.7683	21.3141
19.9484	21.5247
20.2127	21.7346
21.1905	22.8727
21.202	22.8601
21.3763	22.9722
21.9961	23.4782
22.0554	23.5529
22.2732	23.8513
22.5267	24.202
22.5702	24.4399
22.6304	24.4017
22.7033	24.5009
22.7588	24.6488
22.9673	24.8358
23.494	24.9879
23.5637	25.1341
23.8982	25.3399
24.0925	25.555
24.2064	25.6708
25.6779	27.253
26.0713	27.5495
26.2755	27.6584
26.4536	27.8877
26.6388	28.0972
27.1543	28.7082
27.3593	28.9357
27.406	29.0543
27.4843	29.1536
27.5789	29.2483
27.6596	29.4748
27.9102	29.4725
28.0327	29.8009
28.2033	29.6635
28.8271	30.3707
28.9673	30.3751
29.2393	30.9503
29.2695	30.9108
29.8529	31.7193
29.8671	31.8156
29.9055	31.7879
30.0927	31.9522
30.2492	31.9904
30.4812	32.1653
30.5089	32.3165
31.6488	33.3762
31.6577	33.3787
31.986	33.7599
32.03	33.8067
32.1056	33.9932
32.2084	34.0087
32.6609	34.1129
33.0121	34.6198
33.1569	34.673
33.2552	34.7729
33.9822	35.4877
34.0604	35.6275
34.4173	35.8433
34.7074	36.1585
34.8758	36.4795
35.2454	36.8041
35.3614	36.9303
35.4493	37.1919
35.9453	37.4773
35.9747	37.5956
36.5697	38.0537
36.8068	38.2684
37.6943	39.3633
37.7203	39.3696
37.9408	39.4849
38.1233	39.5411
38.1594	39.7291
38.3094	40.0856
38.9876	40.3655
39.0795	40.8387
39.1012	40.8137
39.1881	40.9011
39.2125	41.0597
39.5552	41.1623
39.7719	41.2662
40.1122	41.7803
40.1408	42.4319
40.175	42.473
40.2094	42.7077
40.334	42.6769
40.4535	42.5554
40.493	42.6598
40.5231	42.7205
40.9274	42.9748
41.3606	43.0139
41.3684	43.0538
41.6335	43.2113
42.0115	43.5487
42.3007	43.8819
42.3576	44.2557
42.6007	44.177
42.8886	44.6387
43.1928	44.7215
43.3323	44.8512
43.8183	45.5613
44.138	45.8508
44.1644	46.0322
44.3878	46.0288
44.6102	46.1438
44.7024	46.3119
44.797	46.4701
44.8879	46.6014
45.4848	47.1177
45.6534	47.2277
45.7978	47.2554
47.3973	49.0365
47.7632	49.3501
48.0576	49.3918
48.1993	49.6594
48.7138	50.1245
48.8606	50.5325
48.9187	50.3843
49.1167	50.5289
49.2914	50.8592
49.6753	51.2986
49.8568	51.4366
49.8669	51.5291
50.3537	51.9492
50.9515	52.4319
51.3149	52.7792
51.445	52.9266
52.0249	53.5536
52.8785	54.5043
53.0263	54.5142
53.3168	54.8566
53.4485	55.0758
53.9448	55.548
54.0537	55.7207
54.1516	55.8403
54.3994	55.9355
54.543	56.03
54.9101	56.4305
55.1367	56.6559
55.3923	57.2655
55.4313	57.2873
56.039	57.8099
56.1748	57.8139
56.3867	57.8875
56.6142	57.9775
56.7083	58.4488
56.7132	58.2654
57.1657	58.624
57.4976	59.0131
57.8482	59.3414
57.8512	59.4594
58.387	59.937
58.4674	60.002
58.8431	60.5164
58.8575	60.6085
58.995	60.9311
59.0745	61.117
59.2059	61.2911
59.207	61.075
59.3318	61.4381
59.3531	61.3196
59.4965	61.3766
59.6885	61.6794
59.8577	61.6064
59.9843	61.5681
60.4116	62.3948
60.4286	62.3876
60.4651	62.7201
60.8783	62.8299
61.0551	62.7861
61.2213	62.9589
61.2452	62.7402
61.3355	63.1611
61.5966	63.9341
61.6527	63.8584
61.6718	63.9704
61.7019	63.9754
61.8387	64.4462
61.9881	64.7977
62.1112	64.5702
62.1574	64.4278
62.2026	64.9241
62.3889	64.5758
62.5353	65.0901
62.6602	64.9058
62.956	64.7957
63.3889	65.0956
63.6293	65.2182
64.1155	65.5748
64.5408	65.9718
65.4553	67.0174
65.5907	67.1639
66.0773	67.7072
66.5867	68.423
66.6043	68.5426
66.8476	68.58
66.958	68.6654
66.9779	68.5267
67.5095	69.0548
67.5624	69.0084
67.6767	69.4347
67.7627	69.4583
68.2371	69.8152
68.288	70.0662
68.3358	69.9617
69.0625	70.4308
69.301	70.8581
69.4478	71.5246
69.518	71.4588
69.531	71.2541
69.6093	71.6298
70.2255	71.7043
70.6814	72.0122
70.781	72.1824
70.8451	72.3502
70.9751	72.4588
71.5138	72.9308
71.7638	73.2047
72.1972	73.8542
72.2645	73.8245
72.5172	74.1877
72.8432	74.5957
72.905	74.6857
73.1535	74.7824
73.1632	74.9005
73.7782	75.2619
73.9379	75.494
74.0148	75.7071
74.1156	75.6889
74.3878	75.9018
74.6695	76.1176
74.8481	76.2083
75.5276	77.2125
75.5745	77.457
75.6976	77.736
76.1547	77.6509
76.2943	78.1397
76.3071	78.268
76.3266	78.1677
76.4889	78.253
77.2588	79.1218
77.2798	79.0597
77.2832	79.2073
77.4739	79.1552
77.6857	79.446
77.8395	79.6178
77.9794	79.6492
78.1805	79.7178
78.7588	80.5492
79.1856	80.7267
79.2021	80.8872
79.6872	81.5451
79.7117	81.7249
80.1981	81.8502
80.3298	81.9231
80.768	82.3387
80.8577	82.6244
80.9476	82.7121
80.9951	82.8366
81.2221	82.9834
81.2489	82.9646
81.6266	83.0235
81.999	83.734
82.4422	83.9636
82.8192	84.6437
82.8225	84.6272
82.9388	84.5525
82.9827	84.7265
83.5007	85.1244
83.5477	85.5047
83.5602	85.2922
83.8457	85.3759
84.1042	85.7827
84.1649	85.9114
84.3005	85.8783
85.3639	86.8665
85.4841	87.174
85.5168	87.3703
85.5916	87.3853
85.7423	87.5792
85.9745	87.4668
86.1612	87.7551
86.1854	87.829
86.8308	88.5121
87.3045	88.8766
87.8365	89.433
87.9769	89.6435
87.9866	89.8396
88.5088	90.1182
88.6545	90.0395
88.9923	90.5762
89.1186	91.0517
89.1696	91.1436
89.3623	90.9018
89.4171	91.2705
89.9625	91.6243
90.3518	92.028
90.5838	92.1463
90.7724	92.4623
90.972	92.542
91.097	92.5717
91.2064	93.0287
91.482	93.3068
92.0743	93.6011
92.4249	93.9983
92.4471	94.1848
92.7155	94.4443
92.7381	94.3512
93.0746	94.7606
93.5067	95.2135
93.5816	95.4104
93.6448	95.5451
93.8732	95.6874
94.2706	95.6783
94.4159	96.0679
94.5684	96.0757
94.7752	96.5225
95.122	96.8566
95.1256	96.8718
95.382	97.4114
95.4147	97.3944
95.4886	97.2783
95.553	97.4002
95.9247	97.4841
96.0769	97.6157
96.1883	97.7993
96.494	98.0141
96.8654	98.4972
96.917	98.6241
97.0222	98.5482
97.1164	98.752
97.3404	99.0041
97.5057	99.0917
97.6386	99.0894
98.1518	99.7622
98.1961	99.7775
98.681	100.2002
98.7757	100.2693
98.8453	100.2617
99.5282	101.1019
99.8485	101.3302
99.9894	101.5095
100.8711	102.8838
100.9097	102.9047
100.9863	102.735
101.0254	103.0045
101.0767	102.9518
101.4143	103.0256
101.9713	103.5268
102.5161	104.1733
102.5286	104.1444
102.812	104.3006
103.2526	104.6889
103.3553	104.8534
103.523	105.0015
103.8657	105.2605
104.0836	105.5255
104.8869	106.4415
104.9923	106.8316
104.9927	106.662
105.641	107.2073
105.7288	107.3789
105.7355	107.4137
105.9836	107.7061
106.077	107.4427
106.2768	107.7715
106.3929	107.9717
106.5356	108.2294
106.8393	108.5756
106.9764	109.0198
107.014	109.052
107.1388	108.9961
107.238	109.0464
107.6059	109.1542
107.704	109.4209
107.7735	109.3616
107.8336	109.4924
108.6252	110.1723
108.7531	110.3546
109.0605	110.4979
109.361	111.1676
109.5783	111.1437
109.7363	111.3178
109.8293	111.447
109.9455	111.5916
110.1625	111.5927
110.4537	111.9077
110.5564	112.2311
110.8688	112.3792
111.9231	113.4897
112.1433	113.99
112.1464	113.841
112.3841	113.9759
112.501	114.3959
112.5052	114.4989
112.559	114.5216
113.2957	114.7405
113.9028	115.7342
114.0207	115.6385
114.1171	116.0823
114.1691	116.1871
114.2984	116.1087
114.4464	116.1194
114.8074	116.5235
114.8848	116.3832
115.3118	116.8495
115.8916	117.6136
115.8985	117.719
115.9595	117.961
116.7944	118.3986
117.1482	118.6416
117.3088	118.7686
117.4947	119.2713
117.655	119.2168
117.8455	119.5829
118.2892	119.7851
118.5716	120.0141
118.7847	120.322
119.4941	121.0825
119.6547	121.1299
120.2751	122.0509
120.3622	122.0865
120.388	122.0909
120.7358	122.521
120.8827	122.9153
120.8993	122.9936
121.0388	123.2245
121.0432	123.1838
121.1082	123.2199
121.6687	123.2261
121.9483	123.5268
122.3955	124.2352
122.4276	124.1591
122.7244	124.2568
122.9288	124.3084
123.281	124.8066
123.8002	125.588
123.8447	125.5077
123.9503	125.517
124.0882	125.756
124.57	126.2147
125.1675	126.7479
125.3186	126.837
126.3444	127.8353
126.6466	128.1828
126.9425	128.4959
127.0248	128.7137
127.1317	128.5147
127.3254	128.9042
127.7361	129.3937
127.9104	129.4658
128.099	129.6409
128.0992	129.6299
128.3665	129.7501
128.5319	130.2164
128.5738	130.0375
128.9848	130.523
129.3818	131.1086
129.5619	131.3125
129.5699	131.0981
129.7837	131.4039
129.8146	131.907
129.8432	131.7927
129.9611	131.9167
130.1492	132.1529
130.3214	132.0803
130.6125	132.3716
131.5222	133.3137
131.5458	133.2759
131.5688	133.4105
131.9357	133.6763
132.0704	133.6962
132.1919	134.2646
132.2021	134.1879
132.4321	134.5141
132.4428	134.3051
133.4004	134.8526
133.6582	135.2121
133.6917	135.4401
133.756	135.9135
133.8063	135.5321
133.975	135.9465
134.1526	135.8513
134.2835	135.9341
134.6035	135.9819
134.7024	136.3069
134.9434	136.2762
135.2129	136.7403
135.3349	136.6852
135.6707	137.162
135.8603	137.5102
135.9718	137.8888
135.9869	137.9368
136.1604	138.1845
136.1652	138.1628
136.4387	138.06
136.9945	138.6801
137.4377	138.9547
137.7635	139.162
137.8159	139.5189
137.8664	139.5259
137.9021	139.6297
138.4172	139.8771
138.6703	140.0611
138.9247	140.4434
138.9353	140.6661
139.192	140.7349
139.3005	140.8056
139.5884	141.1971
139.6515	141.5573
139.6885	141.7066
139.7554	141.8405
140.1739	141.747
140.4674	142.158
141.0761	142.6057
141.237	142.7782
141.4322	142.8826
141.7294	143.4398
141.7758	143.6263
141.8129	143.5622
142.0867	143.792
142.1338	143.9866
142.3485	144.0617
142.4675	144.0746
143.0675	144.8599
143.1002	145.2055
143.1322	145.5114
143.1937	145.6856
143.2478	146.2546
143.2666	145.9508
143.3152	146.1688
143.4181	145.7706
143.4322	145.9919
143.5752	146.0445
144.0658	146.3475
144.0958	146.1829
144.6908	146.421
144.8718	146.7786
144.9087	146.6072
144.9426	146.7448
145.047	146.9507
145.4402	147.4811
145.5142	147.4216
145.6472	147.8251
145.6486	147.9911
145.6685	148.0317
145.6936	148.1055
145.7371	148.0221
145.9249	148.0936
146.0705	148.2121
146.2573	148.5751
146.4623	148.5356
146.7447	148.9916
146.7477	148.8868
146.7622	148.952
146.7899	149.0062
146.9487	149.2188
147.0662	149.2904
147.2044	149.3417
147.4252	149.927
147.4396	149.9559
147.6138	149.5545
147.9874	150.0088
148.0718	149.7023
148.661	150.1721
148.7621	150.4286
148.9263	150.2735
149.2776	150.8975
149.4619	151.1526
149.483	150.9364
149.8545	151.4972
149.8573	151.5778
149.9814	151.5571
150.2785	151.864
150.3514	152.0571
150.8146	152.3437
151.0422	152.806
151.1189	152.7976
151.471	152.9508
152.0747	153.7257
152.2612	153.8395
152.3252	154.0741
152.3748	154.3466
152.5824	154.1804
152.9058	155.0843
152.9176	154.9898
152.9281	155.0165
152.9525	155.1162
153.0744	155.3278
153.1495	155.353
153.3601	155.3205
153.493	155.5759
153.5216	155.9381
153.7522	155.8446
153.8697	155.8394
154.0601	155.9615
154.8643	156.2002
154.9787	156.7145
155.0086	156.6139
155.0173	156.5929
155.2306	156.8222
155.8464	157.3756
156.0743	157.6166
156.2653	157.7911
156.3023	158.0775
156.3375	158.1693
156.4284	158.214
156.7474	158.2525
157.1695	158.6707
157.3694	159.0919
157.7985	159.2901
158.048	160.0666
158.0748	160.0381
158.155	159.8686
158.3106	160.1007
158.6051	160.2249
158.7624	160.1321
159.0034	160.5243
159.0314	160.618
159.2121	160.7699
159.2776	161.1286
159.3973	161.5999
159.4556	161.3013
159.7196	161.5669
159.7962	161.7302
160.5641	162.0713
160.782	162.2148
161.074	162.6649
162.0551	163.681
162.1107	163.9054
162.1814	163.8796
162.7961	164.3324
162.9778	164.675
162.9821	164.6356
163.1265	165.0164
163.1337	165.2927
163.1474	165.0257
163.2868	165.4254
163.4707	165.5319
163.6501	165.6396
163.661	165.7966
163.6625	165.7169
163.7501	165.9013
163.986	166.5565
164.0802	166.3658
164.3084	166.7623
164.3216	166.6063
164.3681	166.7655
164.4064	166.3843
164.9482	166.6434
165.1973	166.7709
165.2692	167.0596
165.2843	166.8696
165.842	167.2215
165.9362	167.5107
166.4152	167.9797
166.4649	167.9738
166.7717	168.2654
166.8233	168.3392
167.0825	168.6928
167.1741	168.9521
167.3122	168.9902
167.4457	168.9967
167.9628	169.3558
168.0833	169.6919
168.2574	169.8486
168.6406	170.4702
168.6471	170.3568
168.95	170.4596
169.3995	171.194
169.4754	171.3956
169.8252	171.4946
169.9364	171.5779
170.0219	171.5518
170.0883	171.9133
170.2197	171.7163
170.3515	171.8125
170.4464	172.0354
170.5542	172.2412
170.8067	172.6044
171.1667	172.922
171.3421	172.9437
171.3802	173.0465
171.5264	173.419
171.5715	173.6353
171.795	173.3893
171.9986	173.7617
172.4706	174.3669
172.4845	174.5228
172.4847	174.5407
172.5096	174.4943
172.722	174.6071
173.2131	174.9081
173.315	174.9555
173.3315	174.8587
173.7394	175.407
173.7443	175.4487
174.0397	175.7663
174.2295	175.7214
174.4141	176.0386
174.4358	176.1299
174.5068	176.2251
174.6446	176.317
174.8006	176.3962
174.9042	176.6317
174.9534	176.7823
175.0706	176.858
175.1601	177.0309
175.263	176.9852
175.2872	177.214
175.5044	177.2592
175.8807	177.3727
176.3041	178.2598
176.4742	178.327
176.7756	178.574
177.0178	178.5569
177.1464	178.7078
177.2781	178.8914
177.4637	179.0719
177.5636	179.2358
177.601	179.3101
177.7704	179.4314
178.1176	179.8823
178.2158	179.8494
178.966	180.6085
179.5544	181.0667
180.2068	181.7415
180.3411	181.899
180.3415	181.9116
180.5908	182.1629
180.7029	182.2338
181.1975	182.8921
181.2475	182.8621
181.5461	182.9951
182.1623	183.6278
182.5491	184.1695
182.9789	184.6227
183.0882	184.9304
183.1398	184.9625
184.09	185.5672
184.1429	186.0944
184.1899	186.3263
184.2666	186.4006
184.3935	186.5197
184.4342	186.5648
184.4736	186.5856
184.5639	186.7741
184.6818	186.8846
184.8778	186.8207
185.0047	187.2225
185.1839	187.1284
185.558	187.3676
185.6301	187.4198
186.1287	187.5171
186.6891	188.1086
187.0468	188.651
187.2253	188.8937
187.5184	189.0988
188.2205	189.8746
188.6786	190.0155
189.0733	190.7069
189.2427	190.7835
189.6611	191.193
189.977	191.4527
190.0803	191.7603
190.1291	191.7538
190.2865	192.0295
190.5802	192.2223
190.7734	192.4228
190.8557	192.5359
191.0383	192.6744
191.0654	192.6568
191.2551	192.8375
191.366	192.9916
191.6122	193.209
192.305	193.9213
192.3384	193.9919
192.7045	194.3894
192.833	194.4116
193.409	195.0264
193.8056	195.3773
193.8333	195.5701
194.0698	195.5319
194.169	195.621
194.3186	195.8345
194.4631	196.0358
194.9976	196.5396
195.1368	196.5406
195.1976	196.6366
195.4427	197.0253
195.4952	197.0705
196.0018	198.1166
196.0361	198.3482
196.1373	198.4021
196.223	198.5709
196.3436	198.6724
196.4366	198.7888
196.4582	198.8895
196.5993	199.1009
196.7558	199.3281
196.7694	199.4582
197.4219	199.6124
197.6783	199.8259
197.788	199.7592
198.485	200.0836
198.5839	200.1918
198.7303	200.3698
198.7826	200.5778
198.7993	200.628
198.8685	200.5527
199.3494	201.036
199.4718	200.9055
200.1496	201.5528
200.2741	201.8467
200.3465	202.0435
200.3493	202.2341
200.5464	201.9838
201.1183	202.663
201.2968	202.8345
201.7774	203.1039
202.0633	203.7707
202.0962	203.9168
202.1161	204.1023
202.1444	204.0353
202.2672	204.331
202.4638	204.532
202.5264	204.5841
202.6164	204.7816
202.6212	204.7162
202.6946	205.0584
202.718	204.9363
202.9179	205.0372
203.1767	204.8731
203.2293	205.1188
203.5108	205.266
203.7399	205.7229
203.7653	206.1125
203.7677	205.7475
203.7768	205.7492
203.9117	205.9176
203.9737	206.1437
204.5968	206.1076
204.8342	206.4242
204.9114	206.7619
205.078	207.0835
205.3353	207.6308
205.3591	207.6232
205.4336	207.285
205.4807	207.6
205.679	207.6599
206.2214	207.8179
206.3057	207.8755
206.3255	208.1359
206.695	208.4764
206.7073	208.4007
207.4576	208.8959
208.2167	209.6739
208.4808	209.949
208.521	210.3306
208.5897	210.4923
208.6594	210.4184
208.6867	210.3918
208.8089	210.5319
208.9224	210.4599
209.3595	210.8016
209.5769	210.9655
209.7305	211.21
209.7695	211.4144
209.9093	211.6313
209.9761	212.0622
210.0404	211.9618
210.2416	212.0955
210.3434	212.0983
210.8666	212.4382
211.2154	212.9476
211.2298	213.1468
211.4002	213.0977
212.7843	214.5033
212.804	214.6981
212.8875	215.2403
212.9316	215.1313
212.9362	215.2738
213.2039	215.1993
213.6172	215.5539
213.7492	215.4612
213.9483	215.6854
213.9607	215.8468
214.2243	215.9666
214.2413	216.114
214.3209	216.036
214.763	216.2221
214.8987	216.3266
215.0246	216.71
215.0736	217.0021
215.955	217.5799
215.9954	217.5073
216.1878	217.8042
216.8564	218.4299
216.9136	218.677
217.3018	218.864
217.3432	218.9987
217.7679	219.3349
218.1334	219.5312
218.2651	219.766
218.3855	219.8783
218.6088	220.1506
219.0381	220.4708
219.2371	220.7964
219.6754	221.2096
219.8643	221.5274
219.8817	221.8276
219.882	221.7818
220.3303	221.9266
220.3314	222.2228
220.3959	222.1761
220.7744	222.5168
220.8061	222.5969
221.3946	223.412
221.5492	223.2604
221.6473	223.2842
223.6279	225.1418
224.0473	225.8119
224.1136	225.9429
224.725	226.2067
224.7607	226.248
224.9154	226.489
225.6587	227.2107
225.7023	227.2999
225.8283	227.4196
226.3779	227.9999
226.4717	228.1583
226.9707	228.4774
227.0048	228.6685
227.5151	229.181
227.942	229.4182
227.9561	229.4185
228.4363	230.0118
228.5052	230.0593
228.9371	230.7247
228.9578	230.8619
229.1367	231.1793
229.1925	230.9172
229.4073	230.9913
229.732	231.5881
229.8108	231.5218
229.8474	231.5208
230.1527	231.7841
230.2132	231.6935
230.7086	232.0926
230.8997	232.7831
230.9371	232.7041
231.1159	232.868
231.2591	233.3403
231.3472	233.38
231.7112	233.2935
231.8282	233.5005
231.9066	233.5598
232.0094	233.4796
232.0933	233.5583
232.2185	233.776
232.5843	234.1216
233.035	234.46
233.2242	234.7052
233.3366	235.0299
233.3766	235.1401
233.4074	235.2078
233.4606	235.4572
233.7656	235.4109
234.7343	236.3097
234.7878	236.3804
235.6384	237.2163
235.741	237.175
236.0446	237.5104
236.2586	237.8809
236.4211	238.3565
236.8036	238.4495
236.9287	238.5233
237.1943	238.8771
237.3964	238.9744
237.7604	239.4078
237.8958	239.5672
238.5147	239.9484
238.57	240.2293
238.7127	240.4933
238.7628	240.5483
239.2026	240.926
239.3	240.9553
239.5232	241.2126
239.5628	241.0444
239.6654	241.2909
239.897	241.4481
240.1499	241.6526
240.5562	242.2348
241.081	242.6035
241.2441	242.8852
241.3344	242.7947
241.6641	243.2209
241.9747	243.3176
242.1839	243.7186
242.3144	243.8669
242.3925	243.867
242.6187	244.1479
243.5162	244.9633
243.7822	245.2527
243.8176	245.3493
243.9582	245.4933
244.265	245.8964
244.5738	246.0
244.6699	246.1957
245.1761	246.7678
245.6798	247.2947
245.7366	247.5019
245.7788	247.447
245.9603	247.7273
245.9735	247.9115
246.2858	248.2245
246.3269	247.9691
246.634	248.2713
247.1848	248.7032
247.2829	249.1345
247.391	249.1131
247.526	249.2113
247.8369	249.5199
247.8495	249.5222
248.0259	249.6281
248.9701	250.553
249.1713	250.9582
250.1567	251.7233
250.4224	252.2379
250.4318	252.0913
250.6647	252.1744
251.0693	252.5616
251.525	253.2061
251.9923	253.5335
252.5592	254.2572
252.5772	254.1804
252.7454	254.318
252.8929	254.2964
253.1706	254.5964
253.4062	255.1518
253.4799	255.1757
253.5029	255.2492
253.7728	255.3551
253.8992	255.6817
254.3879	256.4746
254.398	256.44
254.4078	256.686
254.5	256.4072
254.8064	256.5917
254.9824	256.8515
255.1345	256.8737
255.2885	256.9709
255.4628	257.1356
255.6841	257.2836
255.7684	257.2663
256.1605	257.6269
256.2955	257.8904
256.3778	257.8965
256.913	258.7481
256.9478	258.7092
257.0056	258.7889
257.2088	258.927
257.7794	259.1612
257.8876	259.517
257.9196	259.4658
258.0459	259.7232
258.5388	260.0037
258.6776	260.3276
258.7184	260.3888
259.0851	260.6602
259.2162	260.8862
259.2354	260.8093
259.347	261.124
260.6003	262.1885
260.67	262.413
260.7705	262.4703
260.7836	262.3636
260.8954	262.3967
261.1446	262.63
261.429	263.0226
261.5152	263.0417
261.9873	263.5035
262.4754	263.9555
262.5947	264.1387
262.8591	264.7056
262.968	265.0661
262.977	264.9219
263.0872	265.2029
263.3234	265.0604
263.8243	265.3215
263.9871	265.4155
264.3094	265.8159
264.5692	266.3019
264.6438	266.4835
264.6466	266.2997
265.4414	267.0781
265.4993	267.1206
265.5244	267.1818
265.7597	267.3775
265.7768	267.306
265.7868	267.7288
266.1266	267.6442
266.547	267.9312
267.0562	268.4856
267.5858	269.1662
267.8111	269.3125
268.7218	270.2194
268.7622	270.3427
269.2163	270.6491
269.7218	271.2736
269.9165	271.4714
270.1459	271.5703
270.2418	271.7813
270.4839	272.2702
270.5167	272.4828
270.5607	272.3795
270.644	272.3717
271.627	273.0896
271.8005	273.2841
272.0823	273.6833
272.1438	273.6997
272.3749	274.4566
272.4631	274.2295
272.4871	274.1839
272.7908	274.2732
272.8313	274.4296
272.9979	274.5901
273.0462	274.6932
273.1358	275.0118
273.1759	275.1592
273.2805	275.3024
273.3313	275.0575
273.6822	275.3884
274.2083	275.6171
274.4786	276.1826
274.5157	276.3495
274.5624	276.2129
274.6978	276.4935
275.5811	277.0316
275.8576	277.3878
276.0619	277.5124
276.1748	277.8074
276.401	278.0508
276.6233	278.0029
276.6931	278.3838
277.1774	278.7109
277.3212	278.9504
277.5049	279.0194
278.1582	279.6897
278.237	279.7358
278.9019	280.5415
279.1786	280.5431
279.4132	280.784
279.5535	281.1571
279.615	281.177
279.8945	281.609
279.9259	281.4613
280.2131	281.8436
280.2916	281.8506
280.4376	281.9562
280.5458	282.2158
280.8139	282.4871
281.0189	282.539
281.3734	282.9765
282.1966	283.8751
282.2442	283.7154
282.4197	284.1761
282.6281	284.1871
282.7361	284.3695
283.0995	284.719
283.6796	285.1191
284.8883	286.4821
284.912	286.5977
285.1141	286.6801
285.5651	287.0785
285.9162	287.4699
285.9785	287.5518
286.094	287.7483
286.7783	288.4264
286.9651	288.5767
287.1082	288.9332
287.3642	289.0138
287.432	288.9547
287.8203	289.4383
288.127	289.7003
288.2169	289.9695
288.3485	290.0367
288.6042	290.4629
288.6657	290.5711
288.9619	290.5727
289.2704	290.867
289.6198	291.199
289.7784	291.9735
289.8942	292.2245
289.9011	292.2119
289.9177	292.3057
290.1753	292.3964
290.2991	292.7286
290.4955	292.7622
290.5285	293.1827
290.8606	293.0884
291.15	292.9281
291.3342	293.2932
291.5821	293.2107
291.7764	293.3655
292.1072	293.7742
292.2961	293.8145
292.344	293.8936
292.7606	294.568
292.8234	294.7677
292.8676	295.0944
292.8822	294.7728
292.9463	295.0002
293.4426	294.9644
293.4697	294.9686
293.7618	295.5889
293.8025	296.1373
293.819	296.0507
293.8441	296.2589
293.849	296.0915
293.9585	296.44
294.0017	296.2783
294.0209	296.5089
294.7201	296.4239
294.8066	296.5972
294.9987	296.5571
295.4112	296.9456
296.0224	297.6343
296.6293	298.0034
296.8238	298.2188
297.2842	298.826
297.6808	299.3522
297.6896	299.4705
297.7186	299.7529
297.8156	299.6564
297.8955	299.8488
298.2653	299.9414
298.4486	299.9455
298.7959	300.4286
299.0033	300.7614
300.1836	301.8332
300.2409	302.3322
300.304	302.2757
300.6517	302.2726
300.8363	302.284
300.9195	302.3497
301.2008	302.809
301.6196	303.8963
301.6268	303.7871
301.6547	303.4709
301.7113	303.7966
301.8715	303.994
302.5239	304.0802
302.5961	304.3908
302.7011	304.4298
302.705	304.5322
303.0454	304.5705
303.3813	304.7578
303.79	305.3347
303.8823	305.2923
304.2536	305.6654
305.2298	307.1046
305.259	306.8532
305.4517	307.0767
305.5234	307.1991
307.0928	308.7253
307.7149	309.4348
307.7405	309.8207
307.7523	309.7008
307.8613	309.7564
308.46	309.9864
308.6606	310.1144
309.3076	310.8925
309.4424	311.0973
309.625	311.3572
309.8509	311.7654
309.8718	311.6484
310.097	311.71
311.1881	312.6769
311.8599	313.5689
312.7135	314.5929
312.7273	314.54
312.8349	314.6098
313.0386	314.7979
313.6098	315.0781
313.6511	315.5349
313.7049	315.7096
313.8124	315.6509
315.0937	316.6708
315.4055	317.1099
315.4949	317.1704
315.959	317.5308
316.1411	317.8036
316.1689	317.6303
316.4699	318.0606
316.7313	318.3233
317.0753	318.6387
317.3179	318.8479
317.4232	319.0976
318.0053	319.4095
318.1999	319.8472
318.2412	319.7904
318.6266	320.3953
318.9103	320.5179
318.9644	320.9389
319.1556	320.8463
319.2568	320.7229
319.4387	321.0465
319.6219	321.0507
319.8128	321.5283
319.8341	321.4209
320.0818	321.6059
320.5129	322.114
320.7887	322.4361
320.8429	322.2342
321.0528	322.754
321.1403	322.7351
321.3174	322.7867
321.4835	323.1434
321.7062	323.321
321.7309	323.5678
321.8705	323.3525
322.2577	323.6602
322.5219	324.0448
322.6956	324.3645
322.9754	324.5242
323.2813	324.8232
323.3091	324.9003
323.967	325.7053
324.0145	325.6425
324.3699	325.951
324.3985	326.052
324.4837	326.1688
324.627	326.1138
324.759	326.2977
325.1555	326.5581
325.377	326.8066
325.5742	326.9761
325.688	327.2836
326.06	327.7133
326.0861	327.5591
326.2131	327.9324
326.4468	328.1327
326.5321	328.1777
326.6487	328.3005
326.6904	328.3158
327.0099	328.4615
327.0663	328.8621
327.0973	329.091
327.1385	329.363
327.1811	329.4028
327.2168	329.5214
327.2178	329.2691
327.5026	329.6395
327.6045	329.4622
328.1235	329.5928
328.4688	329.9906
328.6545	330.2256
329.1881	330.9228
329.2991	330.9069
329.5041	330.9669
330.8543	332.4864
330.8552	332.6159
331.0649	332.5988
331.2712	332.783
331.4361	333.0761
331.4807	333.1558
331.633	333.3766
331.7929	333.2789
331.8452	333.428
332.1887	333.7388
332.4379	333.8005
332.7063	334.3095
333.1176	334.686
333.345	334.974
333.356	334.8983
333.6266	335.5638
333.7458	335.5007
333.9501	335.8224
334.0037	335.6552
335.0758	336.6135
335.3186	336.8747
335.5115	337.1659
335.6321	337.2059
335.7508	337.4019
335.793	337.3661
335.8806	337.5102
336.1115	337.5754
336.467	338.1059
336.7099	338.2364
337.0536	338.7029
337.1051	338.8109
337.1052	338.6633
337.3206	338.7543
337.4031	338.9
337.7963	339.2708
337.8301	339.4506
338.0211	339.4836
338.3145	339.7095
338.9029	340.4369
339.0331	340.9142
339.0483	340.7881
339.1706	340.7597
339.6938	341.209
339.753	341.4162
339.981	341.8299
339.9953	341.825
340.0794	341.8534
340.2942	342.0725
340.5787	342.229
340.6428	342.3017
340.9089	342.4461
340.9398	342.574
341.3108	342.936
341.3466	343.007
341.4435	343.1323
341.8173	343.5839
342.8976	344.5742
342.9834	344.3856
343.3115	345.1493
343.3451	345.2323
343.6302	345.5025
343.7697	345.3797
344.074	345.5081
344.097	345.7765
344.5114	345.8994
344.6132	346.0714
345.1707	346.5298
346.3612	347.9092
347.0381	348.834
347.0633	348.7437
347.2686	348.964
347.2823	349.0875
347.3385	349.0724
347.7484	349.4317
347.7912	349.5487
348.0794	349.4602
348.2289	349.8281
348.2776	350.1063
348.5104	350.1869
349.799	351.3014
349.8909	351.6912
349.9243	351.8273
349.9299	351.8109
350.3764	351.9646
350.8252	352.5185
351.421	352.9528
351.85	353.3413
352.0632	353.6872
352.1638	353.7922
352.2244	353.9018
352.3459	354.123
352.3561	354.1807
352.4716	354.0827
352.8605	354.4002
353.0978	354.9592
353.1009	354.9895
353.2771	355.0065
353.4989	355.3861
353.7846	356.0747
353.9175	355.6126
354.0899	356.0883
354.134	356.1924
354.3308	356.2221
354.4802	356.1345
354.6173	356.0747
355.144	356.5915
355.2139	356.6743
355.4283	357.0458
355.5321	357.0419
356.0725	357.6589
356.076	357.7395
356.4283	357.7945
357.0304	358.6083
357.2789	358.9926
357.6575	359.1316
358.2516	359.9421
358.451	360.1748
358.7462	360.302
358.7688	360.4307
359.0813	360.4759
359.1953	360.8535
359.3301	361.0816
359.4082	360.8456
359.573	361.189
359.8598	361.4074
360.1507	361.62
360.3857	362.082
360.4972	362.1089
360.6325	362.3653
360.8799	362.6296
361.2709	362.8973
361.3521	363.3011
361.4496	363.3358
361.5013	363.4354
362.0362	363.8255
362.1008	363.8707
362.2898	363.9391
362.7894	364.3441
362.9565	364.5846
363.0107	364.6285
363.122	364.8036
363.4547	365.0339
364.4055	365.9722
364.485	366.2719
364.6142	366.5865
364.6839	366.5323
364.8257	366.7045
364.9643	366.6341
365.0637	366.8753
365.3222	366.7871
365.4223	366.9065
365.6396	367.109
365.7928	367.613
365.7998	367.6736
365.9358	367.5922
366.1106	367.8819
366.1406	368.1105
366.2366	368.1755
366.312	368.2299
366.7788	368.3067
367.3083	368.7606
367.3641	369.1406
368.1348	369.6705
368.3015	370.1114
368.4056	370.3236
368.4221	370.3819
368.8425	370.4587
368.907	370.4902
368.9334	370.5966
369.0692	370.6547
369.6767	371.2656
369.9057	371.729
369.928	371.8217
370.34	371.9968
370.3556	372.0822
370.4565	372.1815
370.932	372.4447
371.4255	372.8509
371.5113	372.9813
371.6102	373.4712
371.6331	373.48
371.8285	373.6585
372.1795	373.6366
372.4912	374.2031
372.5456	374.334
372.6007	374.5463
373.0002	374.5407
373.3768	375.0952
373.3955	375.1396
373.6621	375.3418
373.719	375.236
373.999	375.8155
374.0164	375.973
374.0417	375.8641
374.2029	376.2715
374.3034	376.1034
374.9054	376.3811
375.1069	376.4424
375.7588	377.5981
375.8439	377.6887
376.0055	377.3323
376.1737	377.8648
376.3279	377.9126
376.3799	378.2032
376.4907	377.9576
377.1344	378.6365
377.3202	378.7209
377.4	378.8414
377.5604	379.0655
377.6002	379.3202
377.7139	379.8205
377.8555	380.2611
377.8933	380.2512
377.928	380.2431
377.9654	380.4865
378.0344	380.5571
378.1633	380.6469
378.1704	380.6647
378.2009	380.7767
378.2798	380.7843
378.8005	380.9546
378.8783	381.059
379.4784	381.2074
379.515	381.3107
380.0103	382.0563
380.0118	381.8938
380.201	382.1413
380.6538	382.2897
380.9812	382.7029
381.0327	382.8838
381.0779	382.9308
381.4967	383.2754
381.6129	383.2199
381.8594	383.537
382.0211	383.5142
382.2775	383.6384
382.4532	383.9084
382.6672	384.1672
382.901	384.4222
383.1467	384.6678
383.3977	384.848
383.4643	385.4248
383.4761	385.222
383.5757	385.4532
383.8344	385.3134
384.0869	385.476
384.2849	385.9735
384.4171	385.946
384.4768	386.1861
384.6334	386.3692
384.6405	386.3463
384.9177	386.9072
385.0432	386.7553
385.082	386.9142
385.5909	387.2573
385.9231	387.3267
385.9759	387.5062
386.4473	387.9485
386.8379	388.4821
386.8505	388.4288
387.2182	389.1105
387.3025	388.9289
387.6491	389.1596
387.685	389.1833
388.2072	389.6566
388.4023	390.1342
388.4028	389.9196
388.6617	390.5303
388.7368	390.4005
388.9552	390.6447
389.1408	390.6364
389.3626	391.1268
389.9577	391.3508
390.3312	391.8905
390.3904	391.9602
390.4411	392.1397
390.5332	391.9991
390.8225	392.418
390.856	392.3408
391.3442	393.1667
391.3476	392.9696
391.4045	393.2659
391.4641	393.2147
391.6564	393.4071
392.3744	393.949
392.8803	394.4935
393.1136	394.7153
393.9078	395.5342
393.9445	395.6978
394.37	395.898
394.3989	395.9663
394.608	395.9771
394.7643	396.3117
395.7085	397.2321
395.7735	397.4688
396.0113	397.6794
396.1991	397.8581
396.6513	398.1802
396.9291	398.7313
396.9644	398.6803
397.1348	398.7522
397.236	398.8632
397.3447	399.1513
397.457	399.2173
397.7362	399.5243
398.1596	399.6473
398.2392	399.7855
398.2788	399.972
398.4117	399.8797
398.7533	400.2166
398.8738	400.4086
398.9012	400.3221
399.3411	400.9205
399.5407	401.1399
399.6034	401.1772
399.6309	401.3451
399.8287	401.6404
400.3168	401.8398
400.4498	402.1641
400.5941	402.4085
400.6388	402.3283
400.72	402.9356
400.8783	403.114
400.8825	402.7871
401.2296	403.0889
401.6282	403.29
401.9982	403.7689
402.0281	403.4557
402.1949	403.923
402.295	403.7932
402.6742	404.4751
402.736	404.2596
403.0674	404.4814
403.3528	404.8346
403.6742	405.1141
404.1829	406.3503
404.1907	406.0126
404.3797	406.3085
404.5347	406.3625
404.6485	406.5055
404.6871	406.5761
404.6909	406.5155
405.2121	406.801
405.279	407.0771
405.5055	407.0019
405.6673	407.0342
405.7638	407.3057
405.8179	407.4455
406.0633	407.5763
406.1918	408.3233
406.195	408.0477
406.2352	408.2302
406.2468	408.1649
406.6322	408.5847
406.6325	408.436
406.6598	408.5134
406.7809	408.6294
406.9605	408.7222
407.0064	409.0625
407.1883	408.8932
407.489	409.0513
407.5832	409.0755
408.1178	409.6219
408.1416	409.8721
408.1847	409.9784
408.7756	410.1652
408.8708	410.2935
409.4302	411.1673
409.5306	411.2194
409.9066	411.413
410.3818	412.0232
411.2435	412.6897
411.7441	413.2681
411.9364	413.4137
412.306	413.9717
412.4175	413.9289
412.5811	414.1031
413.1552	414.7226
413.2419	414.9821
413.3731	414.9498
413.7801	415.2841
413.8407	415.5482
413.9822	415.5355
414.0687	415.5655
414.4814	416.1264
414.8283	416.2073
414.9625	416.5232
415.49	417.1543
415.645	417.4061
415.7516	417.3918
416.2757	417.874
416.3979	417.8902
417.477	418.91
417.5424	419.0083
417.9314	419.5415
418.0997	419.6384
418.1326	419.8083
418.2978	419.92
418.515	419.9934
418.7585	420.1717
418.932	420.482
419.3604	421.0905
419.4031	421.1246
419.9963	421.5647
420.1649	421.9432
420.2233	422.2196
420.3347	422.7024
420.4201	422.4896
420.4852	422.7889
420.5058	422.8511
420.6366	422.7531
420.8267	422.8564
420.9457	422.5379
421.8199	423.2928
422.0097	423.5487
422.1074	424.0698
422.1213	423.9514
422.7079	424.2788
422.7451	424.6093
422.8423	424.7239
423.0494	424.7773
423.4061	425.0197
423.9121	425.6762
424.0344	425.76
424.1514	425.8145
424.7926	426.4374
425.3626	426.986
425.592	427.1829
425.701	427.3355
427.9021	429.4249
427.9952	429.7378
428.1151	429.8097
428.1306	429.9773
428.3394	430.2891
428.5053	430.3621
428.6188	430.3344
428.9135	430.6572
429.0844	430.4526
429.2667	430.8121
429.4569	431.1419
429.6486	431.3394
430.2151	431.9936
430.238	431.9612
431.0659	432.708
431.6442	433.1481
431.6486	433.1307
431.8707	433.4924
431.9535	433.6399
432.974	434.4487
433.4153	435.0346
433.8395	435.4908
434.0743	435.7093
434.5025	436.1415
434.582	436.2509
434.7372	436.3196
435.017	436.5014
435.2976	436.9677
435.3624	436.7804
435.6047	437.2179
435.6894	437.4583
435.7636	437.6188
435.9469	437.5288
436.1163	437.7909
436.36	437.9783
436.3976	438.3
437.0008	438.4717
437.0839	438.6947
437.0853	438.9206
437.1738	439.0102
437.4179	438.8725
437.572	439.1184
437.7161	439.4017
437.7469	439.4311
437.8212	439.4212
438.1853	439.589
438.8211	440.3445
438.9059	440.5762
438.9398	440.6458
439.284	440.7285
439.6282	441.0152
439.7133	441.2038
439.7771	441.8832
439.8298	441.5081
439.8403	441.836
439.89	441.8111
440.0606	441.7854
440.1868	442.0533
440.4022	442.2836
440.4439	442.2112
440.576	442.4402
440.7477	442.3362
441.1754	442.6758
441.9369	443.9371
441.9885	444.1669
442.041	444.4582
442.052	444.0639
442.2509	444.1344
442.2947	444.4385
442.8137	444.3421
443.3933	444.7941
443.5983	445.0042
443.669	445.3325
444.1916	445.7998
444.3743	446.091
444.5191	446.2383
444.5555	446.3568
444.7651	446.4196
445.1224	446.725
445.469	446.9998
445.7851	447.2853
446.1299	447.7801
446.1793	448.0284
446.2132	447.9681
446.6953	448.5059
446.7214	448.4751
447.1413	448.7301
447.8196	449.2308
448.0728	449.7944
448.0928	449.8348
448.2157	450.0709
448.2326	450.1091
448.2593	450.2012
448.4442	450.0846
449.2248	450.6598
449.6746	451.3017
449.8758	451.5028
450.0235	451.4865
450.2488	451.7877
450.2658	451.9933
450.4573	452.0513
450.6365	452.1017
450.7207	452.569
450.736	452.3489
450.7607	452.4301
451.7743	453.2481
451.7849	453.3096
452.0319	453.5113
452.1435	453.8609
452.1642	453.9861
452.2251	453.83
452.8919	454.6108
452.9569	454.5647
453.3672	455.1602
453.3679	454.97
453.5375	455.3795
453.559	455.4783
453.6864	455.5779
454.4425	455.8312
454.6811	456.2853
455.6682	457.1705
455.7788	457.3894
455.7806	457.5779
455.8442	457.5853
455.9672	457.529
456.2301	458.2171
456.2311	457.9692
456.4208	458.2136
456.4364	458.2064
456.581	458.3322
456.6158	458.3616
456.6967	458.7101
456.8401	458.505
457.0195	458.7392
457.1788	458.8275
457.4793	459.1231
457.5654	459.3867
457.6289	459.5164
457.8123	459.6179
457.8797	459.8584
457.9738	459.9037
458.2041	460.0257
458.2812	459.8979
458.6425	460.01
459.0579	460.7198
459.2096	461.3037
459.3265	461.5846
459.3535	461.5048
459.5175	461.5811
459.683	461.6966
459.7077	461.6893
460.1867	462.0418
460.2283	462.2192
460.3602	462.1392
460.8363	462.3443
460.9864	462.5856
461.0229	462.5754
461.1866	462.8339
461.5272	463.0401
461.7624	463.1977
461.9541	463.4691
462.274	463.6813
462.4345	464.2166
462.5875	464.4464
462.5915	464.4698
462.9241	464.4705
463.0894	464.8934
463.1837	465.4436
463.1958	465.4027
463.6219	465.8823
463.6421	466.0956
463.6549	465.9705
463.7203	465.9116
464.3856	466.0302
464.5832	466.0827
464.6078	466.2922
465.0387	466.6017
465.8525	467.438
466.1731	467.7068
466.5489	468.0789
466.6771	468.3901
466.762	469.0538
466.8443	468.939
466.8572	468.882
467.3718	469.4379
467.3842	469.1301
467.4457	469.2612
467.7689	469.4358
468.3262	469.6919
468.7905	470.2758
468.8863	470.4386
469.4008	471.1323
469.4164	471.1056
469.4523	471.3571
469.7002	471.4999
469.7224	471.5229
469.9444	471.4504
470.211	471.7736
470.2689	471.8629
470.464	471.8017
470.8632	472.3734
471.1135	472.771
471.4833	472.9753
471.9606	473.6136
471.9793	473.7399
472.3591	473.9906
472.6319	474.2296
472.688	474.4286
473.0678	474.4625
473.1607	474.8222
473.1758	475.0246
473.4993	475.1834
473.533	475.301
473.9388	475.4365
474.0299	475.4789
474.9703	476.6149
475.2435	476.8704
475.3909	477.1063
475.442	477.2772
475.6924	477.5703
475.7289	477.5769
475.7765	477.8261
475.8425	477.8018
476.087	477.906
476.3527	478.0993
476.9358	478.3884
477.2136	478.8934
477.6332	479.2175
478.0365	479.5813
478.1685	479.897
478.1956	479.8165
478.208	479.7678
478.6657	480.2054
478.9199	480.454
479.2509	480.8686
479.4288	480.8957
479.7463	481.122
479.8793	481.4269
480.1383	481.6834
480.2323	481.7598
481.0367	482.5419
481.5005	482.9996
481.6867	483.0887
482.095	483.9765
482.214	483.8301
482.6257	484.1281
482.6399	484.4784
482.7626	484.3801
483.0701	484.6464
483.2352	484.8532
483.9904	485.75
484.0997	485.5274
484.3042	485.8876
484.4221	486.1311
484.4583	486.0169
484.6218	486.1811
485.0268	486.7512
485.0362	486.6524
485.3325	487.0848
485.4104	487.2105
485.4533	487.2071
485.592	487.3593
485.6605	487.426
485.8787	487.6412
485.953	487.7058
486.0285	487.5487
486.1628	488.1201
486.166	487.9334
486.3217	488.2116
486.3532	488.2773
486.4309	488.5961
486.8977	488.6085
487.1688	488.998
487.4264	489.1065
488.1909	489.8752
488.3162	489.8904
488.63	490.2935
488.6391	490.2952
488.8042	490.5083
489.0578	491.1869
489.1717	491.5867
489.198	491.6295
489.2759	491.6188
489.3579	491.7401
489.6285	491.6071
489.7765	491.7916
489.7806	491.8201
490.131	492.1248
490.4313	492.766
490.4547	492.9288
490.4689	492.8005
490.4818	492.3207
490.7598	492.5006
491.1416	492.9401
491.2345	492.7779
491.381	493.1564
491.4107	493.2462
491.4198	493.3096
491.6075	493.5426
491.8165	493.4736
492.1843	493.5614
492.3084	493.8749
492.431	493.9962
492.7175	494.2024
492.8696	494.3286
492.9139	494.5277
493.0268	494.5416
493.2945	495.0501
493.3157	495.0651
495.1493	496.6059
495.2383	496.7806
495.5347	497.1673
495.676	497.5211
495.7049	497.5802
495.7191	497.9402
495.8227	497.9592
495.9306	498.0633
496.1151	498.1492
496.1807	498.0033
497.0799	498.7545
497.2959	498.8397
497.3861	498.9539
497.7049	499.3996
498.0815	499.5922
498.3343	499.9331
498.5065	500.0825
498.7369	500.1742
498.802	500.3301
499.5223	500.9343
499.6494	501.2765
499.8123	501.461
500.3143	501.7195
500.9447	502.5715
500.9556	502.622
501.3632	502.8114
501.6775	503.2189
501.949	503.5059
502.3176	503.7206
502.6297	504.1154
502.7152	504.2153
503.2007	504.8904
503.2592	505.1835
503.2888	505.0149
503.5162	505.6768
503.5445	505.5297
503.5634	505.4992
504.0222	505.7249
504.0334	505.7207
504.9714	506.5813
504.9896	506.4613
505.2189	506.5927
506.3301	507.7632
506.5302	508.1147
506.9828	508.655
506.9935	508.702
507.4269	509.0113
507.4479	509.0146
508.216	509.7352
508.3918	510.1781
508.4484	510.2512
508.6039	510.3785
508.6893	510.6036
508.7489	510.5409
508.8469	510.9398
509.1412	511.7971
509.1464	511.5488
509.1774	511.6616
509.3011	511.8908
509.47	512.1293
509.5219	512.2929
509.8424	512.2193
509.9127	512.4245
510.1093	512.3787
510.2186	512.4583
510.3283	512.6414
510.9684	512.6649
511.1251	512.8641
511.1863	512.7494
511.2857	512.9569
511.4506	513.019
511.8752	513.3825
512.0454	513.7445
512.1046	513.8667
512.3538	513.9146
512.9258	514.7514
513.2511	514.7456
513.9481	515.6097
513.9663	515.7763
514.0382	515.9254
514.0911	515.8663
514.7072	516.5377
514.7244	516.4096
515.0478	516.5665
515.2571	516.7509
515.4804	516.9972
515.632	517.0607
515.7539	517.2059
515.967	517.6559
516.1656	517.8167
516.4551	518.0034
516.506	518.4068
516.5304	518.4577
516.6278	518.38
516.7795	518.3952
517.3245	518.902
518.2416	519.8593
518.3643	519.7632
518.4981	520.0219
518.6867	520.265
519.1904	520.7972
519.285	520.965
519.3499	521.1022
519.4654	521.3898
519.5344	521.4126
519.5905	521.3835
519.9704	521.6569
520.023	521.5478
520.2259	521.9581
520.3296	522.0193
520.4254	522.2166
520.495	522.2672
520.733	522.6183
520.8405	522.7199
520.9402	523.1603
520.9913	522.9499
521.3789	523.085
521.8144	523.2256
521.9939	523.7459
522.0236	523.9094
522.0789	524.0036
522.2276	523.8677
522.6263	524.2256
522.6537	524.3612
522.8109	525.1471
522.8168	525.009
522.8629	524.7833
523.007	525.0919
523.5292	524.9432
523.8272	525.6964
523.9095	525.7637
524.1539	525.6329
524.4111	525.9696
524.5237	525.9854
524.7009	526.2801
525.1184	526.7556
525.2401	527.0624
525.3223	527.0221
525.3259	526.9706
525.5489	526.9726
525.8727	527.6261
525.8739	527.6702
525.9109	527.5529
526.0844	527.7786
526.2899	527.6931
526.606	528.1018
527.3752	529.0309
527.4428	529.05
527.8692	529.3008
528.2024	529.8068
528.276	529.9575
528.4449	530.4659
528.5221	530.368
528.8924	530.4076
529.1315	530.6286
529.4736	531.2395
529.5012	531.2696
529.7213	531.6281
529.8388	531.7187
529.8708	531.8991
530.0545	531.8538
530.2578	531.7433
530.7409	532.1874
530.8926	532.301
530.9009	532.3967
531.2654	532.7345
531.3397	532.7949
531.4869	533.0004
531.8745	533.385
531.9809	533.7666
532.0004	533.6488
532.7801	534.3261
532.8278	534.5062
533.86	535.4112
534.3557	535.7885
534.8132	536.435
535.2425	536.7837
535.4011	537.0541
535.4077	536.9767
535.9222	537.5433
535.9237	537.4815
535.9635	537.8046
536.1814	537.6281
536.3508	537.9886
536.5311	538.065
536.6784	538.0338
537.1801	538.5279
537.3348	538.8759
537.5095	539.0132
537.5234	539.0938
537.6685	539.241
537.9526	539.4578
538.1668	539.9497
538.3555	540.2352
538.4556	540.3341
538.4619	540.3948
538.6753	540.5344
538.7264	540.5823
538.7647	540.6651
539.1069	540.6599
539.684	541.3787
539.6889	541.4571
539.7056	541.4071
539.8236	541.7161
540.0114	541.8488
540.0427	542.0482
540.1633	542.7176
540.2149	542.313
540.227	542.6195
540.2413	542.588
540.5003	542.8138
540.5882	543.0274
540.6807	542.9669
540.8616	543.211
540.8658	543.2829
541.0317	543.3258
541.2622	543.5432
541.6604	543.5943
542.0402	543.6084
542.5911	544.013
542.7175	544.3171
542.8093	544.2836
542.8934	544.6838
544.233	545.9357
544.264	545.9568
544.6834	546.1465
544.9771	546.545
545.0371	546.8948
545.1176	546.5872
545.4958	546.9776
545.8542	547.4232
546.0486	547.518
546.5159	548.1031
546.5702	548.3646
546.8251	548.4244
547.4091	549.0835
547.4359	548.9207
547.655	549.3496
547.6789	549.4905
547.8574	549.5131
548.3645	550.133
548.3764	550.1398
548.6356	550.1291
548.9174	550.2823
549.1634	550.8644
549.1783	550.8539
549.3421	550.8411
549.6799	551.143
549.977	551.7347
550.374	552.09
550.4297	552.1697
550.8217	552.4189
551.0234	552.7849
551.0332	553.248
551.1378	553.3049
551.1599	553.2237
551.2134	553.0272
551.4328	553.717
551.5763	553.7756
551.7164	553.7513
552.0756	553.7369
552.4035	553.8895
552.5393	554.2604
552.603	554.2628
552.6356	554.5879
553.1406	554.6878
553.2277	554.8017
553.2669	554.9647
553.5856	555.301
554.5126	556.0993
554.5698	556.2466
554.6434	556.3838
554.7935	556.5718
555.1849	556.9684
555.3208	556.8522
555.6118	557.1404
555.9104	557.5645
556.4793	558.0575
556.858	558.4276
557.0455	558.5372
557.1918	558.7241
557.612	559.1525
557.7583	559.3227
557.8671	559.5652
558.3748	559.8149
558.657	560.1428
558.8867	560.456
559.0892	560.4942
559.3044	560.8813
559.68	561.3841
560.0328	561.6606
560.2255	561.8077
560.3157	561.8608
560.3858	562.0181
560.7568	562.3917
561.0619	562.5685
561.4213	563.09
561.4455	563.4249
561.4842	563.5315
561.5983	563.7661
561.5997	563.8595
561.6318	563.8469
561.6666	564.0069
561.6743	563.9605
561.9402	564.0984
562.5139	564.2068
562.7321	564.2205
562.939	564.6222
563.0558	564.6306
563.5712	564.9336
563.6598	565.3123
563.7142	565.2106
564.2669	565.7814
564.7936	566.3413
565.1144	566.7008
565.3487	567.0428
566.2374	567.7451
566.6759	568.2319
567.4507	568.8895
567.883	569.3299
568.1094	569.7476
568.2317	570.0351
568.3322	570.4535
568.707	570.5064
569.0199	570.5713
569.1247	570.8619
569.5875	571.1257
569.8828	571.552
570.3843	572.0897
570.8483	572.2853
571.0653	572.5824
571.4416	572.8893
571.8037	573.3288
572.2758	573.8268
572.3409	573.8388
572.6758	574.1085
572.9712	574.5495
573.0691	574.7307
573.4372	575.023
573.4993	575.191
573.5489	575.3761
573.8911	575.4503
574.2671	575.9295
574.2993	576.0527
574.3191	576.2871
574.3353	576.0564
574.5919	576.6406
574.7344	576.3601
574.9359	576.5692
575.1724	576.5882
575.2641	576.6614
575.5267	577.0906
575.9257	577.3977
576.2433	577.7163
576.5907	578.1186
576.7815	578.2854
577.3108	578.8838
577.5266	579.1348
577.5877	579.0596
578.0698	579.3971
578.4445	580.0441
578.5411	580.5126
578.5718	580.2594
578.6477	580.5709
578.7791	580.6747
579.0669	581.3752
579.1533	581.3938
579.5597	581.5012
579.624	581.3289
580.2306	581.8933
581.2957	582.9571
581.7393	583.1175
581.936	583.6078
582.1206	583.6682
582.1461	583.9463
582.6115	584.4246
582.7832	584.3146
583.1622	584.542
583.3453	585.1686
583.3468	585.1184
583.3694	585.2561
583.489	585.1748
583.8694	585.3648
583.9347	585.6736
584.1889	585.8478
584.834	586.5923
585.5061	587.0905
585.5406	587.4058
585.9025	587.3693
586.571	588.006
586.891	588.626
586.9079	588.4808
587.6169	589.11
587.7034	589.3655
587.729	589.6346
587.8251	589.573
588.3992	590.028
589.0087	590.449
589.1081	590.6235
589.2284	590.8728
590.2657	591.7679
590.4199	592.0859
590.6726	592.1248
590.7092	592.4474
590.9293	592.7944
590.9837	592.9435
591.0381	593.0157
591.068	592.7993
591.116	592.9806
591.6219	593.3265
591.7272	593.5398
592.1381	593.8583
592.4201	593.8675
592.5034	594.2332
592.5315	594.2502
592.58	594.2079
593.1878	594.753
593.4963	594.9557
593.5403	595.216
593.8612	595.4558
594.0378	595.521
594.2336	595.7384
594.825	596.4658
595.1005	597.0696
595.1348	597.0258
595.2048	597.2316
595.4136	597.2353
596.0394	597.4835
596.0981	597.8484
596.3104	597.8855
596.6487	598.2482
596.8284	598.5067
596.8733	598.5674
597.1626	598.6055
598.1778	599.7626
598.4777	599.9715
598.5749	600.1553
599.0017	600.7318
599.0724	601.0091
599.076	601.1011
599.1609	600.9879
599.1685	601.339
599.272	601.1112
599.3106	601.3112
599.5311	601.3876
599.8763	601.5787
599.9403	601.9025
599.9998	602.543
600.0534	602.4797
600.2387	602.456
600.3418	602.4013
600.6538	602.5575
600.9	602.813
601.0037	603.0796
601.0095	603.1571
601.0187	603.3295
601.2174	603.4517
601.2249	603.4251
601.2351	603.3551
601.2964	603.5154
601.6713	603.9398
601.7154	603.9972
601.7513	604.071
601.8476	604.3139
601.8825	604.3678
602.0217	604.106
602.3603	604.2265
602.5243	604.5086
602.7871	604.6401
603.0109	604.6556
603.2499	604.6114
603.9287	605.4947
604.0615	605.6086
605.0383	606.6982
605.3497	607.0913
605.3841	607.2093
605.3856	607.204
605.8445	607.3659
606.0307	607.6168
606.2774	607.9089
606.6592	608.2444
606.8644	608.3186
606.948	608.6766
607.0739	608.6905
607.3732	608.6962
607.4818	608.9924
607.812	609.2096
608.0655	609.4711
608.3719	609.9254
608.5672	610.0758
608.6089	610.1873
608.9778	610.4778
609.7512	611.2921
609.8659	611.4313
609.9418	611.3384
610.2499	611.7065
610.3091	612.1111
610.7946	612.3337
611.0192	612.4629
611.1628	612.8117
611.2458	612.801
611.3632	613.2411
611.5982	613.4555
611.6808	613.4383
612.1168	613.5467
612.4454	614.0001
612.9025	614.3722
612.917	614.5509
613.1915	614.8315
613.3177	614.9885
613.3382	615.0042
613.5754	615.1387
613.8358	615.3585
613.9747	615.4082
614.0697	615.5492
614.3703	615.9782
614.4041	615.9157
614.9568	616.8389
615.0233	616.676
615.2048	616.797
615.4136	617.0588
615.4654	617.5329
615.4665	617.7582
615.4944	617.8615
615.5779	617.8156
615.643	617.9946
615.7099	618.2962
615.858	618.1267
616.0124	618.1048
616.1193	618.1999
616.6183	618.2207
616.6719	618.4211
616.9206	618.3279
617.2498	619.0149
617.3813	619.034
617.7706	619.4969
617.8211	619.7018
617.8924	620.0969
617.969	620.043
618.1	620.0179
618.1175	619.9396
618.5934	620.1767
618.8966	620.6644
619.0384	620.8826
619.1568	620.9634
619.204	621.3752
619.2535	621.115
619.3662	621.444
619.3773	621.2388
619.5939	621.5802
619.6334	621.5532
619.7044	621.5958
621.2861	622.8683
621.6329	622.9907
621.7313	623.4252
621.7373	623.6056
621.9224	623.3631
623.1765	624.5934
623.5909	625.0338
623.6678	625.5203
623.6887	625.681
623.7493	625.5694
624.0022	625.6427
624.6239	626.2677
624.6621	626.3564
624.7586	626.564
624.8745	626.4005
625.5194	627.1358
625.621	627.059
626.0125	627.386
626.1247	627.4669
627.1533	628.5039
627.3458	629.1567
627.4064	629.3139
627.4677	629.3589
627.6136	629.3977
627.7897	629.2801
628.1405	629.6764
628.6641	630.3404
628.7197	630.5229
628.7431	630.7307
628.7678	630.7613
628.8267	630.5476
629.5573	631.0239
629.5782	631.0696
629.7995	631.3344
629.9389	631.8187
629.9789	631.896
630.023	631.991
630.0702	632.0023
630.1235	632.2399
630.1509	632.2746
630.3581	632.4513
630.364	632.4396
630.6731	632.6341
630.7858	632.9994
631.0541	633.0455
631.3296	633.1716
631.394	632.9927
631.4424	633.267
631.821	633.4045
632.0473	633.6283
632.3017	633.907
632.4471	634.3197
632.4624	634.1669
632.6035	634.3303
632.7664	634.5962
632.8258	634.771
633.0896	634.685
633.8203	635.3849
633.9224	635.3274
633.9956	635.7541
634.0226	636.1725
634.0322	636.2034
634.1426	636.1035
634.4642	636.2109
634.9161	636.3509
634.9515	636.5177
635.43	636.8307
635.5897	636.9341
635.7279	637.2948
635.772	637.5511
635.878	637.4942
636.7654	638.2638
636.9435	638.3242
637.0085	638.5147
637.1645	638.9044
637.2923	638.9368
637.4508	639.1239
637.9027	639.2341
638.0634	639.5052
638.2029	639.6366
638.3231	639.9396
638.3256	640.1363
638.5045	640.2313
638.7963	640.4521
639.1692	640.6054
639.7614	641.2371
639.9262	641.6342
640.0387	641.6262
640.248	641.8092
640.5005	642.0988
640.8046	642.3261
640.9585	642.692
640.9728	642.666
640.9954	642.7014
641.1446	642.9046
641.2967	643.0533
641.9483	643.4295
642.3274	644.0315
642.3329	644.1198
642.4187	644.1826
642.8064	644.4393
642.9047	644.6161
643.7612	645.2243
645.1409	646.6435
645.708	647.3348
645.938	647.4292
646.2374	647.9361
646.2574	648.0752
646.2917	648.0921
646.8893	648.5266
647.0205	648.4329
647.3664	648.7775
647.8096	649.6584
647.8606	649.7629
647.9063	649.7122
647.9453	649.8371
648.3937	649.9617
648.5501	650.0916
649.1462	650.6594
649.5764	650.9522
649.6253	651.4048
649.7495	651.2129
649.845	651.2746
650.1613	651.6302
650.216	651.8151
650.5397	652.0939
650.7279	652.2945
650.9008	652.4848
651.1802	652.5747
651.6306	653.1027
652.6135	654.112
652.708	654.3031
652.9949	654.5591
653.0731	654.7618
653.304	655.2972
653.3202	655.1488
653.3759	655.216
653.5616	655.2491
653.9213	655.2937
654.0458	655.9977
654.0621	655.8312
654.0829	655.8612
654.1528	655.9279
654.5714	656.1125
654.9224	656.6576
655.6662	657.3147
655.6883	657.3107
655.8345	657.4212
655.8534	657.4062
656.0339	657.6711
656.3488	658.0666
656.3529	658.0979
656.8503	658.3958
656.8775	658.392
657.0191	658.9391
657.085	659.0356
657.3425	659.0014
657.8282	659.4373
657.8706	659.6259
657.935	659.5602
658.1178	659.7867
658.2061	659.6412
658.4047	660.1519
658.6415	660.1932
658.977	660.548
659.2471	660.7501
659.515	661.1045
659.53	661.3185
659.678	661.3468
659.8732	661.5815
659.9252	661.5793
660.0734	661.6352
660.5076	662.2513
660.5525	662.3487
660.5528	662.4756
660.6536	662.7034
660.782	662.6369
660.8366	663.0706
660.8875	662.98
660.9642	663.071
661.537	663.0132
661.5811	663.2126
661.8768	663.5816
662.0558	663.7351
662.1155	663.889
662.2754	663.8756
663.1174	664.6715
663.429	664.8586
663.6336	665.0888
664.4572	666.3367
664.5812	666.2884
665.0183	666.7496
665.0955	666.898
665.3279	667.3569
665.3315	667.3887
666.0046	667.5363
666.2101	668.354
666.2132	668.507
666.2216	668.4736
666.2369	668.291
666.8225	668.7657
666.8285	668.8407
667.073	668.5629
667.7271	669.9435
667.728	669.8227
667.767	669.9294
667.8227	669.9262
667.9095	670.0832
668.9929	670.8021
668.9993	670.8228
669.4112	670.8437
669.5147	670.9832
669.6067	671.2103
669.7572	671.4289
670.0018	671.7192
670.1308	671.7099
670.2192	671.723
670.2973	671.8796
670.6708	672.3653
670.8439	672.3244
670.8885	672.391
671.3434	672.8378
671.348	672.944
671.7203	673.3688
671.7542	673.5713
671.7582	673.4734
671.7852	673.5388
672.1962	673.549
672.4523	673.9925
672.643	674.0931
672.6617	674.2398
673.0477	674.6624
673.1656	675.0231
673.3291	675.2391
673.4055	675.2644
673.6102	675.3635
673.7897	675.4901
673.954	675.4683
674.1235	675.7005
674.3776	675.9941
674.8201	676.4207
674.9202	676.5856
675.3051	676.9641
675.3331	676.8005
675.6869	677.467
675.7761	677.3512
676.0665	677.6355
676.2097	677.7939
676.6902	678.3142
676.9774	678.4361
677.3833	678.8785
677.9725	679.3622
678.3139	679.9013
678.4916	680.095
679.748	681.3292
679.9209	681.7006
679.9302	681.5366
680.3614	681.9097
680.3866	682.1205
680.4878	682.3874
680.6312	682.4879
680.7723	682.6467
680.9407	682.8172
681.1812	682.9532
681.2832	682.954
681.3942	683.0586
682.0704	683.6334
682.2264	683.8248
682.4243	683.9551
682.5388	684.0804
682.7772	684.1254
683.1097	684.7638
683.2012	684.7478
683.4276	685.0927
683.8136	685.3558
684.0441	685.6643
684.3257	685.9075
684.4084	686.1977
684.5881	686.2103
684.7509	686.183
685.213	686.8763
685.404	687.1592
685.4605	687.3096
685.4774	687.2819
685.7538	687.681
686.0013	687.6912
686.2772	687.988
686.4273	688.0806
686.6919	688.2341
687.1762	688.7231
687.9366	689.5193
688.0096	689.6385
688.3062	689.9504
688.371	690.0223
688.9869	690.8071
689.044	690.7986
689.1955	691.1056
689.4392	691.3419
689.4457	691.2521
689.6488	691.1711
689.9082	691.5404
690.1762	691.8372
690.1897	691.8477
690.1912	692.0356
690.3945	692.1319
690.5126	692.5665
690.6172	692.5629
691.0226	692.5176
691.3098	692.6633
691.4954	693.0303
691.5752	693.4023
691.794	693.5351
691.9804	693.6125
692.1693	694.0994
692.2072	694.171
692.3983	694.1495
692.8733	694.4995
693.3319	694.8231
693.5198	695.0713
693.7522	695.2968
693.7527	695.3093
693.9841	695.4708
694.2264	695.8981
694.6456	696.239
694.9104	696.5896
695.25	696.8952
695.8115	697.2461
696.0317	697.4402
696.1303	697.6047
696.3827	698.2843
696.4467	698.2176
696.4551	698.4203
696.4798	698.3432
696.5004	698.2999
696.6482	698.483
697.2001	698.6569
697.2118	698.8996
697.903	699.4477
698.1774	699.6693
698.3275	700.1756
698.3488	700.3703
698.4522	700.3298
698.5396	700.5463
698.5682	700.5298
698.6135	700.5056
698.7968	700.7563
698.9644	700.8549
698.9672	700.9496
699.1537	700.8933
699.5112	701.2602
699.6057	701.4817
699.7324	701.4747
699.7834	701.4828
699.9118	701.6637
700.1544	701.7556
700.268	701.9049
700.2846	701.8639
700.485	702.0841
700.6079	702.2476
700.6961	702.504
701.4205	702.8649
702.0118	703.6397
702.6748	704.4486
702.9593	704.4259
702.977	704.6878
703.6168	705.324
704.1246	705.5448
704.8181	706.5403
704.836	706.6109
704.96	707.1623
705.0186	706.7491
705.1311	707.0329
705.2519	707.1376
705.286	706.9386
706.0839	707.8881
706.1862	707.8902
706.8052	708.2943
706.9746	708.5481
707.2328	708.915
707.4158	708.9664
707.7435	709.4219
707.9807	709.4886
708.2123	709.6571
708.7095	710.0903
708.89	710.411
708.9392	710.6907
709.0197	710.7866
709.4851	711.0382
709.6381	711.3241
710.253	711.799
710.2947	712.1173
710.3166	712.0004
711.0458	712.7385
711.1172	712.6969
711.2912	712.8705
711.4876	712.9119
711.8014	713.9353
711.8188	713.7584
711.9916	713.9963
712.1	713.8644
712.5667	714.0276
713.24	714.765
713.7102	715.2233
713.7352	715.2421
713.8838	715.4915
714.7378	716.0649
714.9609	716.5997
715.0161	716.5881
715.2978	716.8542
715.6776	717.351
715.7685	717.5873
715.7832	717.3839
716.7351	718.8373
716.767	718.7074
716.8099	718.6115
716.8764	719.0159
717.1686	719.2165
717.2811	718.8103
717.4275	719.1775
718.068	719.5377
718.2547	719.8531
718.2632	719.8424
718.3604	720.1177
718.3866	720.0193
718.9637	720.5693
719.1352	720.7108
719.3669	720.8503
719.5062	721.1
719.6739	721.158
719.748	721.3739
720.7973	722.2669
720.9	722.4712
721.265	722.6788
721.5132	722.9842
721.6296	723.5389
721.6354	723.5598
721.7293	723.6369
722.3508	723.7697
722.4344	723.8823
723.6296	725.0685
723.8999	725.4786
724.0668	725.8923
724.303	725.9891
724.4785	726.1506
724.6853	726.1659
724.8582	726.8583
724.8748	726.9466
724.9444	726.9483
725.1375	726.8389
725.672	727.114
725.6805	727.4527
726.0825	727.9661
726.1731	727.8503
726.2793	728.0282
727.057	728.683
727.1519	728.644
727.1609	728.7463
727.4605	728.8851
727.9233	729.8444
727.9472	729.6816
727.9502	729.7212
728.6535	730.1996
728.8325	730.5771
729.214	730.7713
729.5181	730.9765
729.7658	731.1761
729.8685	731.3078
730.2414	732.0446
730.6878	732.1481
730.9052	732.7156
731.0517	732.991
731.1579	732.7539
731.2906	733.0718
731.4502	733.2703
731.6542	733.3524
731.9184	733.674
732.0085	733.9968
732.0338	734.1755
732.7574	734.3868
733.726	735.2537
733.7442	735.2998
733.7864	735.5078
734.1971	735.8546
734.756	736.5459
734.7809	736.5245
735.1315	736.7077
735.6751	737.3239
736.17	737.6634
736.3962	737.9768
736.5747	738.375
736.587	738.2522
737.2966	738.9908
737.3541	739.1143
737.6218	739.1236
737.7787	739.1813
738.4704	740.1903
738.5391	740.1577
739.245	740.768
739.9771	741.4441
740.1874	741.8749
740.7774	742.2534
740.8599	742.534
740.9039	742.5332
742.5465	744.05
743.0266	744.5391
743.7989	745.4851
744.7734	746.3528
744.8519	746.4063
744.9032	746.6881
745.1493	746.8624
745.2828	746.882
745.3701	747.1425
745.5394	747.2769
745.7251	747.2767
746.1744	747.7609
746.8766	748.856
747.0169	748.8532
747.0285	748.7935
747.2693	748.8381
747.629	749.2983
747.7841	749.397
748.4129	750.0756
748.5474	750.2402
748.7079	750.1941
748.8018	750.2947
749.0896	750.5126
749.4861	751.2765
749.562	751.5051
749.8134	751.6222
750.1114	752.0504
750.1218	751.9108
750.1386	751.9271
750.3267	752.0732
750.7052	752.3608
751.1452	752.6011
751.1901	752.8873
751.4456	752.9634
751.7462	753.3666
752.0981	753.4998
752.2756	753.7909
752.5427	754.1699
752.6032	754.7342
752.64	754.4405
752.7985	754.9029
753.0794	754.8594
753.7182	755.1482
754.2446	755.9149
754.471	755.9818
754.5429	756.1731
754.8237	756.4337
755.0028	756.4909
755.1207	756.7027
755.1464	756.7409
755.2085	756.8916
755.8468	757.4707
755.8734	757.8484
755.8999	757.5369
756.1636	758.1988
756.1696	758.0424
756.17	758.1855
756.1941	758.1693
756.5162	758.3777
756.5732	758.3122
756.8764	758.4897
757.6041	759.1376
757.8649	759.757
757.9166	759.9449
757.9852	759.9389
757.9903	759.9577
758.1193	760.2104
758.2166	760.2888
758.3189	760.351
758.4989	760.4012
758.5607	760.5156
758.7334	760.5601
759.3293	760.9902
759.4157	761.0884
759.6619	761.3799
759.7032	761.3054
760.5481	762.0075
760.775	762.517
760.9527	762.5113
761.1914	762.586
761.4415	763.0181
761.6742	763.1677
762.2038	764.3919
762.2077	764.2666
762.3165	764.4424
762.3953	764.445
762.7552	764.236
763.0235	764.4238
763.2325	764.6401
763.4338	764.8914
764.7426	766.4188
765.1158	766.506
765.3506	767.019
765.5399	767.1261
765.5983	767.3406
765.7376	767.3429
765.8694	767.375
765.8734	767.6103
766.1673	767.7618
766.6579	768.5558
766.6645	768.6108
766.7296	768.5935
766.9822	768.6821
767.2446	768.8104
767.323	768.9565
767.3252	768.9302
767.7132	769.3252
767.8563	769.3364
768.0269	769.4392
768.1696	769.7508
768.3653	769.8935
768.5665	769.9816
769.1306	770.7074
769.4155	771.0641
769.7341	771.3313
769.8604	771.7086
769.8745	771.6146
770.358	771.8009
770.4807	772.0134
770.625	772.2313
770.7799	772.6357
770.8456	772.8262
770.8736	773.0403
770.8738	772.8929
770.8785	773.0513
771.1398	773.3239
771.4253	773.42
771.4607	773.4266
772.3294	773.8457
773.0657	774.6576
773.7122	775.2962
773.7905	775.2173
773.9235	775.4879
774.1279	775.7163
774.5568	776.3224
774.5615	776.1875
774.7413	776.2212
775.1186	777.0424
775.1228	776.973
775.1365	776.8825
775.5679	777.3903
775.5825	777.4374
775.5834	777.5067
775.6149	777.5719
775.6808	777.8412
775.7322	777.8377
775.8712	778.0894
775.933	778.4201
776.2386	778.3458
776.6612	778.4225
777.5167	778.9753
777.6437	779.5151
777.6864	779.824
777.8627	779.5249
777.9341	779.7718
778.0785	779.7751
778.8085	780.3452
779.0902	780.6853
779.1068	780.6282
779.2837	780.9865
779.4202	780.8946
779.8575	781.5937
779.903	781.6908
780.432	781.9627
780.743	782.3976
780.7903	782.5137
780.8152	782.4704
781.0236	782.593
781.19	783.0221
781.3357	782.8322
781.4963	783.0269
781.9155	783.4434
782.5668	784.2373
782.5691	784.2014
783.0173	784.4387
783.1531	784.5993
783.4279	785.0544
783.8859	785.3507
783.9049	785.4802
784.123	785.6478
784.3429	785.8802
784.411	785.9428
784.7531	786.4174
785.4028	787.0793
785.6786	787.3508
785.8183	787.5639
785.8358	787.512
786.2808	787.7544
786.3868	787.7902
786.6065	788.0485
786.8031	788.3052
787.1356	788.8498
787.5203	788.9538
787.7877	789.2581
788.2738	789.781
788.9609	790.5531
789.0601	790.6474
789.2344	790.8853
789.3397	790.9185
789.9566	791.3905
790.1681	791.5839
790.4027	791.94
790.7235	792.3798
790.7482	792.2645
791.0028	792.6486
791.2161	792.7897
791.7275	793.4409
791.8904	793.3996
792.0914	793.6582
792.4059	794.0775
792.543	794.2685
792.5681	794.4031
792.7433	794.4394
792.8228	794.6244
792.8411	794.7746
793.0312	795.1185
793.0337	795.2394
793.0712	795.2345
793.1167	795.2877
793.5047	795.4192
793.5163	795.2228
793.97	795.5569
793.9885	795.6086
794.2376	795.8122
794.3241	795.6876
794.4413	796.0124
794.6357	796.2804
795.5217	797.1826
795.5991	797.247
795.724	797.565
795.9306	797.4298
796.3031	797.9181
796.3849	798.0897
796.5688	798.1078
796.9449	798.4468
797.0524	798.5388
797.1757	798.8606
797.2986	798.7705
797.5224	799.2817
797.5427	799.585
797.5502	799.4139
797.7621	799.426
797.8261	799.6938
798.113	799.8713
798.5871	800.1
798.6593	800.4304
798.8445	800.4801
799.8929	801.435
800.0395	801.6336
800.7267	802.2727
801.0891	802.5928
801.1636	803.0817
801.2362	803.115
801.2571	802.8264
801.4379	803.1952
801.6825	803.1888
802.1658	803.6564
802.5173	803.9483
802.6043	804.1171
803.2032	804.5849
803.6685	805.2979
803.7337	805.3316
804.2934	805.766
805.0832	806.9337
805.1224	807.2316
805.1427	807.4013
805.3238	807.4316
805.3298	807.2618
805.45	807.3478
806.0563	807.5844
806.1239	808.0734
806.1521	808.0697
806.312	808.1441
806.4047	808.4712
806.4363	808.3964
806.5489	808.594
806.6867	809.1699
806.7775	809.0758
806.7969	808.7756
806.8249	809.1564
806.974	809.1126
806.9785	809.1412
807.4462	809.2755
807.6588	809.4725
807.7214	809.6963
807.739	809.5028
807.8066	809.7943
808.0326	810.1502
808.2029	810.2324
808.315	810.0527
808.4447	810.2571
808.6446	810.3984
809.1636	810.4991
809.2578	810.9761
809.2869	811.0405
809.3223	811.0131
809.5816	811.1496
809.782	811.266
809.8803	811.509
809.9534	811.5627
810.0833	811.8602
810.4469	811.9059
810.586	812.1632
810.7331	812.3357
810.7741	812.311
811.2943	812.864
811.3592	813.1619
811.3889	813.2077
811.439	813.1957
812.2578	813.6935
812.3094	813.9449
812.4314	814.0892
812.6227	814.0656
812.7639	814.3655
812.8608	814.3958
813.2591	814.8674
813.4235	814.9591
813.6932	815.2197
813.7651	815.3706
813.9059	815.7078
813.9913	815.8206
814.2078	815.9066
814.5257	816.1674
814.8558	816.5128
815.3469	817.1088
815.3647	817.2079
815.8911	817.4339
816.0095	817.7474
816.0509	817.6005
816.1746	818.0978
816.2566	818.6984
816.2576	818.7291
816.3721	818.6875
817.0031	819.0938
817.0716	819.1179
817.2266	818.794
817.5585	819.1012
817.6091	819.21
817.8422	819.4014
817.9323	819.4888
818.0082	819.5786
818.2717	819.6822
818.4494	819.8267
818.5981	820.0194
818.7853	820.4489
818.8238	820.7463
818.9403	820.6435
818.9811	820.8388
819.2665	820.817
819.5164	820.9938
820.0337	821.4517
820.2964	822.0159
820.3206	822.0639
820.5539	822.1161
820.7245	822.3512
820.821	822.462
820.9299	822.8884
821.0155	822.9819
821.4177	823.3763
821.4639	823.227
821.4921	823.4373
821.7627	823.6263
822.4529	823.8086
822.7546	824.5348
822.8448	824.524
822.9123	824.3933
823.3391	824.9068
823.685	825.4505
823.6871	825.3813
823.704	825.4343
823.9694	825.7819
824.3001	825.9043
825.2863	826.7788
825.5973	827.3321
825.6518	827.2969
825.8434	827.3017
826.3047	827.8864
826.3325	828.0884
826.4295	828.1127
826.6668	828.2974
826.9952	828.7402
827.009	828.7207
827.0347	828.9639
827.4599	828.9444
827.8427	829.5468
827.8752	829.6403
828.014	829.5255
828.9821	830.6854
829.1053	830.9678
829.131	830.97
829.1325	830.9051
829.786	831.806
829.7976	831.833
829.8883	831.9844
829.9554	832.358
830.0046	832.6632
830.0125	832.5472
830.4686	832.6192
830.6727	832.5806
831.0663	832.7295
831.4274	832.8445
831.5779	833.1692
831.8351	833.3114
831.8818	833.2797
832.2685	833.7379
832.5816	834.417
832.5818	834.2651
832.9843	834.4741
833.216	834.716
833.5198	835.0438
833.7792	835.346
833.9241	835.4184
833.9999	835.5488
834.5478	836.0204
834.7251	836.5362
834.8128	836.3983
835.2032	836.6073
835.9681	837.3949
836.6605	838.3027
836.8769	838.5437
837.9758	839.6081
837.9761	839.7368
838.0624	839.8267
838.2311	839.8292
838.3306	839.8579
839.0599	840.6008
839.1416	840.584
839.8282	841.4435
840.0572	841.7697
840.2425	841.9547
840.3327	842.1916
840.4161	842.2915
840.5019	842.553
840.6275	842.5354
840.8774	842.7227
841.036	843.1422
841.0461	843.2971
841.133	842.9162
841.2391	843.0829
841.5015	843.2454
841.9002	843.4835
841.9498	843.488
842.3834	844.0642
842.4102	843.9308
842.539	844.1212
842.8272	844.4527
842.8651	844.6014
843.6021	845.2016
843.7903	845.3375
844.0189	845.4246
844.4848	846.5187
844.626	846.6553
844.6425	846.9088
844.6839	846.7037
845.0047	847.1408
845.0365	847.0175
845.4276	847.1084
845.548	847.115
846.4257	848.0069
846.855	848.5002
847.6152	849.103
848.5791	850.2496
848.5808	850.3492
848.6162	850.4168
849.4231	851.0769
849.5522	851.0323
849.9254	851.5678
850.1716	851.7205
850.188	851.8762
850.7685	852.4298
850.9552	852.464
851.3726	852.9351
851.4099	853.133
851.7101	853.1043
851.9519	853.3996
852.0392	853.5727
852.8516	854.4365
852.9051	854.6541
853.1483	855.0199
853.153	855.1345
853.5307	855.2869
853.7373	855.5198
854.0291	855.6904
854.4814	856.1531
855.1208	856.7987
855.2008	856.7343
855.3584	857.0956
855.5184	857.4499
855.654	857.4514
855.7575	857.8016
856.1406	857.8277
856.4468	858.2292
857.1185	858.4696
857.8285	859.5113
857.9267	859.4956
858.0078	859.4932
858.5089	859.9902
858.5829	859.9784
859.1878	860.5617
859.5214	861.3585
859.5705	861.536
859.5942	861.5782
859.7002	861.7759
859.8079	861.8202
859.888	862.0677
860.0581	862.2368
860.4515	862.5376
860.8539	862.9917
860.887	862.7877
860.8897	863.023
861.7377	863.3407
861.8273	863.7427
861.8456	863.7763
862.0334	864.1159
862.0351	864.0255
862.4839	863.8223
863.0976	864.7154
863.6764	865.2531
863.8807	865.3997
864.1164	865.5698
864.1982	865.6983
864.2183	866.0462
864.5781	866.3628
865.1069	866.772
865.1641	866.9142
865.3175	866.9468
865.6273	867.0382
866.1916	867.8142
866.2996	867.7583
866.7409	868.2129
866.9457	868.7035
867.1667	868.9414
867.8178	869.4047
867.8189	869.3468
867.9458	869.5463
868.2001	869.7608
868.4002	870.3099
868.416	870.0915
868.5952	870.3585
868.6383	870.496
869.5485	871.1828
869.888	871.3385
870.3759	871.9741
870.4737	871.9398
871.1557	872.6922
871.3455	873.3752
871.364	873.3428
871.5666	873.3836
871.8856	873.6614
872.0682	873.597
872.2617	873.8865
872.481	874.1419
872.4839	874.052
872.7961	874.1955
873.0385	874.4458
873.5074	875.0349
873.8534	875.317
873.9714	875.3811
874.0872	875.5202
874.1175	875.783
874.4095	876.1476
874.4931	875.9318
874.5602	876.0939
874.6904	876.2988
874.86	876.4788
874.9787	876.7479
875.1058	876.9198
875.16	876.8465
876.0571	877.5113
876.161	877.7731
876.1908	877.8402
876.4057	878.1744
876.4376	878.3509
876.8582	878.3346
877.0857	878.9005
877.2488	878.9028
877.4046	879.0732
877.5728	879.182
878.0437	879.6573
878.3535	880.2145
878.4395	880.2383
878.4524	880.9997
878.5024	881.0009
878.5306	880.788
878.8783	880.7504
879.0297	881.066
879.2057	881.1727
879.4408	881.2059
879.4852	881.1621
880.6083	882.2671
880.8705	882.9505
880.876	882.9104
880.8806	882.6568
881.1285	883.1502
881.1453	883.216
881.2549	883.3521
881.269	883.9699
881.2862	884.0351
881.4484	883.8137
881.4507	883.6479
881.5825	884.0744
881.7125	883.8811
881.9541	884.2993
882.3639	884.2043
882.6185	884.3821
882.9755	884.8259
882.9775	884.7374
883.1073	884.639
883.2153	884.8538
883.7155	885.2998
884.0032	885.3878
884.1924	885.87
884.2162	886.0988
884.2384	886.0871
884.3802	886.2692
884.4753	886.2413
885.3786	886.9794
885.9187	887.4266
886.3438	888.0196
886.3954	888.2968
886.4995	888.3227
886.5113	888.5529
886.5771	888.4975
886.6043	888.6947
886.8447	888.5902
886.9925	888.6744
887.4312	889.1403
887.4511	889.1271
887.5731	889.0253
887.8115	889.3758
887.8751	889.2463
888.1193	890.1526
888.1553	890.2779
888.215	890.2322
888.3052	890.0346
888.6314	890.3412
888.8807	890.3491
889.2226	890.8319
889.2653	890.9013
889.5097	890.9238
890.0261	891.4601
890.5305	892.2308
891.4172	893.1043
891.5475	893.2836
891.6531	893.3095
891.657	893.1765
891.8645	893.5499
891.8699	893.8387
892.0661	893.7959
892.3756	893.9106
892.9822	894.5011
893.239	894.6606
893.427	895.1895
893.5088	895.2686
893.593	895.2518
893.8717	895.4481
894.0428	895.5277
894.4031	896.1866
894.4055	896.0254
894.7411	896.1243
895.1755	896.8291
895.3179	897.3136
895.4094	897.1237
895.6415	897.3404
895.6869	897.2224
895.7442	897.5773
896.6208	898.4548
897.1074	898.7814
897.1222	898.5811
897.4402	899.1728
897.4938	899.4099
897.5542	899.9376
897.5858	899.845
897.6032	900.0264
897.8996	900.3144
897.9082	900.1517
897.9985	900.4088
898.1257	900.3266
898.3166	900.6054
898.3824	900.9138
898.5323	900.927
898.5431	900.9438
899.0074	900.9182
899.1562	900.9523
899.2863	901.0579
899.4517	901.139
900.0307	901.3796
900.2714	901.8061
900.5943	902.1137
901.1339	902.6926
901.3757	902.9047
901.4483	903.1617
901.4753	903.1267
901.7647	903.3033
901.8233	903.3034
901.9048	903.5128
902.0864	903.662
902.3226	903.8348
902.3735	904.0559
902.6377	904.2427
902.6774	904.3437
902.9137	904.4334
903.1482	904.6596
903.1588	904.8381
903.3236	904.893
903.8596	905.2638
904.2113	905.6946
904.4947	906.2661
904.605	906.3753
904.8813	906.621
904.9067	906.6035
905.2649	907.0039
905.6615	907.1832
905.9048	907.4212
906.262	907.9803
906.658	908.095
906.9743	908.3382
907.2144	908.6543
908.0754	909.9282
908.1462	910.0965
908.6388	910.363
908.7634	911.1419
908.7704	911.0699
908.9172	911.1158
908.947	911.2828
909.0461	911.2926
909.1593	911.7129
909.2699	911.5931
909.3301	911.4531
909.545	911.996
909.5889	912.0067
909.8773	912.1935
910.0708	912.7664
910.1919	912.8089
910.2063	912.7492
910.2705	912.9347
910.4283	912.9002
910.5734	912.9751
910.676	913.1686
910.8493	913.2471
911.0218	913.8358
911.2135	913.3354
911.2796	913.7297
911.5407	913.5425
911.9746	913.8486
912.079	913.8877
912.2784	913.854
912.5449	914.0904
912.6727	914.374
912.8566	914.5488
913.0625	914.4921
913.5539	915.1732
913.5581	915.2282
913.6704	915.3534
913.7858	915.3467
913.8633	915.6379
914.0768	915.703
914.2923	915.8797
914.4352	916.1821
914.8432	916.2959
914.9403	916.6293
915.3704	916.9601
915.3754	917.075
915.493	917.0115
917.0236	918.7857
917.0286	918.8555
917.1481	918.9224
917.1558	919.1034
917.4352	919.028
917.7879	919.54
918.0375	919.6896
918.1711	919.5679
919.3521	921.0084
919.5894	921.2834
920.04	921.5259
921.2666	922.8906
921.2715	922.9591
921.3329	923.0943
921.3682	923.1885
921.5438	923.4265
921.6512	923.7457
921.7075	923.4317
921.7432	923.7482
922.0382	923.9617
922.0975	924.0899
922.3909	924.198
922.4939	924.1974
922.5469	924.513
922.5712	924.2719
922.7011	924.5326
923.0291	924.6072
923.3503	924.9865
923.6348	925.1364
924.1507	925.7466
924.2329	926.0445
924.3641	926.0587
924.4989	926.1481
924.5435	926.1394
924.8747	926.3918
925.0943	926.8605
925.1267	926.9324
925.3464	927.0078
925.6327	927.0411
925.909	927.3528
925.9868	927.7321
926.0696	927.8203
926.1118	927.7768
926.6552	928.1891
927.0051	928.3392
927.1293	928.5955
927.2515	929.0294
927.3337	929.295
927.3664	929.2919
927.5527	929.2896
928.2677	929.7158
928.5155	930.076
929.1626	930.6983
929.3346	930.8322
929.5631	931.058
929.7401	931.2833
930.067	931.5855
930.2125	932.1186
930.2692	932.3342
930.2873	932.2626
930.6616	932.3039
931.1156	932.8714
931.139	932.8569
931.312	932.9962
931.5434	933.1433
931.6266	933.3978
931.767	933.3925
931.8669	933.47
933.0313	934.3556
933.4913	935.223
933.5706	935.2719
933.5772	935.1894
933.6266	935.3881
934.0443	935.6239
934.5752	936.0374
934.6429	936.354
934.8204	936.2666
935.4614	937.1278
935.7398	937.3221
935.7582	937.3901
936.335	937.7475
936.9855	938.4967
937.5388	939.3637
937.5688	939.1929
937.7357	939.3605
937.8636	939.4538
938.0289	939.9
938.1652	940.1988
938.3747	940.0461
939.5655	940.9787
939.7643	941.4078
939.8026	942.0542
939.812	942.1168
940.0545	941.9594
940.056	941.7291
940.7319	942.1425
940.9785	942.5963
941.1608	942.5199
941.2859	942.7757
941.5647	942.9051
941.6828	943.2385
941.7158	943.3195
942.1717	943.8999
942.2462	944.0761
942.3922	944.0911
942.9195	944.6077
942.9729	944.6853
943.1046	944.7834
943.1542	944.9529
943.3089	945.0455
943.3485	945.2043
943.4018	945.3062
944.2725	945.8507
944.5985	946.2237
944.945	946.8213
945.4304	947.2645
945.4531	947.1328
945.6769	947.3895
945.9393	947.6123
946.0916	947.5667
946.3965	947.8671
946.4759	948.1804
946.8742	948.5085
946.8893	948.3437
947.2301	948.8006
947.4158	948.9092
947.8297	949.4872
948.1147	949.6616
948.2596	949.9083
948.5989	950.1525
948.7162	950.5197
948.8575	950.4446
949.0438	950.5633
949.3418	950.9916
950.2155	951.8296
950.5467	951.9774
951.1843	952.5951
951.9878	953.852
952.0326	953.7508
952.255	953.9552
952.6395	954.0389
952.7304	954.2895
952.9519	954.7293
953.0412	954.5932
953.0768	954.7693
953.7983	955.3212
953.8689	955.6205
953.9511	955.6359
954.0974	955.9566
954.3787	955.8908
955.0539	956.7324
955.0914	956.8174
955.0971	956.7439
955.207	956.895
955.346	957.1533
955.671	957.3772
956.0676	957.8431
956.4434	957.9938
956.5746	958.1214
956.8067	958.472
956.9995	958.5816
957.3158	958.941
957.3542	959.0034
957.728	959.2191
957.7784	959.1962
957.9249	959.3802
958.448	959.892
958.8386	960.2244
958.9585	960.4179
959.1289	960.8454
959.2815	960.8585
959.5756	961.0968
959.9746	961.4552
960.1532	961.676
960.2245	961.8566
960.2525	961.7916
960.6129	962.2839
960.6487	962.1105
960.9636	962.5097
961.027	962.5594
961.5791	962.9912
961.6964	963.3224
962.6088	964.4498
962.8304	964.4124
962.8647	964.4433
963.1847	964.9407
963.7168	965.3368
964.0741	965.4286
964.4631	965.8685
964.8839	966.3224
965.2934	966.8352
965.4494	966.9849
965.535	967.198
966.3483	967.8503
966.9616	968.6057
967.5583	969.1748
967.7589	969.0922
967.9042	969.4714
969.1472	970.6158
969.2232	970.881
969.645	971.2987
969.6872	971.2032
969.8663	971.5435
969.8766	971.6281
969.9964	971.7738
970.072	971.8972
970.3125	972.1809
970.3255	972.1228
971.0397	972.8928
971.0545	973.3642
971.0803	973.0724
971.0873	973.275
971.1176	973.2974
971.2192	973.2661
971.4602	973.2267
971.6765	973.3845
972.115	973.9451
972.1254	974.2413
972.1407	974.4485
972.2682	974.4098
972.3221	974.3118
972.8083	974.534
973.0993	974.9146
973.6982	975.3548
975.124	976.7009
975.142	977.091
975.3144	976.9733
975.6457	977.1621
975.6964	977.2218
975.757	977.3977
975.9942	977.5971
976.5441	978.1107
976.7888	978.2782
977.3927	979.0527
977.5291	979.2881
977.6124	979.2554
977.7142	979.5488
977.7778	979.5446
977.9845	979.9024
978.1228	980.4205
978.1443	980.0723
978.1627	980.067
978.4685	980.1941
978.5716	980.3404
979.0831	980.5551
979.1257	980.7266
979.4678	980.8403
979.6474	981.4477
979.6853	981.4564
979.8038	981.6701
979.9013	981.644
980.2885	981.6682
981.0334	982.551
981.2093	982.8066
981.4068	982.7613
981.8019	983.1912
981.883	983.2709
982.2299	983.6894
982.8953	984.3599
983.275	984.6696
983.5336	984.9961
983.6875	985.364
983.8754	985.597
983.8839	985.7428
984.1107	985.5965
984.2932	985.7657
984.3667	986.189
984.3898	986.3335
984.3934	986.0308
984.7937	986.2896
985.5931	987.1961
986.3291	987.9709
986.7214	988.1162
987.0492	988.5686
987.1304	988.7523
987.1353	988.6888
987.3493	988.9724
987.4796	988.8356
987.7769	989.4466
988.165	989.6195
988.1944	989.8637
988.3496	990.0877
988.4401	990.2001
988.6629	990.3591
988.7068	990.3497
988.8279	990.6556
988.8839	990.7097
988.8849	990.6237
989.0045	990.8063
989.1067	990.8567
989.4144	991.3948
989.4761	991.4749
989.6849	991.415
989.7707	991.3167
991.085	992.5334
991.2115	992.7074
991.3329	992.9177
991.5163	992.9055
991.9577	993.6654
992.2717	993.6682
992.4224	994.0335
993.7483	995.1798
993.8471	995.509
993.8897	995.5215
994.3252	995.8066
994.879	996.419
995.0809	996.6818
995.2359	996.8003
995.6647	997.3733
995.7074	997.2851
995.9614	997.3653
996.2802	997.9234
996.3165	998.4092
996.3449	998.6924
996.3582	998.8979
996.4355	998.7596
996.728	998.8856
996.8534	998.9397
997.0121	999.0223
997.7212	999.3723
997.967	999.4789
