3.4317	4.9279
4.6427	6.9163
4.7865	7.137
5.1574	7.0727
5.7674	7.2512
6.168	8.0153
7.116	9.1246
7.3428	9.3545
7.8463	9.5958
9.0805	10.9185
10.2631	11.9413
12.0077	13.6184
12.9487	14.4929
13.3767	14.8854
14.2818	16.025
15.5439	17.4049
15.6735	18.4333
15.7349	18.6468
16.1366	19.4125
16.3555	19.4967
17.6432	19.7978
18.1552	20.457
18.6845	21.3228
18.9937	21.4734
19.0749	21.6621
19.7032	22.0006
19.7387	21.9165
21.9549	23.7449
22.6075	24.5178
23.6019	25.6702
23.6472	25.8526
23.7399	25.7727
23.9644	26.0063
24.6677	27.0622
24.7992	27.33
26.6102	28.2328
27.2165	29.0445
27.2578	29.1845
27.339	29.4266
27.8661	29.5695
28.3191	30.6799
28.342	30.7556
28.3625	30.8757
28.9854	32.3965
28.9874	32.2573
29.0412	32.4551
29.123	32.3957
29.9654	33.1089
30.6056	33.4119
31.0073	33.4411
32.3946	34.2815
32.4638	34.4002
33.4357	35.5304
33.659	35.7061
33.662	35.7319
34.7347	36.5473
35.0344	36.5877
35.3996	37.1716
35.5982	37.3349
36.2479	37.8798
37.8449	39.5533
38.5743	40.0697
39.3908	41.0583
40.2334	42.0125
40.6803	42.2996
41.1578	42.9906
41.4815	44.7329
41.9586	45.5622
42.5727	46.4329
42.6138	46.3569
42.7604	46.5397
42.7748	46.5794
43.3597	46.8705
44.2888	47.2375
44.7092	47.3353
44.9028	47.4986
46.026	48.3284
46.1129	48.6302
46.6101	49.9657
46.8759	50.5019
46.9615	50.6687
47.2776	50.9734
47.7834	51.0351
48.4616	51.1102
49.1444	51.2925
50.1185	52.4346
50.1816	52.514
50.7916	53.7749
51.3202	54.5791
51.3285	54.515
52.0647	55.1341
52.291	55.3502
53.9653	55.5371
54.5484	56.2699
54.69	56.6713
56.7306	58.3017
58.4064	60.1258
59.2535	60.9971
59.4693	61.6767
60.0264	62.3788
60.0485	62.3653
60.2788	62.465
61.0831	62.7885
63.7092	65.7669
63.9721	66.0335
64.5644	66.4548
65.1793	66.872
66.8045	68.3267
67.1564	68.8747
68.537	70.3499
68.8294	70.5892
69.6479	71.3309
70.1354	71.8547
71.0523	72.752
71.0933	72.9455
72.5308	74.6483
73.4317	75.1804
73.5483	75.3959
74.9383	76.8333
75.104	77.2326
75.1623	77.0868
77.1204	78.6178
78.1636	79.7465
78.6788	80.3944
82.5111	84.1762
82.5167	84.2654
82.8627	84.9551
82.9419	85.0171
83.1957	85.2566
83.3455	85.4795
84.6937	86.873
84.7477	87.0909
85.8031	87.7991
86.4908	88.362
86.632	88.5766
86.7703	88.6438
87.4017	88.8931
87.6897	89.9026
88.4576	90.4439
88.5172	90.5656
88.6852	90.9316
89.5182	91.2198
91.326	93.2443
92.4245	94.3205
92.8024	94.8966
93.2485	95.4839
93.6726	95.7634
93.77	95.6603
94.8137	96.4438
96.074	97.7842
96.1431	98.039
96.4591	98.3466
97.2904	99.4563
97.4709	99.5305
99.0067	101.2357
99.1694	101.5632
100.8286	102.5107
102.2983	104.2062
103.2861	105.7057
103.8562	106.1246
106.204	107.912
106.4333	108.215
106.7028	108.3786
107.8697	109.615
109.0229	110.7921
109.508	111.0692
109.6717	111.5372
109.7241	111.7947
109.9176	111.9512
112.0959	113.5576
112.867	114.9579
113.3948	115.0975
114.3021	115.9348
117.572	119.0966
118.2291	119.7741
118.6049	120.0825
119.1628	120.8615
120.1274	121.8842
120.6271	122.319
121.7567	123.3026
123.9216	125.7364
124.0688	126.0915
124.073	126.2476
125.5635	127.2252
125.6929	127.3746
126.3897	128.9668
126.457	128.9791
127.1798	129.2685
127.5836	129.3475
129.7765	131.481
130.0251	132.3483
131.512	133.8016
131.6129	133.8382
131.6678	133.8234
133.6255	135.2556
134.1645	136.0185
134.657	136.1075
136.6439	138.2503
137.3247	139.2724
139.5766	141.2276
143.8433	145.4852
145.5085	146.9532
145.8504	147.4373
146.2596	148.3585
147.0112	148.5955
147.9816	149.4764
149.3146	153.2487
149.3595	153.3694
149.9488	154.006
150.6979	154.5672
151.8779	155.1387
152.5976	155.4698
152.8787	155.7227
153.0386	155.6043
153.6226	155.8326
154.6292	156.8991
155.1141	157.1353
155.631	157.3267
157.6866	159.5074
157.8833	159.9898
158.1195	160.1755
158.9077	161.3692
158.9402	161.4461
159.1932	162.2843
159.3128	162.2358
159.9048	162.7584
160.3344	163.1042
160.44	163.2037
161.3648	163.6768
162.0139	164.4398
162.6944	164.7732
163.1241	164.795
164.4668	166.0613
164.8502	166.5638
165.4518	167.5447
165.5568	167.5784
166.289	167.7377
166.8324	168.7928
168.1112	169.908
168.8299	170.8773
168.8455	171.0131
170.3121	172.5685
170.5784	172.6765
171.5286	173.3537
172.1507	174.388
172.2582	174.3892
172.6363	174.5284
173.4204	175.8012
173.4743	175.8004
175.1572	176.8627
175.5875	177.0325
177.0942	178.9979
177.9011	179.6155
178.2612	180.2543
178.3181	180.357
178.793	180.8605
179.3967	181.2393
180.5687	182.6087
183.8795	185.6774
186.7724	188.7203
187.1532	188.9333
188.3726	190.1891
191.1541	192.9116
191.874	193.5615
192.317	194.2499
192.3721	194.209
193.5793	195.4342
194.2399	195.8934
194.538	196.0811
194.896	196.4337
196.179	197.8163
197.0855	198.6258
197.3971	199.5429
197.5494	200.3953
197.7481	200.6255
197.9083	201.1327
199.3486	202.6481
199.4075	202.8861
199.4684	202.8367
199.6331	203.0365
200.0049	203.2275
200.3125	203.5396
200.9239	203.7985
201.9316	203.7755
203.1785	204.739
203.9769	205.55
204.31	206.4073
204.3638	206.9083
204.4378	207.319
204.4757	207.3608
204.7081	207.7439
205.4094	208.4925
205.6674	208.6789
205.8342	208.6267
207.9567	209.6826
208.5549	210.1813
209.7762	212.0529
211.0852	212.8055
211.2903	212.8298
212.2707	214.4899
214.7072	216.3758
214.891	216.6075
215.0423	216.6668
216.0862	218.0616
216.0961	217.7912
217.9535	219.9182
218.0072	220.0544
218.7405	220.7308
218.9123	220.5921
219.8516	221.3782
220.5977	222.262
222.0356	223.7593
222.1392	223.7916
223.4089	224.8675
223.5841	225.2148
224.7716	226.7386
226.1943	228.0945
226.3256	228.2292
226.3809	228.2265
227.546	229.193
227.8089	229.5165
227.9293	229.5656
228.4837	230.122
229.6483	231.3215
229.8466	231.4615
229.9706	231.7747
230.4183	232.1814
230.5208	232.5368
231.5405	233.2834
232.2273	234.0192
232.3163	234.1272
233.0123	234.9852
233.2327	234.9918
234.3814	236.1324
235.6233	237.2498
235.8446	237.6729
237.9506	239.4759
239.1644	240.7872
239.5792	241.5812
239.7247	241.7465
240.7977	243.3595
240.8353	243.7014
241.0527	244.3435
241.4944	245.0213
241.5653	245.0822
241.885	245.2954
243.507	246.0668
244.3266	246.1015
247.3279	249.178
247.5317	249.2852
247.6722	249.7091
247.8677	250.365
247.9902	250.9407
248.2904	251.5472
248.4086	251.6531
248.7131	252.1371
248.9039	252.3843
249.0249	252.5338
249.6292	253.2682
249.9568	253.5388
250.9413	254.4121
250.9553	254.4396
251.7283	255.1473
252.4028	255.7356
253.1513	256.384
253.6445	256.9699
254.4806	257.572
254.7231	257.979
254.7843	258.0296
255.2285	258.2062
255.7698	258.6051
255.9826	258.8706
257.4295	260.1452
257.5887	260.0974
257.7514	260.4026
257.8852	260.3095
258.1654	260.4888
258.858	260.7484
260.0688	261.8191
261.4013	263.1229
262.8505	264.7683
263.0728	264.7847
263.8666	265.4813
264.8051	266.4447
265.2792	267.4991
265.656	267.6825
266.513	268.0411
266.6805	268.2006
268.3704	270.0714
269.0014	270.9567
269.4955	271.5251
269.6047	271.5004
270.6249	272.098
272.8749	274.9743
273.2055	275.1316
274.9991	276.7706
275.1543	277.5469
275.2418	277.8057
275.8538	278.2361
276.2766	278.3954
276.5567	278.842
277.1579	279.3094
279.9437	281.4977
280.4955	282.1562
280.6147	282.6766
280.643	282.52
281.8111	284.0118
281.886	284.0521
282.5686	284.3542
282.8592	284.5411
283.5421	285.6261
283.5715	285.5925
283.7472	285.6548
284.5026	286.2343
285.0262	286.7447
285.5388	287.322
285.5488	287.366
286.0197	287.6179
286.5222	288.509
286.9793	288.95
287.0997	289.1071
287.7724	289.1928
288.2451	289.9801
289.9129	291.8634
290.2365	292.1345
290.2624	292.1007
291.5323	293.0767
293.02	295.0941
294.1869	295.7854
294.4067	296.0381
294.9385	297.2279
295.2217	297.6304
295.3723	297.6706
295.6399	297.98
296.1763	298.1895
296.6294	298.4388
298.204	300.3249
298.3285	300.8433
300.1217	302.6605
300.7453	302.8512
301.3061	303.1437
302.0577	303.883
302.3199	304.1964
302.5491	304.3138
302.6858	304.6259
302.9296	304.7599
304.1515	305.7685
304.5487	306.2135
304.7388	306.5552
306.1597	307.8948
306.3297	307.9593
307.4345	309.0121
307.7356	309.2856
309.0326	311.5433
309.0403	311.6795
309.3007	312.2232
310.0172	313.2664
310.1074	313.4246
310.1267	313.4378
311.3553	315.3857
311.4949	315.5704
311.8883	316.1376
312.3007	316.4225
312.7461	316.6355
313.0765	316.6872
313.9224	317.324
313.9436	317.239
314.9448	317.686
315.1985	317.9356
315.2324	318.0789
316.2884	318.4184
317.1053	319.9525
317.1614	320.1963
317.1805	320.1502
317.6943	320.9302
318.1462	321.4756
318.2055	321.4919
318.2264	321.4978
318.9031	321.7487
320.0776	321.9228
321.4981	323.5468
321.5059	323.4636
321.6549	323.7829
321.9877	324.3775
322.1277	324.6584
323.0442	325.6243
324.0395	325.9861
324.7262	326.5045
324.9507	326.9535
325.0484	327.2336
325.7265	327.405
326.3335	328.2266
326.6672	328.5738
327.081	328.7171
327.5345	329.1922
327.729	329.1543
327.9346	330.2593
327.9379	330.2405
327.9491	330.1538
328.4455	330.7573
330.003	332.1804
330.5152	332.8693
330.6536	332.936
330.9265	333.0196
331.1444	333.2416
332.4165	333.9721
332.6904	334.5778
332.7459	334.9346
333.2167	335.5223
333.3418	335.7008
333.5534	335.9093
335.0774	336.5973
335.9744	338.2343
336.3009	338.5231
336.7987	338.8822
337.6924	339.3481
338.6742	340.2884
339.5647	341.1765
339.8468	341.4387
340.2819	341.8866
343.0634	344.6925
344.0995	346.0956
344.1419	346.0942
344.5532	346.3422
345.1709	346.7931
346.2986	347.8237
346.4762	348.3405
346.5254	348.1976
347.2284	348.9929
347.3887	349.1468
347.8269	349.3717
348.0141	349.4814
348.2415	349.6947
348.9836	350.4981
349.4392	351.0553
351.0389	353.2644
351.2697	353.7201
351.3458	353.7958
352.1347	354.3076
352.7373	356.454
352.7974	356.4189
353.4119	357.4491
353.6364	357.6442
353.6371	357.6988
353.6733	357.8402
354.7217	359.0815
354.7361	358.9754
354.7564	359.079
355.3891	359.5465
355.7014	359.8346
358.806	361.1365
360.2273	362.579
360.308	362.8123
360.3353	362.8216
360.7845	363.1818
361.3898	363.1305
362.2416	364.291
362.6941	364.6377
362.8465	364.8494
363.7909	365.2698
363.9825	365.8422
364.5577	366.6496
365.8581	367.6663
366.4586	368.2038
367.5659	369.0645
367.9354	369.6955
368.1637	370.0937
368.2572	370.25
370.8114	372.436
371.1554	372.8052
372.287	374.0121
373.0081	374.4998
374.0027	375.8702
374.1994	376.1779
374.4329	376.2221
374.6765	376.5107
376.5289	378.3454
376.6097	378.8576
376.6471	378.843
377.8831	379.5062
379.2878	381.1285
379.5764	381.3992
380.2348	381.9941
380.6825	382.3823
381.8295	383.809
381.9688	384.3109
382.2104	384.6211
382.4745	384.9833
383.9451	386.0518
383.9591	386.2914
384.0421	386.5877
384.2066	387.0153
384.2949	387.2841
384.3743	387.5031
385.1904	388.4331
386.554	389.6969
386.947	389.8721
387.2067	390.0837
388.0547	390.2894
389.2833	391.561
389.5165	391.8426
389.9892	392.4177
390.42	393.0154
390.8021	393.4415
390.9593	393.8583
391.0545	393.9496
391.2015	394.2593
391.3371	394.3458
392.0442	395.0132
393.9158	395.6855
393.978	395.8251
394.6559	396.4641
396.5801	398.5061
396.5976	398.5591
397.5319	398.9783
398.9583	400.7833
399.901	401.52
401.0577	402.8854
401.1864	403.075
402.9536	404.3915
404.0608	405.5373
404.393	406.1282
404.6729	406.7861
407.0384	409.0047
408.1412	409.9929
408.2714	410.1035
409.1261	410.8326
409.2734	411.1684
409.5368	411.9554
410.8404	412.7405
411.2074	412.8845
411.9187	414.5522
414.2701	416.5866
414.2749	416.5648
414.5508	417.1038
414.6534	417.1126
415.1951	417.1488
416.2737	418.2756
417.2876	419.0866
417.3959	419.3122
417.645	419.2624
421.0473	422.8682
421.6992	423.2871
423.0948	424.8985
423.6998	425.2712
424.0656	426.026
424.3516	426.1995
425.6485	427.268
426.407	428.0666
426.8127	428.3462
429.2057	431.8572
429.3587	432.0944
432.1626	434.7991
432.5142	435.467
432.5901	435.3849
432.6899	435.6295
432.8672	435.8371
433.4106	436.295
433.6313	436.5903
434.1229	437.0601
434.2578	437.0673
434.2809	437.0934
434.7016	437.8699
435.2379	438.1394
435.5428	438.3071
435.7069	438.5293
436.0689	438.6709
437.2108	439.0524
438.0055	439.6475
439.1636	440.6534
440.1706	442.0166
440.3206	442.2425
440.3807	442.1686
441.0722	442.9981
441.3093	443.4434
441.8973	443.7002
442.2757	444.2565
443.5927	446.0886
443.8042	446.4098
444.0159	447.0123
444.1923	447.5627
444.5412	448.004
444.7993	448.398
445.0078	448.4724
445.967	449.177
447.2206	450.4781
448.1212	452.0838
448.352	452.3104
448.9789	453.639
449.0028	453.49
449.7904	454.5932
449.9753	454.7729
451.3345	455.376
452.5935	456.1162
452.6706	456.2517
453.7934	457.0741
453.9143	457.1016
454.3961	457.5504
454.5433	457.696
456.7091	458.3892
458.4314	460.6104
458.5943	460.8622
458.756	461.1921
459.006	461.2401
459.2951	461.5908
459.5439	461.9032
459.7941	461.878
461.0676	462.8379
461.9285	463.5772
462.4768	464.1026
462.7722	464.4791
463.9095	466.3151
464.6703	466.3602
465.2805	466.8669
465.701	467.17
466.0364	467.7336
466.219	467.9209
466.6372	468.3437
467.3183	469.0559
467.7672	469.5101
467.9756	469.9356
469.8754	471.4941
470.2271	471.7401
470.3663	472.1139
471.5427	473.3076
472.2248	473.7034
473.937	475.6983
474.7725	476.8228
475.0973	477.4605
475.3562	477.7666
475.5697	478.0221
476.9325	478.7531
477.3745	478.9555
478.2042	480.9855
478.6314	481.5905
478.8632	481.8168
479.0924	482.2259
479.3509	482.4421
479.4233	482.5114
480.2249	483.2577
481.1098	483.7963
481.6221	484.238
481.9939	484.347
482.2234	484.2715
483.7529	485.3804
484.2029	485.8312
484.8079	487.0367
484.8426	487.207
485.1002	487.5592
485.8998	487.6721
486.5066	487.9689
487.1685	488.7713
488.1758	489.6242
488.7804	490.5728
491.1856	493.277
491.524	493.3905
492.25	493.8798
492.6523	494.3198
492.7808	494.787
493.5683	495.13
493.7691	495.4439
494.496	496.7932
494.7012	497.0727
495.0624	497.2288
495.3351	497.511
495.7306	498.4205
496.2308	498.9244
496.2875	499.0518
496.6127	499.2179
497.6875	499.8813
498.6024	500.6731
498.6734	500.7887
499.7576	501.4178
500.5226	502.1516
500.9832	502.7424
501.0432	502.9691
502.4749	504.891
502.6774	505.2549
502.8076	505.4126
503.2113	505.6867
505.3149	507.0149
505.5031	507.1057
505.9549	508.0021
506.1821	509.3796
506.2628	509.7435
506.4718	510.0033
506.5018	510.1111
506.5926	510.0236
507.0882	510.4683
507.545	510.6787
507.6942	510.7516
510.2811	512.1308
510.3771	513.1824
510.4481	513.3593
510.6846	513.6383
510.7808	513.4942
512.9605	514.575
513.2922	515.4156
513.3921	516.056
513.4025	516.0284
513.5096	516.2375
513.5244	516.2874
514.367	516.8734
514.8812	517.4342
514.8991	517.6167
515.032	517.7803
515.5604	518.7711
516.2204	519.1399
517.94	520.2285
518.3237	520.4515
521.2579	523.0856
522.5171	524.207
522.6036	524.3869
523.2225	524.7687
524.5743	526.732
524.8746	527.0125
525.4668	527.458
526.0722	527.6305
527.2405	529.3751
528.1068	530.2378
529.0061	530.5074
533.4692	535.1075
533.7881	536.015
534.8092	536.7673
534.9713	536.9252
535.3651	537.3233
535.5031	537.1959
537.0692	539.0062
538.8877	540.6489
539.2064	540.8559
539.9303	541.9969
540.663	542.2548
542.3591	543.9052
542.957	544.6173
543.7209	545.8319
543.7215	545.9948
544.9417	546.9787
544.9608	546.8188
545.9543	547.6575
546.3657	548.0973
547.4419	549.058
548.5174	550.0733
548.7736	550.4532
550.3784	552.7952
550.6095	553.175
550.813	553.6158
554.159	555.8882
554.3536	556.6966
554.5139	556.8814
556.1907	558.2026
556.3848	558.3189
557.1609	558.9975
557.6542	559.1447
559.1497	561.308
560.9654	562.7018
561.0334	562.8812
561.7764	563.4998
562.3768	564.222
562.5428	564.8715
562.6498	565.2142
563.0972	565.7338
563.196	565.8675
563.5481	565.9511
564.6464	566.7974
564.8112	566.9442
564.9865	566.9516
565.8071	567.4137
566.3944	568.1249
566.9065	568.9877
567.5304	569.1538
569.7975	571.6787
570.4545	572.3585
570.6362	572.8453
570.7382	572.947
571.6775	573.4264
571.7699	573.789
572.1763	574.6111
572.1945	574.6329
573.7642	575.4209
574.8261	576.3985
575.2451	577.4094
575.2738	577.489
575.3236	577.3261
575.8055	577.7248
575.9424	577.8446
577.7126	579.2623
579.7836	581.3836
580.0529	581.8195
580.7109	582.4737
582.598	584.4018
583.0303	585.0479
583.2146	585.6435
583.8737	586.4946
583.8827	586.289
583.9589	586.548
584.5075	586.9386
584.6507	587.1679
585.7567	587.7812
586.333	587.9858
587.4069	588.9877
587.5889	589.5123
587.7315	589.7548
588.1711	590.2609
589.5354	591.4075
591.4751	593.0945
591.9909	594.0013
592.1784	594.7027
592.5312	595.3333
593.1262	595.5071
593.4383	595.6959
595.7517	597.8992
597.2322	599.0628
598.2853	599.8671
598.6529	600.5005
598.7309	600.5608
599.7877	601.3138
600.6077	602.1388
601.4344	603.1303
602.0468	603.6613
602.4793	604.1898
603.473	605.0131
603.9473	605.6124
604.1293	606.02
604.6833	606.4664
604.7538	606.3879
605.4616	607.12
605.9236	608.4298
606.0022	608.6034
606.5871	609.7474
606.995	610.1181
607.3666	610.2789
607.4898	610.4015
608.6185	610.6712
608.6983	610.9286
611.3997	613.1129
611.9367	613.8248
612.3599	614.3891
613.4697	615.8489
613.5368	616.0558
613.6544	616.3504
613.8497	616.457
614.6765	617.1793
615.1303	617.646
616.0961	619.0703
616.2085	619.1339
616.2205	619.0983
616.3867	619.5158
616.9564	619.6424
617.5421	619.5708
619.7321	621.5009
620.2673	622.852
620.4204	623.0141
621.1029	623.3364
621.2484	623.3221
622.4551	624.7264
622.5807	624.8092
622.6525	624.7439
623.4884	625.1234
623.845	625.9768
623.9167	626.0206
623.994	626.2746
624.0169	626.2772
624.6031	626.5048
624.9809	626.8959
626.6946	628.8523
626.9613	629.0386
628.2183	631.9938
628.5117	632.305
628.608	632.2896
628.9794	632.3539
630.1574	632.4925
631.6825	633.8746
632.6718	634.5152
633.4118	635.185
633.6572	635.903
633.8875	636.0696
634.1694	636.426
634.3107	636.544
634.869	636.7293
635.2293	637.1449
635.2964	637.3106
635.6377	638.7164
635.7821	639.0612
635.9793	639.6584
636.0324	639.8214
636.4493	640.2349
636.4556	640.2128
636.4948	640.2612
636.8993	640.3757
638.9256	640.6528
639.3982	641.1925
639.7524	641.2746
640.5354	642.3901
640.5455	642.6234
641.9769	643.7461
642.5735	644.4114
643.8883	646.8077
644.6337	648.6453
644.8261	648.9722
645.0601	649.208
645.4984	649.334
645.8705	649.6551
647.7705	650.4878
647.8733	650.3033
649.6804	651.6826
650.3735	653.2534
650.4955	653.7162
650.8381	654.3734
651.3465	655.067
651.3904	655.3127
651.4148	655.2943
652.2942	656.4479
652.3304	656.5411
652.6706	657.0499
653.1771	657.541
653.8692	658.1099
654.1642	658.542
654.4658	658.6686
654.9294	658.8594
654.9854	659.0078
656.4325	659.8228
657.4582	660.4347
658.0219	660.8474
658.0608	660.9826
658.7576	661.6801
660.1195	663.9966
660.1933	664.2275
660.8852	665.7869
660.9387	665.8972
661.4406	666.4296
661.5744	666.7862
661.674	666.7917
663.4521	668.248
663.595	668.335
663.6953	668.4813
663.724	668.4164
663.756	668.3808
663.9934	668.5208
664.0991	668.5754
667.1069	669.3482
667.3133	669.6664
668.0002	669.5662
668.3572	670.0037
668.584	670.4552
669.2926	671.0309
669.6999	671.1615
671.2684	673.6611
671.8763	673.9576
673.0773	674.6405
673.6628	675.1921
674.1328	675.7989
674.7378	676.2261
676.1354	677.9824
677.8414	680.2997
678.1105	680.8443
678.5452	682.1624
678.6655	682.5073
678.6915	682.4433
678.8609	682.9204
679.052	683.0233
679.8173	683.7807
680.774	684.6454
680.8228	684.7806
681.576	685.2462
682.6952	685.8621
682.951	685.9955
683.1514	685.8954
684.4368	686.2888
685.6966	687.4464
685.8098	687.7537
685.9169	687.9284
686.802	688.3573
688.0336	689.6803
688.7821	690.2602
689.7035	691.3832
691.0856	692.7524
691.623	693.4532
691.8279	693.6907
692.4864	694.1638
692.9801	694.581
693.5321	695.1622
693.9903	696.0314
694.0429	696.2149
694.3442	696.3429
695.5823	697.0742
696.0808	697.9926
696.1171	698.1487
696.1875	698.3461
696.2699	698.3
696.6653	698.661
696.9384	698.5721
700.6691	702.224
701.2171	702.7802
702.7317	704.3165
705.4843	707.247
707.3319	709.3257
707.5545	709.6268
708.0433	710.196
708.8523	711.3455
709.3076	711.3745
710.493	712.7222
710.9895	713.4826
711.4547	714.4776
711.7964	714.8139
711.9009	714.9965
712.3318	715.3337
712.6377	715.3252
713.4934	715.8821
714.1464	716.6679
714.3616	716.8851
714.5774	717.1602
714.9805	717.2973
716.2415	718.0366
717.2155	718.9366
717.3145	719.2105
717.7967	719.5336
719.4774	721.0959
721.5734	723.0617
721.8787	723.7372
722.2207	723.75
724.0018	725.6434
725.4657	727.3394
725.7032	727.9782
726.9212	728.7749
727.7496	729.6185
728.3833	730.1004
731.5818	733.6498
731.6119	733.5619
731.8011	733.6903
733.0856	734.6653
734.1415	735.8447
735.0458	736.7706
735.3262	736.8925
735.811	737.4077
737.6057	739.7147
737.7034	739.7272
738.3536	740.2942
738.3738	740.4344
739.3998	740.967
741.0525	743.2077
741.1818	743.4986
741.4818	743.5951
741.6639	743.6734
742.0015	743.7686
742.5612	744.1989
742.7778	744.4922
743.6028	746.3107
743.6754	746.3724
745.8409	747.3488
746.2807	747.9525
746.5282	748.0584
746.8378	748.5405
746.9501	748.8481
747.3151	749.196
747.6627	749.3568
748.0849	749.8656
748.6383	751.0561
748.924	751.9546
749.0977	752.6959
749.2024	752.869
749.5693	753.224
750.0707	753.9655
750.2648	754.1362
752.175	755.8572
752.4213	756.1896
753.9446	757.0827
754.2625	757.3474
754.7233	757.449
756.3864	758.9214
756.7485	759.6811
757.2289	759.9729
757.8267	760.5736
758.4902	761.1611
758.6096	761.1283
759.3549	762.0496
759.5574	762.3805
760.0179	762.4392
761.2114	763.3636
761.3232	764.1434
761.4919	764.7529
761.5862	765.208
761.8953	765.9257
761.931	766.0962
762.1226	766.3399
763.4868	767.2347
764.4542	768.0902
764.8359	768.4957
764.8557	768.6201
765.5851	769.4647
766.158	769.8593
768.0771	770.113
769.2186	770.7393
769.794	771.8449
770.1708	772.124
771.4337	772.9806
771.9037	773.4608
772.7049	774.9802
772.9753	775.0058
773.4808	775.5391
773.979	776.1165
774.3541	776.3832
776.8649	778.4469
777.1556	778.7158
777.7469	780.0557
778.5296	780.2176
779.7159	781.4015
779.8426	781.5611
780.0618	781.8519
783.313	785.3841
783.3306	785.4704
783.453	785.7488
784.8726	786.754
786.235	787.8044
786.6754	788.2685
787.4028	788.9839
787.5144	789.2
789.2362	791.7182
789.2493	791.8713
789.4843	792.2077
790.0559	792.5363
791.3181	793.1652
793.2282	794.9864
794.1177	795.7048
794.6253	796.3976
794.8851	796.6501
796.6631	798.4248
798.4813	800.2758
799.0092	801.6145
799.0311	801.5771
799.3154	802.0867
799.9024	802.4767
800.1284	802.8025
800.1601	802.787
800.3402	802.8844
800.6866	803.1609
803.3071	805.0773
803.3633	805.0892
804.7805	806.9665
804.8419	807.0708
805.2091	807.1822
806.0386	807.6678
806.3249	808.0459
807.1031	808.9373
807.7072	809.1623
808.2615	810.0399
808.6897	810.2934
809.6906	811.1414
810.8802	812.6368
811.5238	813.1957
812.0226	813.8603
812.1342	813.8602
812.5247	814.539
812.8686	815.0081
813.4974	815.5758
814.0969	816.296
814.813	817.9423
814.9244	818.3632
815.0714	818.7631
815.9076	819.5332
816.1716	819.9439
817.1113	820.4381
818.0798	820.986
818.1595	820.9594
818.4571	820.9371
820.3197	822.4108
821.424	823.672
821.619	824.1894
821.6976	824.2075
821.7431	824.4407
822.004	824.7797
822.1622	824.964
823.6687	826.3982
823.6857	826.4201
824.8289	827.1407
825.276	827.4446
825.5215	827.5948
826.2919	827.931
826.4863	828.4297
826.7005	828.9448
829.0353	830.6874
829.3417	831.208
830.5961	833.066
831.9796	833.6177
835.3145	836.8999
835.6414	837.4448
836.7125	838.4653
837.3025	839.324
837.7559	839.6345
838.0482	839.8502
840.4042	842.4197
840.5068	842.3974
842.325	843.9489
842.6302	844.4609
842.8312	844.6411
843.8411	845.5349
844.5824	846.1549
846.1262	847.6973
848.5802	850.1351
849.5324	851.6595
849.7817	851.5643
850.6818	852.2722
851.0115	852.5055
851.3301	852.7619
851.5506	853.1498
852.5512	854.3014
852.9163	854.7013
853.3563	855.0197
854.3675	856.2453
855.4266	857.2161
856.6317	858.6238
857.6918	860.3668
857.7769	860.3367
857.8194	860.3884
857.9425	860.503
859.4264	861.8093
859.9024	862.0019
860.4	862.0844
861.4456	863.6865
861.689	863.8121
862.4221	864.6194
863.1357	865.4428
863.5322	865.3551
864.6665	866.3442
864.8849	866.6837
866.2573	868.5826
866.3551	868.8261
867.2387	869.0798
867.5283	869.1461
868.159	869.7731
869.6811	871.4098
871.0809	872.694
871.5175	873.2267
871.6575	873.7256
871.8114	873.9284
873.1736	874.8645
873.7332	875.1799
874.4637	876.2201
874.9958	876.7809
875.3627	876.9667
875.7809	877.4405
876.8188	878.5352
876.9076	878.5022
877.3524	878.8769
877.7035	880.848
877.7331	880.7089
878.0326	881.0547
882.0699	883.9142
883.0943	885.0177
883.2246	885.41
883.5624	885.8339
884.1073	886.5279
884.1528	886.6577
884.4548	886.8984
884.4936	886.8902
886.2993	888.135
886.872	888.3821
887.0519	889.2045
887.7169	889.8522
888.3616	890.4243
890.9439	892.8735
890.9856	893.0145
891.7383	893.7849
892.8858	894.4766
893.7158	895.5091
893.9913	895.7904
895.2811	896.9831
895.6576	897.3256
895.9932	898.2221
896.5503	899.3503
896.6009	899.293
896.6546	899.6014
896.8235	899.6506
897.0955	900.3077
898.2392	901.402
899.4139	902.1365
899.777	902.5275
899.9028	902.4969
901.0804	903.2669
902.0739	903.7179
903.2629	905.2675
904.4114	906.0566
904.9272	907.5771
905.4656	908.2376
905.7689	908.6447
906.1019	908.8583
906.5941	908.8711
906.655	909.0715
908.2739	910.1208
908.6894	911.1476
908.8508	911.3052
910.1514	912.0865
910.7439	912.2658
910.9625	912.5425
911.1571	912.7153
911.6799	913.9185
911.7049	914.0384
911.7173	914.0948
912.04	914.2202
913.3732	915.3136
913.4939	915.3378
913.908	915.7339
914.119	916.2872
914.3905	916.7171
915.0783	917.1599
916.6712	918.7936
916.8197	918.9362
918.1673	919.8511
918.362	921.5545
918.5038	921.7224
918.9333	922.2269
919.5515	922.2466
920.8991	922.5496
921.3518	922.9142
921.7847	923.4979
922.1034	923.6902
922.4216	924.5059
922.4324	924.5504
922.9313	925.3833
923.1336	925.6584
923.4462	925.8037
924.6685	926.2407
924.803	926.7192
924.8809	926.6736
925.1859	926.8327
925.485	927.1792
928.1184	930.1732
929.7692	931.5419
930.1393	932.163
931.268	933.4991
931.2729	933.5002
931.4981	934.6811
932.0056	935.4398
932.1146	935.6226
932.2543	935.8072
932.6529	936.1008
933.4306	936.6521
933.7659	937.0117
935.176	938.0431
935.3004	938.1327
936.2953	938.3
937.9131	939.8287
939.0182	940.5685
939.1793	941.1289
939.4953	941.3621
939.8227	941.5907
940.2711	942.0029
941.057	942.747
941.5788	943.2489
941.7187	943.4332
943.2008	944.8053
944.9645	946.9675
944.9946	947.1574
945.1281	947.259
945.5642	947.7057
947.4352	948.9623
948.535	950.7141
948.7849	950.8321
949.7129	951.2266
950.3559	952.009
950.6139	952.4336
950.8726	953.1594
950.9946	953.426
951.232	953.7718
951.5265	954.4792
951.558	954.5208
951.8748	955.5837
951.9838	955.9215
953.1203	957.8303
953.2337	958.01
953.2752	957.9287
953.665	958.3299
953.723	958.3013
954.8602	958.6307
955.0197	958.4653
957.5714	959.06
958.8067	960.3002
959.6003	961.3648
959.8783	961.6342
960.7889	963.019
960.9627	963.1913
961.1452	963.2713
961.1668	963.2952
963.5946	965.0225
964.4761	966.2704
964.7853	966.656
965.345	967.3441
965.7986	968.3153
965.8716	968.3293
967.3084	969.3102
967.7692	969.4334
968.4088	970.1914
968.5281	970.1075
970.5488	972.1286
970.8603	972.8937
971.1995	973.2483
971.9488	973.7526
972.0551	974.1711
972.3929	974.5179
972.6851	974.9892
972.8436	975.3146
973.0319	975.675
973.1094	975.9043
973.1332	975.8131
973.6331	976.0506
973.7967	976.2473
974.7032	977.0037
974.7317	977.1693
974.7888	977.227
974.8321	977.1461
975.9125	977.4544
976.5432	978.0285
977.0032	978.4393
978.0494	979.8064
978.3557	980.7248
978.6454	981.1635
978.7707	981.1584
980.1823	981.9065
980.3578	982.0877
980.9616	982.8598
981.3329	983.4028
981.7523	983.7598
982.1361	984.2119
982.3974	984.5008
982.6656	984.9214
982.8265	984.8454
983.997	985.7511
985.1002	986.8098
986.3926	988.0047
988.4635	990.5278
988.4716	990.7014
988.7221	990.8785
989.0547	991.0285
989.92	992.1661
990.4229	992.407
991.055	992.75
993.1773	995.2765
993.212	995.2343
993.516	995.9908
993.8673	996.6637
994.2637	997.6788
994.6485	998.5682
995.0585	999.2504
