0.149	1.8247
0.1985	1.8481
0.4639	1.9822
0.8	2.5718
0.8531	2.5032
1.1556	2.7888
1.3395	2.8342
1.4624	3.0998
1.5605	3.2581
1.7482	3.4301
1.9876	3.6231
2.5133	3.9266
2.6486	4.2427
2.745	4.4705
2.8083	4.5082
3.3133	4.8466
3.6685	5.2472
3.8531	5.5233
4.2258	5.5541
4.386	6.0169
4.5315	6.1461
4.9203	6.5092
4.9815	6.6569
5.8972	7.4769
6.0815	7.745
6.4718	8.2578
6.5091	8.6444
6.5179	8.5866
6.5583	8.6904
6.7004	9.0214
6.841	9.1652
7.0415	9.2819
7.14	9.3275
7.3829	9.4267
7.5513	9.5486
7.8736	9.7139
7.997	9.7401
8.2626	9.9794
8.3179	10.2049
8.323	10.3859
8.5371	10.4434
8.6068	10.9414
8.7251	11.1717
8.7352	11.0827
8.8733	11.1745
9.0426	11.8317
9.2823	11.5288
9.3117	12.0212
9.5675	11.7527
9.899	11.9489
10.0835	11.9642
10.1288	12.224
10.3126	12.3145
10.4312	12.2483
10.4603	12.2565
10.9611	12.4856
11.5089	13.1769
11.5284	13.2182
11.9005	13.4334
12.2071	13.8503
12.4932	14.075
12.5015	14.1867
12.6811	14.4491
12.7132	14.4513
12.7363	14.4914
12.9886	14.8238
13.1595	14.793
13.2354	14.8317
13.612	15.1628
13.7048	15.2629
14.6387	16.3077
14.6654	16.4702
14.8183	16.4819
15.0513	16.9803
15.0748	16.9735
15.1109	16.9153
15.619	17.0381
16.0819	17.8616
16.2337	17.6366
16.314	17.8922
16.3523	18.1243
16.8777	18.6018
17.0148	19.1003
17.1717	18.9672
17.2165	19.2382
17.4644	19.1567
17.9299	19.4406
18.2307	19.5792
18.4557	20.0292
19.0223	20.5518
19.1754	20.9776
19.272	20.7829
19.4874	21.2071
19.6553	21.2128
19.9454	21.5759
20.1321	21.6227
20.3902	21.8922
20.6613	22.2287
20.6971	22.3958
20.8836	22.5333
20.9324	22.483
20.9344	22.5917
21.3726	22.8747
21.4169	22.9393
21.852	23.4349
22.1011	24.2531
22.1095	24.4272
22.1264	23.9898
22.1303	24.0546
22.8898	24.5475
22.977	24.3376
23.2657	24.7704
23.403	24.743
23.9003	25.9813
23.9346	25.7935
24.0037	25.9434
24.4041	26.0534
24.7708	26.3738
24.7965	26.3753
24.8312	26.4213
24.9462	26.6348
25.2711	27.2366
25.2756	27.1031
25.2901	27.2347
25.5743	27.5616
25.5749	27.7637
25.8262	28.4234
25.8494	28.3708
25.9385	28.4456
26.1749	28.2733
26.6674	28.8022
26.7787	29.1579
26.9302	28.9926
27.2714	29.5952
27.3386	29.7402
27.3525	29.404
27.432	29.301
27.7254	29.7273
28.4019	29.979
28.8366	30.3797
29.4864	30.9869
29.7469	31.306
29.75	31.4446
29.8655	31.4968
30.9464	32.4075
31.0452	32.5205
31.1967	33.0147
31.208	32.9958
31.2689	32.9038
31.4459	33.1292
31.5261	33.3627
31.699	33.4025
31.8409	33.2313
32.023	33.5869
32.6358	34.1324
32.8661	34.3469
33.2311	34.6023
33.3928	34.8522
33.6693	35.2589
33.8532	35.7659
33.9069	36.0208
33.9319	36.0143
33.9791	36.2963
34.0516	36.1401
34.11	36.3094
34.2244	36.3976
34.3265	36.3425
34.7913	36.568
35.1011	36.9706
35.2642	37.1142
35.268	36.9944
35.3272	37.092
36.2541	37.6689
36.4374	38.2117
36.4756	38.1042
36.6981	38.2471
37.3364	39.2367
37.3514	39.0657
37.8049	39.5177
37.8446	39.7173
37.972	39.7884
38.204	39.9269
38.4106	39.8233
38.7646	40.3391
39.167	40.8694
39.3179	40.8406
39.3963	40.7415
39.6262	41.1111
40.0064	41.6034
41.1712	42.8557
41.1864	42.8032
41.6761	43.4207
42.4104	44.0035
42.6077	44.1994
42.8707	45.0697
42.8712	45.2599
42.9453	45.6626
42.9543	45.5121
42.9654	45.5438
43.0102	45.8815
43.063	45.953
43.0785	45.7364
43.1316	45.8256
43.4651	46.0459
43.6339	46.3798
43.7166	46.3991
43.9565	47.0123
44.0047	46.7921
44.1912	47.1515
44.2848	46.9714
44.6224	46.8384
44.771	47.1076
44.8733	47.0839
45.2392	47.0733
45.365	47.3454
45.4021	47.4352
45.5221	47.4624
45.5792	47.6446
46.4286	47.7847
46.8198	48.5157
46.964	48.8412
46.9873	48.8104
47.0475	48.9829
47.1754	48.9235
47.4072	49.012
47.6914	49.3121
47.7255	49.2159
48.8024	50.3535
49.0567	50.4927
49.48	51.1963
49.5827	51.3435
49.8145	51.5543
49.8576	51.6559
50.0059	51.8395
50.0729	51.803
50.3054	52.2027
50.3192	52.1045
50.4287	52.4667
51.0423	53.3082
51.0613	53.0969
51.072	53.2479
51.1124	52.9903
52.3125	53.9308
52.4461	54.2286
52.462	54.5148
52.5875	54.6679
52.6508	54.5421
52.8315	54.6679
52.9704	54.7964
53.0558	54.9888
53.1452	55.1599
53.1646	55.2745
53.3766	55.5308
53.4391	55.7633
53.513	55.9844
53.5786	55.7785
53.5835	55.8413
53.7947	56.2155
53.838	56.2057
53.9641	56.0942
54.0789	56.2199
54.1972	56.2453
54.7905	56.9018
54.8054	56.7157
54.8452	56.8561
54.9069	56.7576
55.0733	56.8128
55.2664	56.8341
55.6493	57.2077
55.8365	57.3182
55.9499	57.6231
56.2147	57.7566
56.6671	58.2547
56.7426	58.3282
57.1034	58.7969
57.1438	58.6657
57.292	58.8875
57.4906	58.9353
57.6162	59.2779
57.831	59.5393
57.8343	59.432
58.5909	60.1593
58.7529	60.5001
58.7983	60.5418
59.6877	61.1181
59.7359	61.2804
59.9144	61.5296
59.9713	61.5806
60.2304	61.9579
60.3823	61.9068
61.1121	62.6788
61.1573	62.7207
62.3403	63.7959
62.3581	63.9077
62.439	64.1732
62.6873	64.2741
63.0774	64.7382
63.3781	64.7684
63.4987	65.1271
64.222	65.9755
64.2305	66.1376
64.301	66.1475
64.8295	66.4692
64.9199	66.4604
65.7555	67.32
66.7857	68.2994
67.0795	68.7425
67.2142	68.7948
67.3207	68.7981
67.6277	69.1645
68.6416	70.2579
68.8012	70.7223
68.9209	70.8315
68.9231	70.8399
69.5545	71.1036
69.6422	71.1412
69.7617	71.2177
69.8646	71.4204
69.9629	71.4433
70.3592	71.8042
70.6289	72.091
71.2669	72.9108
71.3662	73.3218
71.4231	73.0971
71.6375	73.3659
72.0815	73.7584
72.1114	73.7664
72.2547	73.9208
72.2954	74.039
72.4622	74.0822
72.469	74.1025
72.607	74.3117
72.8701	74.3041
73.2096	74.6384
73.5126	75.0589
73.6085	75.1437
74.1649	75.6966
74.5538	76.0524
75.2984	76.7915
75.6676	77.3378
75.8221	77.4408
75.9612	77.4624
75.984	77.5285
76.4751	78.1966
76.4757	78.0783
77.0813	78.8851
77.2136	78.9235
77.3406	78.9353
77.6318	79.4728
77.6625	79.4324
77.7025	79.5156
77.8032	79.6738
77.8656	79.69
78.0098	80.0558
78.0438	80.1489
78.1218	80.4612
78.2056	80.231
78.2871	80.3811
79.1428	80.7587
79.5391	80.899
79.7273	81.1278
80.1452	81.6471
80.2997	81.6921
80.6158	82.196
80.835	82.3407
81.0133	82.6775
81.0297	82.5151
81.342	82.9112
81.4511	82.9987
81.7216	83.2615
81.8036	83.4903
82.015	83.606
82.339	84.0893
82.5414	84.446
82.6696	84.3847
82.8071	84.3081
83.0081	84.6412
83.0321	84.8156
83.1983	84.8767
83.2236	84.9102
83.3352	84.9475
83.7358	85.1583
85.028	86.5256
85.2416	86.7492
85.3586	86.9139
85.4246	87.153
85.719	87.3353
85.7959	87.8119
85.832	88.0465
85.906	88.1573
85.9512	87.9566
86.0866	88.0978
86.6247	88.2704
86.6878	88.6385
86.7109	88.578
87.1131	88.7954
87.2519	88.8171
87.2812	88.8657
87.5813	89.3679
87.599	89.533
87.7956	89.7769
87.8471	89.7639
87.849	89.7707
89.1037	90.6731
89.5102	91.2169
89.5149	90.961
89.689	91.2641
89.7562	91.5777
89.7952	91.4872
90.5465	92.029
91.0173	92.4671
91.4986	92.9909
91.9335	93.541
92.4125	94.1968
92.4221	94.0325
93.3084	95.3526
93.3475	95.6062
93.3521	95.6339
93.7134	95.6262
93.8324	95.8001
94.2582	95.8905
94.4134	95.917
94.7236	96.3426
94.9638	96.5162
95.1411	96.7266
95.5784	96.9329
95.7821	97.3358
96.3479	97.9921
96.4824	98.0874
96.5461	98.1477
97.2713	98.8715
97.6564	99.1795
97.9479	99.4652
98.2409	99.7341
98.7101	100.0892
98.8084	100.4107
98.8481	100.5056
99.2191	100.9733
99.2288	101.1786
99.4146	102.196
99.4233	101.867
99.455	101.7878
99.5699	102.2231
99.5912	102.2956
99.6688	101.6115
100.099	102.2253
100.5579	102.5911
100.8407	102.5979
101.0007	102.4418
101.1775	102.5418
101.3425	102.8826
101.8083	103.4772
102.0361	103.6458
102.3294	103.9934
102.3902	104.7675
102.4334	104.523
102.4487	104.7713
102.4915	104.6573
102.5934	104.8575
102.8066	104.6653
103.0714	104.8167
103.0808	104.6313
103.3887	104.9079
103.5103	104.9406
103.7297	105.5004
103.7554	105.4641
104.5123	106.2442
104.5626	106.1837
104.7282	106.3974
105.8032	107.259
105.8817	107.7539
105.9012	107.8583
105.9153	107.8533
106.2474	108.0277
106.3112	107.9915
106.484	108.1333
106.8429	108.2972
106.933	108.3534
107.1081	108.6952
107.1817	108.7983
108.4175	109.9161
108.5064	109.947
108.6476	110.1899
109.19	110.6525
110.5516	111.9605
110.6094	112.1149
111.1064	112.5885
111.2014	112.7264
111.4189	113.0462
111.4666	113.0015
112.0438	113.4586
112.0549	113.5676
112.3584	113.91
112.4135	114.0765
112.9476	114.4688
113.0327	114.479
113.0717	114.8749
113.8	115.4702
113.8048	115.5101
113.9212	115.4968
114.1038	115.651
114.1319	115.6154
114.5038	116.0264
114.6163	116.2546
114.6277	116.4729
114.7209	116.5838
114.8214	116.9145
115.013	117.1492
115.1485	117.6879
115.224	117.5396
115.452	117.6527
115.6688	118.0891
115.7988	117.8817
116.5831	118.0654
116.9625	118.5248
117.3431	119.04
117.3449	119.2162
117.4138	119.4075
117.6105	119.5712
117.6174	119.4358
117.8974	119.9024
118.031	120.0277
118.1288	120.403
118.162	120.4426
118.2109	120.3843
118.4709	120.4666
118.6318	120.6581
118.6462	120.6175
118.6493	120.5047
119.0403	120.6114
119.6988	121.2534
119.8313	121.6097
120.5266	121.9672
120.6512	122.3175
120.8247	122.4477
120.8353	122.8307
120.8474	122.729
121.0621	122.8106
121.459	123.0159
121.5137	123.23
121.8755	123.3718
121.9034	123.7383
121.9863	123.4343
122.3586	123.7623
122.5536	124.1255
122.6574	124.0385
123.3845	124.8331
124.1109	125.6129
124.3225	126.2093
124.3418	126.2456
124.3756	126.2409
124.6576	126.251
124.8761	126.3885
124.8799	126.6576
125.3484	127.1017
125.5923	127.0843
125.6584	127.2011
125.9371	127.4051
126.3351	127.9151
126.4642	127.8948
126.5819	128.0594
126.9546	128.5038
127.095	128.8899
127.3287	128.9709
127.5954	129.2037
127.6884	129.3587
128.0758	129.6572
128.1952	129.7039
128.5523	129.91
129.1493	130.8915
129.3344	130.9529
129.5061	131.1238
129.8196	131.5433
129.9864	131.7012
130.1526	131.7307
130.4058	131.8351
130.4788	131.8746
130.5943	131.9482
130.8904	132.2748
130.97	132.5864
131.1413	133.114
131.16	133.175
131.2364	133.0934
131.2862	132.981
131.6126	133.2575
132.7069	134.2774
132.7963	134.196
133.1695	134.7622
133.481	135.105
134.1727	135.5582
134.7006	136.2959
134.8792	136.5284
134.9621	136.9072
135.0227	137.0781
135.0399	137.2002
135.1326	137.2197
135.8482	137.6467
135.8616	137.5177
136.086	137.7011
136.4085	137.8715
136.6376	138.1423
136.8171	138.319
137.103	138.6553
137.4739	139.0293
137.5243	139.2633
137.653	139.3638
137.7767	139.3572
137.779	139.5342
137.9356	139.7622
138.0105	139.6765
138.6826	140.3349
138.7591	140.1778
139.1458	140.7342
139.2208	140.9116
139.2254	141.0247
139.3629	141.2999
139.4239	141.3305
139.4418	141.237
139.7926	141.273
140.1969	141.793
140.2438	142.089
140.4129	142.7044
140.4792	142.6848
140.4816	142.8278
140.6726	143.419
140.7404	143.3315
140.7611	143.4296
140.9139	144.0742
140.9366	144.0067
140.9955	144.0251
141.134	144.0931
141.4014	144.7733
141.4757	144.9218
141.4898	144.8497
141.6604	144.808
142.0603	145.1709
142.1697	145.2735
142.2083	145.2982
142.2311	145.2574
142.3735	145.2679
142.6041	145.481
142.6554	145.6841
142.6863	145.3872
142.704	145.645
143.0838	145.566
143.6127	145.6345
144.5402	146.0774
145.2127	146.7581
145.2977	146.7715
145.4297	147.009
145.586	147.3498
145.5979	147.3583
145.6478	147.5997
146.0437	147.5752
146.2983	147.7667
146.4449	147.9306
147.0105	148.5573
147.3337	149.1319
147.3485	149.2796
147.3835	149.5359
147.4218	149.6769
147.4272	149.6313
147.4834	149.7814
147.7459	150.0232
147.8657	150.2465
148.2007	150.5481
148.258	150.8275
148.2724	150.9336
148.302	150.9246
148.7751	150.881
148.8077	150.5569
149.6758	151.1451
150.4213	151.9362
150.5829	152.1592
150.724	152.1631
151.1291	152.6557
151.157	153.002
151.2124	152.9888
151.5465	153.2809
151.6015	153.4047
151.7473	153.519
151.9858	153.7768
152.0441	153.9846
152.1136	153.8725
152.2685	154.1262
152.3281	154.0975
152.3998	154.1419
153.8501	155.2886
153.9301	155.3661
154.2665	155.8502
154.3509	155.7876
154.6024	156.343
154.7953	156.2572
155.7415	157.1478
157.3203	158.9311
157.3741	159.245
157.4064	159.0875
157.5087	159.3177
157.9072	159.5281
158.7508	160.0714
159.246	160.9042
159.4986	160.8524
160.1796	161.8208
160.2011	161.8453
160.6307	162.1936
160.698	162.3731
161.0277	162.6064
161.4357	162.8094
161.5594	162.9651
161.7361	163.5109
161.8177	163.6748
161.8297	163.9073
161.8491	163.8747
162.1482	164.2308
162.205	164.5701
162.2177	164.4758
162.5948	164.5194
163.0076	164.6534
163.1101	164.7215
163.1801	164.698
163.4179	165.147
163.4915	165.6468
163.5399	165.5837
163.619	165.5662
164.3031	165.7316
164.7016	166.0899
166.1319	167.9336
166.2683	167.9496
166.3899	168.0994
166.5361	168.2339
166.5778	168.4234
167.0935	168.6632
167.1337	168.8346
167.1625	168.7327
167.4415	169.1351
168.201	169.7774
168.2093	169.8125
169.0175	170.5577
169.056	170.7821
169.3161	170.8933
169.7692	171.3586
169.8774	171.6914
169.8969	171.6143
169.9516	171.6422
170.5752	172.199
171.3174	172.9043
171.3395	173.155
171.6007	173.1909
171.8271	173.6688
171.8653	173.6056
172.056	173.6768
172.1277	173.7072
173.3816	174.898
174.1406	175.6814
174.4189	176.065
175.0272	176.6059
175.2126	177.1375
175.2895	177.0305
175.7707	177.313
176.2063	177.8108
176.2831	177.915
176.4262	178.2385
176.558	178.3682
176.6402	178.6856
176.6916	178.7183
176.7753	178.7148
176.7959	178.6498
177.0004	178.8633
177.3901	178.8725
177.6599	179.3668
177.999	179.6294
178.2208	179.6236
178.291	179.8988
178.3824	179.8978
178.6561	180.1177
178.7961	180.4443
179.7217	181.3041
179.7544	181.3416
179.8386	181.6982
179.8877	181.5395
180.1563	181.9791
180.1697	182.074
180.3702	182.1384
180.6909	182.4804
180.7488	182.5739
180.9031	182.8615
181.376	182.924
181.7618	183.3325
182.1469	183.76
182.3126	183.8042
182.3741	183.8381
182.5728	184.2484
182.633	184.3864
182.6338	184.5681
183.0291	184.5647
183.4547	184.9297
183.5295	185.1078
183.6636	185.1945
184.0627	185.648
184.6446	186.2318
184.6879	186.3298
184.9543	186.8467
184.9594	186.6732
185.2825	186.8917
185.9131	187.3749
186.3096	187.7737
186.4038	187.9856
186.5627	188.217
186.704	188.3205
186.7766	188.4924
187.2424	188.8516
187.5003	189.1074
188.0711	189.8139
188.0735	189.8761
188.2933	189.8199
188.4091	190.0741
188.4264	190.0752
188.8214	190.2399
189.0217	190.5055
189.1864	190.8324
189.4479	190.9558
189.5922	191.4062
189.6541	191.6704
189.6625	191.4755
189.7934	191.887
189.8428	191.9216
189.8708	191.885
190.5246	191.9796
190.6187	192.4422
190.8977	192.4481
191.055	192.5723
191.4745	193.0192
191.4908	193.2124
191.5914	193.1453
191.7683	193.9273
191.7937	193.8971
191.7974	193.7961
191.8239	193.8322
192.1872	194.0988
192.3298	194.2244
192.4488	194.2751
192.5967	194.5257
192.6557	194.5251
192.7809	194.5186
193.325	194.8934
193.6952	195.2564
193.9379	195.3405
194.0238	195.578
194.0864	195.6501
194.122	195.924
194.4078	196.0559
194.467	195.9743
194.6541	196.2603
194.8395	196.7093
194.8478	196.9803
194.8725	196.9274
195.2015	196.9811
195.2572	197.0319
195.5144	197.0489
195.9317	197.6616
196.0271	198.1777
196.0908	198.2314
196.1469	198.0086
196.4708	198.3907
196.5256	198.0598
196.8109	198.4038
197.0943	198.8735
197.1577	198.7647
197.2638	199.043
197.2861	199.3656
197.4296	199.2486
197.7047	199.2781
197.9685	199.7128
198.2529	199.9734
198.4423	200.1057
198.454	200.1406
198.5997	200.1467
199.1633	200.5187
199.4891	201.2562
199.4893	201.1066
199.6171	201.2071
199.8933	201.5514
200.343	201.9965
200.3485	202.0272
200.5155	202.188
200.9024	202.6096
200.9042	202.4658
201.3297	203.0457
201.5873	203.2134
201.6726	203.5031
201.7244	203.7388
201.7251	203.6182
201.7699	203.7222
202.1459	203.6891
202.2488	204.067
202.3369	204.0073
202.3947	204.0743
202.5562	204.1261
202.9832	204.423
203.054	204.6867
203.1946	205.0014
203.2004	205.3591
203.4492	205.3559
203.5208	205.3465
203.651	205.6266
203.9917	205.5809
204.1873	205.7415
204.4089	205.8981
204.5396	206.0969
204.5464	206.3551
204.7537	206.162
205.1961	206.71
205.7043	207.2516
206.0772	207.4499
206.2468	207.7885
206.5393	208.0702
206.9312	208.5428
207.009	208.7791
207.0409	208.5869
207.459	209.1709
207.4815	208.9711
207.6292	209.1156
207.908	209.518
208.3114	210.03
208.3199	209.9441
208.6077	210.4185
208.632	210.2338
208.6519	210.5057
208.8888	210.5305
208.9868	211.1353
209.0479	210.8197
209.1532	210.8032
209.3956	211.2364
209.4583	210.9805
209.645	211.2878
209.7661	211.2472
209.8735	211.4288
210.5089	212.1427
210.888	212.3001
211.4009	212.8523
211.5248	213.0081
212.1444	213.8206
212.2148	213.6252
212.6505	214.4527
212.6544	214.6896
212.7423	214.62
212.9431	214.7502
213.142	214.5854
213.454	215.1499
213.4774	215.2516
213.79	215.2913
214.3803	215.8004
214.4236	216.0853
214.5445	216.2361
214.743	216.1602
214.9956	216.493
215.3502	216.8935
215.5829	217.4408
215.5865	217.2683
215.8193	217.4158
216.0907	217.6549
216.3528	217.92
216.3922	218.1303
216.4199	218.53
216.4373	218.5176
216.5887	218.5353
216.8936	218.75
216.914	218.9723
216.9582	219.2287
216.9742	218.9166
217.0452	219.2215
217.4256	219.2303
217.5822	219.2802
217.8652	219.5837
217.9207	219.6575
217.9583	219.766
217.9867	219.7418
218.012	219.6632
218.2384	220.1051
218.439	220.1567
218.6031	220.2415
218.6056	220.4119
219.1629	220.7644
219.5224	221.0297
219.6453	221.2047
220.0123	221.4975
220.1917	221.7668
220.2118	221.9663
220.5826	222.137
220.9803	222.4501
221.0777	222.6329
221.2105	222.6722
221.2758	222.7713
221.437	223.1051
221.6337	223.7253
221.6337	223.5152
221.6346	223.7522
221.6346	223.5659
222.2376	223.8689
222.2984	224.1772
222.3265	223.9639
222.5115	224.186
222.5358	224.3667
222.7646	224.3746
223.1664	224.8082
223.2794	224.8044
223.6962	225.0745
224.0087	225.5756
224.2062	226.2632
224.2111	226.5024
224.3812	226.2134
224.4988	226.5477
224.852	226.5784
225.0561	226.6834
225.5789	227.1406
226.4589	228.1031
226.9256	228.4985
228.1807	229.7602
228.3569	229.8172
228.4084	230.3251
228.4754	230.3022
229.101	230.686
229.3283	230.814
230.0316	231.5777
230.4412	231.9968
230.8807	232.4497
231.5003	233.1745
231.8691	233.4173
231.9988	233.7404
232.0674	234.1938
232.1858	233.8012
232.2229	234.0969
232.4186	234.0995
232.8905	234.5339
233.2047	234.7787
233.3266	234.7902
233.3426	235.1711
233.4817	235.3107
233.7669	235.2865
233.9501	235.471
234.6535	236.632
234.6817	236.6638
234.687	236.6074
234.838	236.8
234.9816	236.8886
235.1144	237.1531
235.4047	237.2219
235.4176	237.2665
235.7909	237.371
236.1608	237.756
236.3744	238.0957
236.457	238.1449
237.0268	238.622
237.4863	239.0193
237.9974	239.6028
238.8103	240.2776
238.8754	240.6248
238.9533	240.6936
239.3865	240.9636
239.7563	241.2047
239.966	241.4478
240.3968	241.9475
240.6527	242.1662
240.7595	242.3406
240.7863	242.4285
240.9056	242.4356
241.1178	242.5729
241.5942	243.0774
242.0927	243.7753
242.3684	243.969
242.3787	244.3294
242.4001	244.2712
242.4191	244.3486
242.839	244.3407
242.8964	244.786
242.9034	244.8479
243.0307	245.0951
243.1673	245.4084
243.2008	245.391
243.3779	245.6669
243.5002	245.8634
243.7411	245.9305
243.7623	245.7523
243.8083	245.7737
244.0358	246.1069
244.7183	246.2694
244.7811	246.3711
244.9712	246.6391
245.0885	246.7151
245.2209	246.8653
245.5021	247.0001
245.5725	247.0608
246.0055	247.5833
246.1761	247.7542
246.2168	247.8903
247.6643	249.1444
248.2138	249.6076
248.6161	250.4238
248.6345	250.3466
248.8174	250.4927
249.5223	251.2256
249.8083	251.7104
249.8152	251.9082
249.8446	251.7384
250.1256	251.8561
250.5331	251.9133
250.6251	252.2383
250.9326	252.7151
251.9086	253.5115
251.958	253.8002
252.231	253.8387
252.444	253.9802
252.6775	254.4914
252.7206	254.6156
252.9173	254.6852
253.1227	254.8191
253.5556	255.4392
253.5863	255.3857
253.992	255.4956
254.0981	255.778
255.404	256.7928
255.5389	257.2674
255.5481	257.3083
255.7473	257.258
255.875	257.6981
255.9193	257.742
255.9731	258.0716
255.992	257.79
256.0214	257.8951
256.2123	258.1258
257.8991	259.4303
257.9696	259.4077
258.3431	259.9728
258.3766	260.2443
258.4701	260.3442
258.4836	260.3771
258.5667	260.4565
258.5777	260.5112
258.7263	260.6431
259.1909	260.8091
259.4642	261.0656
259.7521	261.3377
259.9916	261.631
260.1382	261.5849
260.3872	261.8875
260.5474	262.0377
260.6148	262.182
260.8679	262.7216
261.0286	262.657
261.1379	262.9328
261.5437	263.1431
262.1446	263.6953
262.2501	264.1054
262.286	264.0319
262.5235	264.3192
262.5568	264.4304
262.6114	264.4442
262.948	264.9387
263.1362	264.9253
263.9441	265.4456
264.4244	265.9717
264.559	266.0192
264.6426	266.2465
264.838	266.1855
265.3217	266.9882
265.4788	267.0905
265.5344	267.1526
266.4459	268.1254
266.5016	268.2662
266.6508	268.3465
266.9119	268.3442
267.0286	268.4852
267.1808	268.6287
267.5152	269.0887
267.8243	269.4612
268.058	269.6548
268.4715	270.0203
268.9581	270.4021
269.1181	270.6331
269.1916	270.9136
269.2892	270.7685
269.5875	271.0711
269.7466	271.0683
269.8559	271.5552
269.8868	271.8976
270.1144	271.6474
270.1644	271.8737
270.3757	272.1095
270.3994	271.962
270.5987	272.3322
271.7587	273.2628
272.0173	273.558
272.2807	273.7671
272.632	274.4343
272.7139	274.5387
272.9603	274.4353
273.2082	274.6279
273.2966	275.2305
273.3489	275.5655
273.3502	275.4117
273.3513	275.4485
273.3573	275.5711
273.59	275.9257
273.6595	275.9732
273.7383	275.8315
273.971	276.1893
273.9908	275.9739
274.0255	276.1519
274.3187	276.3069
274.8764	276.4238
275.0754	276.8296
275.0768	276.8285
275.2797	277.1178
275.3895	277.5909
275.4132	277.4876
275.4959	277.2566
275.6011	277.5003
275.9705	277.585
276.0564	277.5908
276.103	277.8741
276.1125	277.9356
276.2037	277.7591
276.558	278.2198
276.8682	278.5057
277.0785	278.8808
277.1372	278.8616
277.6399	279.062
277.7475	279.2297
277.9511	279.3534
278.4996	279.9865
278.7236	280.1634
278.755	280.435
279.5406	281.2754
279.6832	281.2508
280.0626	281.6218
280.2475	281.5747
280.598	282.3197
280.5984	282.1885
280.685	282.286
281.0068	282.5575
281.4715	283.0368
281.7483	283.5191
281.86	284.2207
281.9487	284.094
281.9498	284.0409
282.3459	284.5257
282.3636	284.4634
282.5357	284.6736
282.5666	284.5777
282.7167	284.6212
283.2207	285.0389
283.2327	285.1252
283.4202	285.1382
283.4224	285.139
283.7234	285.1825
284.0699	285.538
284.3673	286.1429
284.4307	286.1905
284.7033	286.2749
285.132	286.8855
285.2493	287.1215
285.4722	287.2348
285.5029	287.4111
285.596	287.5225
286.1041	287.7109
286.294	288.0698
286.3455	288.2136
286.6386	288.6247
287.3115	288.8329
287.3307	288.767
287.7253	289.3146
287.7938	289.2253
287.9214	289.3557
287.975	289.7472
288.0678	289.8292
288.0869	289.783
288.1538	290.0765
288.2667	290.3407
288.3036	290.4527
288.3106	290.1194
288.9599	290.5536
289.0067	290.7514
289.1887	290.7
289.3012	290.8657
289.3941	291.1193
289.5505	291.0296
289.717	291.561
289.7624	291.6943
289.9239	291.913
290.085	292.2651
290.1677	292.0637
290.5035	292.3332
290.7369	292.2892
290.7515	292.4239
291.2893	292.8246
291.4873	293.1986
291.52	293.2926
291.5805	293.3105
291.6157	293.4538
292.328	294.014
292.913	294.5396
292.947	294.4817
293.0796	294.5506
293.6226	295.2959
293.6978	295.3406
293.894	295.6208
294.0023	295.6109
294.2328	295.8907
294.2966	295.9053
294.4587	296.15
295.0942	296.9041
295.536	297.0271
295.582	297.3195
295.6212	297.523
295.8779	297.3436
296.144	297.9162
296.1578	297.9171
296.5589	298.3045
296.648	298.4266
296.6881	298.3139
297.1721	298.6979
297.3133	298.8042
297.5247	299.0684
298.1551	299.8101
298.5164	300.2123
298.5213	300.3003
298.6368	300.286
299.028	300.7903
299.0664	300.8655
299.069	300.7972
299.2205	300.9507
299.5506	301.1429
299.6803	301.2359
300.0373	301.8075
300.306	301.8585
300.4381	302.0242
300.7255	302.3185
300.7429	302.2311
301.0824	302.5405
301.4239	303.1117
301.7153	303.2423
301.7185	303.1969
301.9295	303.5368
302.0096	303.5717
302.6392	304.1363
302.8059	304.5191
302.97	304.5311
303.0709	304.688
303.2963	305.0934
303.449	305.1618
303.4592	305.168
304.0877	305.6011
304.3631	305.7612
304.7686	306.4546
305.4395	307.0206
305.7926	307.2763
305.874	307.5038
305.9466	307.6124
306.3149	308.0604
306.3927	308.2875
306.5465	308.12
307.0437	308.6764
307.1349	308.8313
307.1504	308.8699
307.4922	309.0417
307.5397	309.1801
307.7505	309.2626
307.771	309.4519
307.9354	309.5787
308.0071	309.6773
308.0361	309.6871
308.3385	309.8789
308.3394	310.0257
308.8492	310.272
310.009	311.5849
310.2652	311.8456
310.9017	312.5333
310.9243	312.5726
311.0288	312.9342
311.4972	313.3125
311.538	313.3181
311.6584	313.8662
311.7438	313.8039
311.7807	313.6173
311.8343	313.8799
312.2506	314.1256
312.404	313.876
312.4974	314.1948
312.5654	314.1884
312.735	314.3456
312.8115	314.5665
312.9416	314.5538
313.2573	314.9132
313.3818	315.0674
313.5987	315.0278
313.7919	315.3676
314.0862	315.592
314.3603	315.9398
314.9756	316.4387
315.1503	316.4667
315.6014	317.0959
315.9565	317.9211
315.9678	317.7512
315.9888	317.9232
316.6297	318.0002
317.1688	318.8063
317.5344	319.1616
317.9716	319.593
318.0431	319.6115
318.1541	320.1515
318.4077	320.444
318.4902	320.3668
318.6607	320.5083
318.6911	320.6484
318.7216	320.4585
319.5299	321.1895
319.5539	321.4424
319.569	321.4434
319.6457	321.7396
319.9871	321.8357
320.6632	322.0881
320.854	322.7056
320.8835	322.6708
321.267	322.9175
321.6249	323.1498
321.9289	323.3682
322.5389	324.078
322.7122	324.2877
322.7825	324.3834
322.9383	324.4816
323.1972	324.6914
323.3423	324.8746
323.4406	324.9866
323.611	325.0099
323.8545	325.457
324.2151	325.5807
324.6187	326.185
324.6365	326.225
324.8003	326.4126
325.873	327.378
326.4439	328.0458
326.5492	327.9981
326.6613	328.1927
326.6941	328.2352
326.7229	328.443
327.2205	328.6202
327.2948	328.8262
327.662	329.2249
327.9275	329.681
327.9401	329.7089
328.0601	330.0362
328.1095	329.8695
328.2178	330.2901
328.2822	330.2048
328.5334	330.0862
328.8632	330.2861
330.0838	331.4802
330.7536	332.1889
331.0761	332.7104
331.3588	332.9072
331.6108	333.0848
331.8873	333.3434
333.0013	334.8302
333.0157	334.5979
334.2076	335.7279
334.3411	335.756
334.5302	335.9665
335.1955	336.6245
335.3286	336.802
335.399	336.959
335.7581	337.7277
335.7684	337.4503
335.9247	337.607
336.5643	338.1553
336.6332	338.0493
336.7449	338.3381
337.0184	338.3468
337.096	338.641
337.2102	338.9224
337.4325	338.9775
337.5926	338.985
338.2972	340.1019
338.3931	340.0491
338.423	340.1579
338.5273	340.328
338.7211	340.3658
339.0203	340.6213
339.1856	340.7228
339.4658	340.9962
339.6567	341.1948
339.7535	341.3334
340.1276	341.7883
340.1856	341.7995
340.3628	341.9929
340.6977	342.2475
341.2985	342.9997
341.4011	342.9722
341.7043	343.3982
341.7312	343.3189
341.9369	343.5342
342.3306	343.9848
342.4571	344.0114
342.9724	344.6214
343.0081	345.0478
343.1326	344.94
343.379	345.0812
343.9331	345.4698
344.0579	345.5616
344.1608	345.7081
344.2815	345.6567
345.479	346.9691
345.9048	347.6165
345.9339	347.5232
346.0244	347.8694
346.1304	347.6205
346.4504	348.1375
346.7073	348.3231
347.2371	349.2694
347.2812	349.2632
347.3233	349.011
347.5452	349.2258
347.8334	349.4638
347.898	349.5111
347.9355	349.5547
348.5761	350.2606
348.8384	350.3563
349.0376	350.8284
349.1162	350.9518
349.1454	351.0728
349.5902	351.1696
350.1085	351.7583
350.259	351.5982
350.4517	351.9178
350.5188	352.4029
350.7325	352.3659
350.8477	352.3536
351.0354	352.5982
351.3847	352.8804
351.6861	353.3649
351.7742	353.3689
352.3009	353.9144
352.5668	354.0692
352.8601	354.6282
352.9279	354.7457
353.1503	354.7308
353.3763	354.8317
353.5479	354.9792
354.4458	356.0722
354.4515	356.0218
354.7825	356.3066
355.6229	357.1717
356.2428	357.6786
356.5854	358.0454
356.826	358.3774
356.9863	358.7725
357.0613	358.7916
358.1446	359.6682
358.1851	359.9673
358.28	360.1145
358.355	360.297
358.4097	360.2354
358.9683	360.5222
359.7927	361.4983
359.8055	361.4248
360.2895	361.8507
360.4204	361.7889
360.498	362.2156
360.6268	362.2934
360.7239	362.4289
360.7266	362.3644
361.3471	363.0252
361.4182	363.1664
361.6575	363.1619
361.7623	363.3626
361.8538	363.343
361.9843	363.5559
362.0081	363.8775
362.0823	363.8607
362.1084	364.0409
362.4987	363.9512
362.8946	364.483
363.295	364.8383
363.343	365.0088
363.981	365.7893
364.1824	365.8256
364.3337	365.7987
364.4589	365.8785
364.7392	366.1693
364.9224	366.376
365.3525	366.9419
365.8573	367.2989
366.1524	368.2038
366.1583	368.2799
366.169	368.2879
366.4096	368.4562
366.706	369.0094
366.751	369.1905
366.8542	369.507
366.8776	369.4558
367.2517	369.889
367.3272	369.7822
367.4066	369.8339
367.642	370.1478
367.6559	370.0508
367.7843	370.3129
367.8503	370.5829
367.8933	370.4446
367.91	370.1138
368.2527	370.4895
369.091	370.5165
369.3623	371.018
369.6387	371.1414
369.8528	371.3973
370.3557	371.7883
370.4453	372.1181
370.4816	372.0817
370.5076	372.3317
370.8426	372.4512
371.0109	372.4503
371.6555	373.1985
371.8335	373.2485
372.2346	373.932
372.3186	374.11
372.3289	374.0184
372.5778	374.0505
372.7151	374.3333
372.9258	374.5806
373.4216	374.9885
373.5612	375.2606
373.691	375.2442
374.18	375.6564
374.3635	375.9379
374.812	376.3623
375.2089	376.5799
375.4264	377.1685
375.5476	377.1755
375.8541	377.7663
375.871	377.9494
375.8792	378.0193
375.9141	377.8228
376.0834	377.9986
376.9514	378.4113
377.1051	378.7424
377.2358	378.8359
377.2493	378.9466
377.419	378.9764
377.5986	379.0855
377.7841	379.3187
378.2534	379.8317
378.6156	380.5433
378.6529	380.2496
378.9099	380.5611
379.2521	381.1774
379.2642	381.3619
379.2891	381.3057
379.3167	381.2309
379.3561	381.4781
379.7135	381.5509
379.7355	381.8876
379.816	381.7717
379.9631	381.9073
380.1123	381.8627
380.5058	381.9606
380.5668	382.2413
381.1563	382.713
381.8955	383.6903
381.9128	383.6537
381.9912	383.7931
382.5528	384.7466
382.5712	384.567
382.5976	384.7796
382.6729	384.8253
382.7808	384.9186
382.8511	384.9103
383.1399	385.1143
383.4504	385.8347
383.4552	385.8647
383.4785	385.834
383.5049	385.8557
383.6541	386.4968
383.6833	386.4035
383.7444	386.7551
383.8252	386.4235
383.8439	386.5226
383.9576	386.7751
384.4488	386.8384
384.6082	386.86
384.6278	386.8769
384.6457	387.1655
384.8606	387.0157
385.2483	387.1719
385.4829	387.2679
386.1023	387.5344
386.3325	387.8634
386.3484	387.9671
386.676	388.4105
386.7227	388.4531
387.0457	388.6791
387.1147	388.7623
387.2593	388.9993
387.3951	389.0624
387.6046	389.5112
387.8226	389.4472
388.0928	389.8913
388.1266	390.0806
388.1799	390.0738
388.1808	390.1139
388.5217	390.6135
388.65	390.648
388.8027	390.7499
388.8117	390.6641
389.2062	391.0175
389.2529	391.0116
389.5306	391.4766
389.7195	391.8049
389.81	392.0747
389.8501	392.342
389.938	392.2454
390.2689	392.1026
390.6393	392.3597
391.5718	393.2863
391.6252	393.3928
392.353	394.1054
392.6657	394.3575
392.6951	394.3529
392.7153	394.3307
392.9407	394.8224
393.0706	394.6553
393.4109	394.936
393.4367	394.8715
393.6055	395.2491
393.6516	395.4942
393.7662	395.7806
393.8563	395.8752
393.9029	395.8886
394.9107	396.356
395.1372	396.779
395.1644	396.8865
395.2142	396.9812
395.3964	397.1459
395.9734	397.6079
396.0745	397.849
396.6735	398.2173
397.2115	398.8309
398.0515	399.5824
398.5036	400.1471
398.8778	400.3903
399.5711	401.0509
399.8145	401.6205
399.8294	401.5599
400.7056	402.2706
400.9599	402.3781
401.0792	402.7023
401.294	402.8077
401.4412	402.9877
401.6507	403.1427
402.2038	403.6171
402.3844	403.821
402.5024	404.2854
402.5821	404.4788
402.6283	404.446
402.815	404.487
403.073	404.7272
403.1139	404.7412
403.826	405.5732
403.8272	405.4032
404.0079	405.7737
404.4317	405.871
404.9003	406.3019
405.1381	406.8604
405.3504	406.8201
405.5927	407.3228
405.6285	407.3247
406.0753	408.1223
406.1095	408.1126
406.3436	408.2736
406.8075	408.3351
407.0019	408.621
407.2545	408.7509
407.4879	408.9802
407.5278	409.0114
407.6953	409.4408
407.7274	409.2628
407.7623	409.4827
407.9878	409.5898
408.1174	409.9
408.1376	409.9849
408.3342	410.3585
408.3747	410.2271
408.5247	410.3289
408.5461	410.4118
409.2764	410.6587
409.6831	411.2634
409.9547	411.9795
409.9561	412.0624
409.9913	412.1023
410.0134	411.852
410.7956	412.4746
410.8953	412.5424
411.2887	412.8715
411.4287	412.8796
411.6176	413.0467
412.1452	413.4836
412.2342	413.6191
412.3451	414.0231
412.6026	414.1423
412.7351	414.3393
412.7713	414.3776
412.9542	414.6263
413.5355	415.0556
413.5748	415.1403
413.693	415.5998
413.7374	415.4888
413.9765	415.7006
413.9903	415.7149
414.2397	416.1976
414.2421	416.0447
414.2441	416.1411
414.2715	416.2588
414.5021	416.5709
414.7017	416.6369
414.719	416.608
414.8585	416.8695
415.0361	416.9977
415.137	417.031
415.5359	417.0742
415.6919	417.1109
415.9328	417.5078
416.4968	418.046
416.5609	417.9153
417.4556	418.877
418.8778	420.505
418.9309	420.6226
419.2032	420.8896
419.4527	420.9882
419.5902	421.5498
419.6692	421.7434
419.7283	422.1335
419.7523	422.0017
419.9042	422.1581
420.042	422.1874
420.1914	422.3762
420.3784	422.3574
420.5933	422.6643
420.7157	422.7131
420.9614	422.6371
421.0053	422.7547
421.1865	422.9247
421.8115	423.4666
422.0907	423.7686
422.1132	423.5879
422.3245	424.1904
422.3382	424.1026
422.4648	424.6601
422.6754	424.7039
422.8788	424.6112
423.3716	424.9349
423.5076	425.1859
423.5424	425.3458
423.584	425.1034
423.8357	425.321
423.8742	425.4912
424.0439	425.6758
424.1205	425.8749
424.5823	426.1384
424.6291	426.3396
425.272	426.9547
425.3058	426.8352
425.622	427.2309
426.1807	427.8624
426.219	427.9818
426.3495	428.0158
426.3776	428.1232
426.6282	428.6179
426.6687	428.5143
427.8924	429.3815
428.0789	429.8791
428.1853	429.7626
428.8951	430.8034
428.9892	430.972
429.0069	430.9333
429.0258	431.056
429.209	431.2411
429.2614	431.3359
429.5895	431.6213
429.7735	431.6369
429.7921	431.7604
429.8491	431.8652
429.9508	431.9752
429.9784	431.8209
430.4483	432.1758
430.4597	432.49
430.4674	432.2891
430.6034	432.5656
430.7368	432.5358
430.7463	432.6406
431.0619	432.9826
431.1401	432.9471
431.149	433.1656
431.1973	433.0447
431.7222	433.3144
431.7401	433.2608
431.9739	433.4982
432.421	433.8604
432.6968	434.3348
432.7686	434.4913
432.7856	434.6097
432.8536	434.6129
433.1919	434.9309
433.2299	435.0198
434.0269	435.6254
434.1398	435.8327
434.4052	435.9431
434.6012	436.2204
435.0028	436.9401
435.0289	437.1143
435.075	437.3887
435.1034	437.3391
435.2215	437.5173
435.3083	437.5737
435.5096	437.5493
435.5696	437.6436
435.8315	437.7595
436.4135	437.9665
436.6699	438.3339
436.7833	438.1685
437.0879	438.5625
437.1856	438.8014
437.3529	438.9245
437.5008	439.0576
437.8668	439.3269
437.943	439.361
438.0918	439.8397
438.1499	439.6464
438.4858	440.1645
438.4879	440.2498
438.8255	440.4102
438.8833	440.6853
439.0606	440.8219
439.7016	441.3028
440.5442	442.2463
440.661	442.5282
440.8076	442.5383
441.2801	443.1091
441.3601	442.9839
441.5202	443.1885
441.8215	443.2038
442.3588	443.9495
442.5026	443.9635
442.5496	444.4129
442.9855	444.5202
443.2205	444.6871
443.7068	445.1455
443.8273	445.7066
443.8599	445.627
443.9005	445.7939
444.1167	445.6576
444.8514	446.4643
444.8915	446.7185
445.0475	446.7751
445.3363	447.244
445.3795	447.3824
445.4338	447.467
445.5975	447.3849
445.8099	447.5323
446.1653	447.5876
446.4421	448.0799
446.6274	447.9669
446.8878	448.4174
447.2358	448.8871
447.2589	448.8582
447.4214	448.956
447.5726	449.1328
447.665	449.1417
447.89	449.5623
448.1928	449.5658
448.6085	450.0967
449.0565	450.5767
449.2371	451.0478
449.3302	451.1497
449.4091	451.2568
450.5088	451.8937
450.5647	452.301
450.6663	452.4877
450.705	452.4827
450.9695	452.7246
451.0412	452.7649
451.4376	452.9471
451.5483	453.4408
451.6295	453.2149
451.8076	453.4439
451.9445	453.6497
452.0471	453.9089
452.0888	453.8242
452.1562	454.1603
452.1753	454.2111
452.4617	454.5129
452.6207	454.6347
452.6208	454.6893
452.9507	454.6382
453.599	455.029
453.6673	455.2561
453.8139	455.3767
454.2792	455.8766
454.3966	456.0856
454.4015	456.017
454.9077	456.5366
454.9359	456.8064
456.4332	457.9115
456.7357	458.3645
457.3337	459.0932
457.4758	459.0387
457.5997	459.4921
457.6262	459.4336
457.7124	459.6632
457.9185	459.7153
458.1604	459.8926
458.5289	460.0274
458.839	460.3821
458.86	460.4057
459.0458	460.9455
459.107	460.8817
459.1196	460.8968
459.5983	461.1911
459.9993	461.621
460.4946	462.1254
460.7647	462.3946
460.8102	462.5578
461.8464	463.3616
462.007	463.5131
462.2331	463.9246
462.4506	463.9301
462.4798	463.9434
463.1993	464.9283
463.2175	465.0976
463.2197	465.0069
463.4562	465.2559
463.6802	465.2666
464.1174	465.7411
464.1705	465.8347
464.4427	466.2405
464.4483	466.1958
464.9346	466.5544
464.9517	466.7266
465.01	466.8947
465.1223	467.1729
465.1278	467.1615
465.2399	467.0938
465.3954	467.1989
465.5859	467.2562
465.8905	467.5505
466.5994	468.0541
466.6881	468.1606
466.8072	468.3479
467.3764	468.9385
467.3971	469.351
467.4455	469.3078
467.9769	469.5494
468.3137	470.2625
468.3308	470.1521
468.3419	470.2866
468.3994	470.4816
468.692	470.4243
468.7545	470.5974
468.9133	470.6102
468.9473	470.7723
468.9614	470.7871
469.0354	470.7849
469.4317	471.199
469.4664	471.0502
469.5675	471.162
469.7546	471.3758
469.8865	471.3713
470.3119	471.7669
470.7959	472.297
470.9314	472.6156
471.0597	472.4771
471.7397	473.4218
472.177	473.5937
472.2792	474.1927
472.3543	474.077
472.4042	474.3146
472.4987	474.2928
473.1224	474.7298
473.2611	474.7649
473.6854	475.3853
473.7215	475.5372
473.8274	475.5416
474.0499	475.9284
474.0943	476.3135
474.1651	476.3306
474.1659	476.4008
474.3781	476.6291
474.4402	476.4679
474.7479	476.6094
474.9033	477.2069
475.1157	477.2547
475.2667	476.9703
475.5538	477.2607
475.7408	477.3733
475.7474	477.3156
476.323	477.8617
476.7111	478.5295
476.7493	478.5357
476.7762	478.6092
477.2535	478.7996
477.3066	479.0481
477.5304	478.9805
477.791	479.7271
477.8024	479.4874
478.5303	480.1683
478.6037	480.3635
478.7471	480.5071
479.8585	481.2677
480.2572	481.8828
480.5959	482.2957
480.8373	483.1405
480.8466	483.4355
480.8499	483.4165
481.2064	483.4489
481.2084	483.3798
481.2419	483.5583
481.2598	483.5566
481.3025	483.1376
481.6104	483.5294
481.7925	483.61
481.9636	483.6406
482.0357	483.8035
482.0992	483.9705
482.2176	483.934
482.6116	483.993
483.7033	485.3549
484.0255	485.496
484.1679	485.7842
484.3386	485.9804
484.3975	486.0046
484.589	486.2638
485.7867	487.2799
485.8416	487.3219
486.2119	487.7307
486.3792	487.8441
486.8433	488.4959
487.4187	488.7297
487.8833	489.3039
488.0827	489.575
488.2883	489.7209
488.5033	490.1055
489.5426	491.0319
489.6243	491.1849
490.0073	491.4926
490.2665	492.0822
490.3127	492.1397
490.3263	492.2962
490.3943	492.2298
490.5457	492.3801
490.5736	492.4313
491.0779	492.9086
491.1453	492.8475
491.468	492.8998
491.7428	493.3591
491.7701	493.3003
491.976	493.4124
492.0131	493.4719
492.2949	493.7214
492.4076	493.8261
492.6209	494.2458
492.6917	494.5917
492.7942	494.9529
492.8214	494.9987
492.8539	495.2374
492.8877	495.2676
492.9733	495.6069
492.9739	495.5952
493.0529	495.9128
493.0979	495.9087
493.2772	496.0699
493.3324	496.0578
493.403	496.2225
493.5701	496.2241
493.6517	496.3251
493.7415	496.7321
493.8143	496.7372
493.8538	496.4511
494.0419	496.7358
494.2308	496.9208
494.4092	496.8766
494.4702	497.2578
494.5001	496.8048
494.5275	496.9952
494.7548	497.3681
495.5271	497.39
495.6031	497.142
496.3585	497.8289
496.6819	498.3564
496.7048	498.3407
497.088	498.8498
497.1311	498.8246
497.3093	499.0133
497.3274	499.0774
497.8553	499.8169
497.9414	499.6537
498.0028	499.7282
498.3854	499.9341
498.6033	500.1187
499.346	500.9301
499.4335	501.1233
499.929	501.6267
499.9649	501.9573
500.0125	502.1093
500.0726	502.1035
500.2612	502.1258
500.3782	502.2593
500.4086	502.2798
501.5105	503.0957
501.5356	503.0455
502.4938	504.3561
502.5217	504.1484
502.6873	504.6911
502.8313	504.6189
502.9314	504.7287
503.4303	505.379
503.4394	505.4156
503.4563	505.3101
503.6079	505.6527
503.9124	505.6139
503.9438	505.7934
504.1309	505.6915
504.2385	505.7343
504.3698	505.9284
504.6417	506.3185
504.9641	506.5213
505.111	506.9632
505.122	506.9022
505.1699	507.1607
505.2036	507.0243
505.443	507.0104
506.0591	507.7117
506.6148	508.2594
506.6462	508.1428
506.9876	508.4572
507.3062	508.927
507.3541	509.0041
507.4834	509.2502
507.6119	509.3332
507.7271	509.5361
507.969	509.5381
508.0835	509.7315
509.1509	510.6633
509.3818	510.9593
509.6028	511.2385
509.952	511.7941
510.1769	511.7828
510.5198	511.9008
510.5905	512.2176
510.9503	512.7985
510.9682	512.5405
511.2851	512.6898
511.5338	513.4341
511.5841	513.3086
511.6434	513.5387
511.9154	514.0803
512.045	514.0258
512.1456	514.0937
512.5235	514.1987
512.922	514.4566
513.149	514.8609
513.3856	514.8028
513.86	515.1824
514.1039	515.5179
514.3578	515.9948
514.394	515.8286
514.5855	516.0927
515.0989	516.7136
515.231	516.9885
515.2771	517.1938
515.2918	517.0221
515.3315	517.1957
516.0264	517.5331
516.6059	518.0772
517.0937	518.6021
518.0406	519.4848
518.3008	520.0404
518.356	520.2715
518.4286	520.2012
518.7599	520.4352
519.6354	521.2215
519.6915	521.4081
519.8043	521.6668
519.8525	521.661
519.9417	521.715
520.334	521.9077
520.5282	522.1689
521.2267	522.5958
521.5309	523.0714
521.6226	523.1299
521.9309	523.6518
522.0473	523.4905
522.1393	523.8562
522.1866	523.8968
522.2334	523.7444
522.8769	524.446
523.2251	524.8451
523.274	525.0524
523.3219	525.1529
523.3766	525.2563
523.489	525.4798
523.519	525.7354
523.6342	525.7808
523.6486	525.778
523.9011	526.2961
523.9316	526.1866
523.9439	526.1856
524.589	526.2498
524.6066	526.4132
524.8139	526.5558
524.9885	526.5049
525.3039	526.7293
525.3726	526.7909
525.5518	527.0785
525.8231	527.6676
525.9317	527.7016
526.6358	528.0475
526.7716	528.3025
527.1346	528.78
527.3256	528.8453
527.4841	529.1186
527.5013	529.3842
527.5578	529.3736
527.8736	530.3698
527.9016	530.1108
527.9648	530.1723
527.9823	530.4896
528.0018	530.4089
528.3026	530.6646
528.4497	530.8135
528.6761	531.116
528.9072	531.355
529.0647	531.3242
529.2235	531.6333
529.632	531.8164
529.6812	531.9663
529.8215	532.1415
529.8999	532.2111
530.1617	532.3931
530.1755	532.3307
530.3415	533.1648
530.3542	533.1228
530.355	532.9473
530.3648	533.0161
530.5819	533.3259
530.9627	533.443
531.0974	533.4328
531.1691	533.5367
531.2027	533.4385
531.2131	533.4231
531.5859	533.555
531.7265	533.8126
531.922	533.8602
531.9867	534.037
532.2773	533.9445
533.2082	534.9066
533.3993	534.9966
533.477	535.1898
534.3375	535.8525
534.6448	536.1901
535.072	536.662
535.2989	536.7287
535.4594	537.1323
535.8212	537.488
535.8331	537.5477
536.1906	537.984
536.2179	537.9208
536.3524	538.1483
536.4718	538.2181
536.9317	538.5686
537.2665	538.6465
538.2722	539.9721
538.2789	539.8997
538.9447	540.4335
538.9789	540.5488
539.705	541.0887
539.8284	541.3065
539.984	541.4154
540.3373	542.2096
540.3585	542.4627
540.3593	542.7606
540.3937	542.6467
540.4066	542.6712
540.4331	542.6987
541.3491	542.9953
541.5447	542.9162
541.6105	543.2364
541.7797	543.2212
542.1411	543.6908
542.3552	543.8334
542.9277	544.3502
543.1052	544.9084
543.112	544.9059
543.1404	545.1476
543.1653	545.1176
543.2071	545.2768
543.2741	545.3867
544.1112	545.6093
544.446	546.4365
544.4643	546.819
544.4824	546.7139
544.6895	546.9541
544.8286	546.6287
545.0654	546.8079
545.1184	547.079
545.293	547.3316
545.3009	547.1634
545.4406	547.2797
545.4417	547.3967
545.5152	547.4685
545.9846	547.6127
546.0465	547.7477
546.1484	547.9038
546.2759	548.1577
546.4	548.0506
546.4929	548.3356
546.7193	548.4087
547.3065	549.0455
547.3077	549.0663
547.5204	549.2461
548.061	549.593
548.4462	549.8414
548.5525	550.1743
549.1936	550.9708
549.3002	550.8256
549.567	551.1259
549.7102	551.0823
549.9935	551.592
550.1432	552.0162
550.1751	551.9904
550.8188	552.2932
550.9424	552.319
551.087	552.6883
551.2846	552.7883
551.354	553.2963
551.4421	553.5691
551.5288	553.4712
551.6659	553.5214
552.4962	554.2215
552.575	554.6665
552.5958	554.5963
552.8196	554.663
553.0009	554.8873
553.0087	555.3637
553.0961	555.3599
553.1721	555.2028
553.3754	555.1233
553.4938	555.2669
553.6345	555.6537
553.6708	555.5439
553.9268	555.7962
554.0198	556.1781
554.0547	555.8845
554.1827	556.0146
554.4272	556.1736
555.2165	556.6742
555.3448	556.7679
555.3687	557.0055
555.872	557.4916
555.9625	557.6318
556.0715	557.4761
556.4251	558.2264
556.4429	558.1642
557.0058	558.4978
557.7809	559.2726
557.8574	559.7264
557.9376	559.7483
558.0039	559.9814
558.5155	560.4692
558.5162	560.4407
558.5436	560.2993
558.721	560.8833
558.7339	560.965
559.0725	560.9437
559.0914	561.0223
559.305	560.8963
559.3275	560.9934
559.4315	561.135
559.6548	561.1934
559.895	562.0547
559.9056	561.863
560.0253	562.5961
560.0303	562.735
560.0556	562.6163
560.1064	562.6319
560.5256	562.7698
561.0623	562.7818
562.7184	564.1064
563.0776	564.7267
563.4883	565.1482
563.5142	565.3004
564.2695	565.7471
564.7981	566.2857
565.0847	566.6502
565.0966	566.7275
565.56	567.1837
565.6593	567.1565
565.7429	567.5904
565.8203	567.561
565.8687	567.4987
566.191	567.8279
566.2018	568.2806
566.3242	567.9833
566.7041	568.2846
567.897	569.3209
568.5526	570.1769
569.3433	570.867
569.8339	571.3757
569.8643	571.6719
570.4906	571.9704
570.6331	572.1613
571.4549	572.8046
571.9043	573.4713
572.1891	573.8696
572.549	574.3748
572.7709	574.2078
572.8524	574.366
572.9783	574.5813
573.5779	575.1158
573.9298	575.451
574.1203	575.7402
574.4046	575.8684
574.9244	576.5589
575.2158	576.6978
575.5249	576.9848
575.7354	577.3353
576.7455	578.5099
576.8653	578.2057
577.116	578.7339
577.3356	579.0782
577.3791	578.9059
577.5128	579.1617
578.0093	579.5447
578.1529	579.702
578.5918	580.4105
578.8638	580.4094
579.3419	580.8651
579.3856	581.2418
579.3971	581.4725
579.5698	581.5359
579.9473	581.5762
580.1198	581.7258
580.7585	582.48
581.009	582.5269
581.5038	583.0807
581.9042	583.3677
581.9754	583.7661
582.0109	584.0132
582.4282	583.9466
582.7742	584.3614
582.7817	584.4889
583.1781	584.7588
583.4776	584.9271
583.6492	585.3523
583.7318	585.0976
584.1725	585.7142
584.4325	585.7638
584.5532	586.1755
584.7329	586.6511
584.8103	586.3531
586.7772	588.2142
586.9792	588.6124
587.4533	589.2169
587.5172	589.1277
587.6342	589.1468
587.8472	589.2663
588.2204	589.5887
589.5032	591.1712
589.6846	591.2621
589.9666	591.4027
590.2416	591.6966
590.6905	592.3216
591.0604	592.5789
591.6976	593.2028
591.802	593.5534
591.8804	593.6066
591.9993	593.7174
592.0359	593.7557
592.3802	593.9521
593.3261	594.846
593.5298	595.1398
593.6085	595.0133
594.8324	596.2764
595.1897	596.7887
595.5452	597.1406
596.1644	597.917
596.1842	597.8417
596.6276	598.211
596.7429	598.5676
596.9694	598.5434
597.1337	598.6843
597.4294	598.9928
597.7159	599.298
597.7173	599.4077
597.9066	599.6495
597.93	599.503
597.9887	599.6152
598.2365	599.8138
598.4097	600.0541
598.5381	600.1663
598.7473	600.4183
599.0132	600.541
599.0769	600.8166
599.2553	600.7953
599.3008	601.0418
599.5777	601.2019
600.078	601.7208
600.5872	602.6076
600.621	602.5601
600.6277	602.4602
600.6585	602.5446
600.7202	602.4548
600.931	602.4651
601.2086	602.8031
601.2408	602.8813
601.4161	602.8961
601.5402	603.1647
602.3917	603.7663
602.4426	603.9425
602.5599	604.3145
602.6036	604.2463
602.6432	604.2276
603.2739	604.9356
603.332	605.0588
603.3373	605.1063
603.7015	605.1309
603.8186	605.4531
603.8792	605.638
604.5749	606.3009
604.576	606.5661
604.5978	606.539
604.6421	606.4616
605.2042	606.944
605.3049	607.3119
605.3639	607.3211
605.5444	607.4633
605.5701	607.6927
605.7925	607.9014
605.929	607.82
606.2645	608.2739
606.3161	608.3156
606.3476	608.2643
606.457	608.42
606.4634	608.4113
607.8984	609.6619
607.9598	609.7479
608.6004	610.0872
608.8548	610.2596
609.1135	610.5795
609.3232	610.8076
609.4077	611.1951
609.4331	611.099
609.4979	611.499
609.5436	611.3368
609.9231	612.0234
609.9855	612.1184
610.0242	612.2828
610.1124	612.1478
610.1169	612.5021
610.3688	612.4014
611.0377	612.6901
611.2233	612.784
611.5433	613.1922
611.6423	613.1976
611.8099	613.4731
611.881	613.6323
612.3679	614.243
612.6306	614.6314
612.6557	614.6751
612.831	614.7819
612.9389	615.2408
612.9448	615.3083
613.2417	615.123
613.294	614.9996
613.8128	615.4416
614.1546	615.7807
614.3286	615.8236
614.6485	616.0419
614.7005	616.0657
615.0331	616.7158
615.526	617.3076
615.5711	617.3809
615.6299	617.3735
616.0381	617.859
616.0516	618.0188
616.4183	617.9627
616.6536	618.3152
617.6891	619.3674
617.7613	619.397
617.8676	619.5808
617.9202	619.6769
617.9809	620.033
618.0998	619.9978
618.302	619.8693
619.3336	621.0966
619.5664	621.1138
619.8631	621.2684
619.9163	621.485
619.941	621.6297
620.251	621.7981
620.3112	622.0646
620.3139	621.9488
620.6376	622.2501
620.7245	622.3328
621.0518	622.5691
621.1665	622.8254
621.2659	622.8388
621.3643	623.3947
621.3757	623.26
621.535	623.5592
621.5403	623.5931
621.624	623.5125
621.7114	623.8693
622.0049	623.9568
622.7273	624.3576
622.7406	624.6026
622.8511	624.7786
623.0058	624.7251
623.2244	624.7828
623.8321	625.2529
623.8943	625.5205
624.0359	625.7918
624.0875	625.5805
624.5356	626.0924
624.8179	626.4579
624.9914	626.5622
625.0	626.5129
625.3186	627.0374
625.3224	626.8549
625.5617	627.0454
625.9553	627.7937
625.9956	627.5346
626.1851	627.966
626.2036	627.8952
626.2975	627.9134
626.5612	628.1022
626.5616	628.1989
627.3128	628.8974
627.6377	629.2127
628.0472	629.7896
628.12	629.7227
628.4479	630.1445
628.5977	630.0495
628.7413	630.1755
629.294	630.8491
629.4981	631.2563
629.5087	631.1897
629.6194	631.2617
629.6236	631.3894
630.049	631.5895
630.109	631.9103
630.1989	631.9732
630.4155	632.061
630.5434	632.1307
630.8599	632.6726
631.0178	632.6838
631.6336	633.0987
631.9075	633.4993
631.919	633.7427
632.4704	633.9485
633.0037	634.5039
633.4425	635.0574
633.8191	635.5927
633.8581	635.7122
634.1574	635.8578
634.4089	635.8312
634.6343	636.2469
634.671	636.289
635.0683	636.4925
635.2009	636.6962
635.6064	636.9872
636.0508	637.5118
636.4529	638.0155
636.8948	638.7953
636.9674	638.7706
637.934	640.0
637.9501	639.7923
638.2483	640.0716
638.4287	640.192
638.611	640.4536
638.6465	640.4739
638.8735	640.7004
639.1712	640.7304
639.3271	641.1058
639.3342	641.1082
639.6062	641.4461
639.6171	641.3347
639.9273	641.4893
640.0	641.788
640.138	641.6092
640.1897	641.7593
640.3574	642.1441
640.5271	642.4112
640.6407	642.459
640.8039	642.4046
641.4857	642.9627
641.5363	642.9317
641.9802	643.5963
642.3757	644.2856
642.447	644.3256
642.7691	644.4295
642.9583	644.7078
642.9769	644.7423
643.0511	644.7101
643.3809	645.4149
643.4484	645.5302
643.5279	645.6147
643.542	645.4314
643.6441	645.5633
644.148	645.7263
644.6143	646.1732
644.7404	646.3177
644.9006	646.4678
644.9731	646.6008
644.9922	646.5995
645.4788	646.9861
645.6441	647.3081
645.7513	647.3634
645.8599	647.5717
646.407	648.1053
646.5372	648.3876
646.5832	648.2322
646.7318	648.6117
646.8104	648.4133
647.4125	648.9464
647.4564	649.0483
648.2033	649.7037
648.3386	649.8272
648.5517	650.0163
648.6524	650.1853
648.7026	650.1899
648.7834	650.3497
649.3027	650.8637
649.3667	650.9788
650.178	651.9498
650.2645	651.8972
650.45	652.2912
650.5438	652.2246
650.7276	652.1887
650.8791	652.6016
651.0428	652.6725
651.3315	652.8438
651.5675	653.0456
651.7329	653.3912
651.8019	653.3782
651.9684	653.5605
652.1328	653.8598
652.2411	653.6853
652.3555	653.8076
653.4759	655.4459
653.5846	655.1931
654.0294	655.6253
654.1575	655.7335
654.5994	656.2674
654.6104	656.1849
654.8654	656.3471
654.9943	656.5367
654.9996	656.5362
655.8435	657.4587
655.8748	657.323
656.057	657.736
656.1698	658.0539
656.2511	657.9762
656.2696	657.9081
656.6215	658.4075
656.6794	658.4035
656.8158	658.423
657.2935	659.0084
657.3321	658.9002
657.4713	659.1281
657.6447	659.1853
657.9236	659.4129
658.1883	659.8131
658.2643	659.8585
658.5621	660.2834
659.2717	660.7067
659.4642	661.0581
659.5078	661.3275
659.5283	661.3027
659.8013	661.5782
659.9982	661.4794
660.0663	661.7881
660.7297	662.2132
660.8044	662.316
660.9695	662.6687
661.0325	662.7243
661.3135	662.9305
661.382	662.9618
662.1928	663.7572
662.3116	664.1306
662.3582	664.2649
662.5125	664.6124
662.5287	664.7513
662.683	665.0646
662.6906	665.0146
662.774	664.966
662.8764	665.0411
663.078	665.1623
663.1389	665.0552
663.2077	665.3034
664.071	665.5918
664.2379	665.6431
664.8824	666.284
664.9841	667.0223
664.99	666.9296
665.1728	667.055
665.7347	667.3149
665.9466	667.5376
666.4601	668.1082
667.08	668.5751
667.0966	668.7394
667.2965	669.0228
667.311	669.2716
667.3937	669.5952
667.3999	669.4341
667.5124	670.0293
667.5315	670.1142
667.594	669.9602
667.6295	670.1616
667.6516	670.4465
667.7142	670.3698
668.0706	670.4518
668.9903	670.4672
669.1102	670.5493
669.9652	671.4928
670.0758	671.6438
670.3405	671.7731
670.6461	672.001
670.7824	672.3474
670.9019	672.4746
671.0733	672.8756
671.1572	672.7248
671.5093	673.0713
671.76	673.3787
671.956	673.4473
672.0107	673.832
672.7371	674.1602
672.9374	674.5362
673.3156	674.8468
673.4879	675.063
673.6041	675.3555
674.1657	675.8906
674.3725	675.7998
674.5195	675.9101
674.847	676.2872
675.0132	676.3856
675.4503	676.9613
675.8917	677.6996
676.0145	677.5228
676.0316	677.6977
676.3211	677.9476
676.8009	678.2187
677.2033	678.6864
677.4778	679.4455
677.509	679.3226
677.6644	679.7695
677.6753	679.6983
678.3873	680.0309
678.4817	680.2018
678.6973	680.3802
679.0184	680.6616
679.0604	680.929
679.1195	680.8569
679.4814	681.2682
679.8523	681.7536
679.9028	681.5487
680.1614	681.6645
680.7096	682.1366
681.2741	682.7432
681.5467	683.0929
681.647	683.3913
682.3298	684.0841
682.4687	684.1064
682.5075	684.0688
682.6971	684.3845
682.7811	684.4366
683.5752	685.1571
683.9328	685.5679
684.2187	685.6322
684.4354	686.0079
684.9266	686.5093
685.0398	686.4008
685.5243	687.0868
685.6434	687.6167
685.6742	687.4829
685.8229	687.8303
685.9015	687.8264
686.0808	687.9255
686.1947	688.1702
686.3316	688.0806
686.8922	688.5109
687.0376	688.5106
687.3151	689.0053
687.6891	689.0385
687.9704	689.509
688.1151	689.5385
688.3608	689.7949
688.9362	690.4739
689.1338	690.8607
689.2464	690.9853
689.6445	691.2484
689.7127	691.4131
689.8642	691.5302
689.975	691.399
690.5508	692.0907
690.7912	692.3918
690.8182	692.5336
691.0003	692.6178
691.3256	693.0401
691.4621	692.9794
692.0971	693.6729
692.119	693.8915
692.4665	694.0777
692.7173	694.1913
692.776	694.2307
692.9048	694.349
693.1093	694.729
693.2019	695.321
693.2415	695.2611
693.2513	695.407
693.3105	695.0606
693.5103	695.3525
693.8988	695.6392
694.4916	695.9657
694.916	696.4168
695.3852	697.2871
695.4683	697.2983
696.3298	697.9029
696.6081	698.237
696.6939	698.6344
696.8463	698.6801
697.4177	698.8541
697.6608	699.419
697.8792	699.4616
698.2865	699.8898
698.3559	699.9867
698.4082	700.2451
698.5667	700.4827
698.6445	701.4404
698.6548	701.4841
698.7267	701.0153
698.7565	701.4659
698.7958	701.3735
698.9822	701.4586
698.9915	701.0366
699.9601	701.8762
700.0145	701.9257
700.7233	702.328
701.7625	703.413
702.1359	703.6439
702.9144	704.3805
703.02	704.5724
703.4465	705.0763
703.4644	705.1887
703.5375	705.7416
703.5599	705.5039
703.6574	705.777
703.892	705.7377
704.0596	705.8973
704.1352	705.8478
704.466	706.0844
704.5128	706.241
704.7264	706.502
704.7907	706.4315
704.8739	706.4484
705.1498	706.7023
705.369	706.9695
705.4432	707.1687
705.4739	707.2909
705.5827	707.538
705.8095	707.8679
706.3141	707.8889
706.3178	708.0033
706.9703	708.6315
707.3173	708.9971
707.3908	709.0691
707.5119	709.0921
707.6728	709.456
707.7277	709.1858
708.0639	709.7891
708.6985	710.1927
708.9617	710.555
709.0212	710.663
709.1704	710.884
709.2163	710.947
709.2587	711.1609
709.3259	710.9173
709.5985	711.0433
709.8516	711.4853
709.8613	711.5926
710.0835	711.7525
710.4161	711.9708
710.4244	711.9268
710.6901	712.1185
710.7278	712.3499
710.9312	712.5311
711.4348	713.1017
711.4388	713.0062
711.5724	713.1693
711.6087	713.4025
711.9227	713.4744
712.4891	713.837
712.8149	714.2357
712.8742	714.7131
712.9652	714.7281
713.002	714.903
713.1345	715.0951
714.0639	715.7219
714.107	715.7607
714.2182	715.9065
714.3363	716.3031
714.4284	716.4397
714.6001	716.7258
714.6048	716.7337
714.9107	716.6038
715.1609	716.5884
715.3885	716.9114
715.6572	717.2019
715.7531	717.1463
715.9954	717.7681
716.0233	717.7939
716.0935	717.8851
716.3667	718.2467
716.4608	718.5164
716.4761	718.6059
716.5439	718.528
716.7065	718.6901
717.0465	718.9439
717.1586	718.8423
717.5684	718.9588
717.6937	719.3006
718.1038	719.8832
718.1543	720.1467
718.3331	720.0424
718.9801	720.4596
719.3167	720.9156
719.4623	720.8323
719.6503	721.4077
719.7035	721.3157
719.724	721.4641
719.8134	721.5509
720.1617	721.8728
720.5713	722.3403
720.5863	722.3902
720.599	722.6487
720.6613	722.4983
720.8099	722.7095
721.0483	723.3108
721.0908	723.3382
721.1865	723.2561
721.8442	723.5468
722.0498	723.7022
722.9752	724.7221
722.9876	725.0021
723.0156	725.0652
723.1175	724.9919
723.1428	725.0484
723.1753	725.1751
724.5312	726.2288
724.633	726.6082
724.6775	726.3104
724.8818	726.7335
725.0466	726.6689
725.1617	726.6309
725.6211	727.0637
725.7589	727.1754
726.0	727.7103
726.2928	728.0157
726.3323	728.0655
726.4577	728.2162
726.5054	728.2193
726.6432	728.59
726.6941	728.6785
726.9249	728.6175
726.9418	728.6083
727.2951	728.8253
727.4008	729.0622
728.2107	729.7295
728.3111	729.9189
728.7059	730.6045
728.8793	730.5062
729.7396	731.3061
730.2078	731.9397
730.3299	731.8901
731.0075	732.8148
731.0488	732.6706
731.6422	732.9719
731.8773	733.5223
733.3862	734.9055
734.0283	735.4876
734.1351	735.5196
734.4011	736.0106
734.624	736.2255
734.9436	736.4432
735.2489	736.5744
735.5844	737.1169
735.6839	737.161
736.0903	737.8336
736.2627	737.9852
736.3028	737.8167
736.4875	737.9943
736.5677	738.1662
737.0226	738.5721
737.2376	738.8157
737.3087	738.9642
738.3822	739.9927
738.4206	740.214
738.5539	740.5626
738.5567	740.47
739.0954	740.7528
739.1319	740.7281
739.4588	741.4424
739.6045	741.5017
739.9126	741.4801
740.3837	742.3035
740.4844	742.4561
740.5222	742.4927
740.7988	742.7423
740.8199	742.7285
740.8328	742.9688
741.0777	743.0416
741.2904	743.1238
742.0451	743.6851
742.5394	744.1563
742.8492	744.5193
742.8927	744.8741
742.9996	745.0095
743.1918	745.1368
743.5218	745.0452
743.8583	745.4412
744.283	745.8607
744.6111	746.2206
745.2414	746.6249
745.383	746.8313
745.4703	747.0193
745.9836	747.614
746.1621	747.7528
746.2095	747.8657
746.7179	748.123
747.0267	748.5629
747.2176	748.7512
747.9244	749.3429
748.0665	749.5508
748.2288	749.7489
748.2638	749.8562
748.9089	750.4964
748.9568	750.6054
749.0627	750.6956
749.2184	751.0848
749.3142	750.9153
749.5033	751.248
749.5859	751.3393
749.6449	751.3289
749.7064	751.2993
750.1164	751.7399
750.3788	752.161
750.3888	752.1054
750.4284	752.2878
750.5916	752.2359
750.7446	752.33
750.9825	752.4405
751.21	752.7707
751.9022	753.3414
753.0747	754.5754
753.1573	754.956
753.2429	754.9818
753.5158	755.5398
753.5453	755.7493
753.6482	756.0385
753.7665	756.3106
753.8125	756.593
753.8152	756.0565
753.8192	756.2369
753.9754	756.6174
754.3941	756.7217
754.4712	756.4988
754.6442	756.3344
754.8106	756.7189
755.0881	756.6606
755.2122	756.6081
755.4255	756.933
755.9251	757.5919
755.9383	757.3753
756.335	758.0245
756.3986	758.1597
756.4407	758.2872
756.6479	758.1815
756.8008	758.4025
756.874	758.4882
757.0485	758.4949
757.3553	758.8808
757.4779	758.9936
757.5837	759.6424
757.6198	759.4453
757.6775	759.5025
757.752	759.7253
758.6263	760.2713
758.6727	760.1588
758.9604	760.3695
759.7866	761.3231
759.9401	761.4696
760.5928	762.2421
760.7501	762.3131
760.8135	762.9851
760.8915	763.2349
760.9013	763.4904
761.0698	763.1049
761.2537	763.0898
761.4225	763.5191
761.6853	763.3002
762.1415	763.7714
762.2295	763.9234
762.3417	764.0204
762.5195	764.2669
762.6224	764.3489
762.7435	764.3071
762.8778	764.8128
762.9006	764.7112
762.9675	764.8265
763.2609	764.8383
763.39	765.0668
763.4904	765.0783
763.6384	765.3774
763.9459	765.5294
764.23	765.7368
764.3466	765.9026
764.3855	766.1115
764.5104	766.207
764.5445	766.2183
765.1287	766.6618
766.0849	767.6129
766.1736	767.7542
766.2413	767.7958
766.3353	767.8468
766.6798	768.1458
766.7724	768.483
766.7813	768.4525
766.8232	768.5171
767.5758	769.1853
768.074	769.5673
768.2963	769.9231
768.4241	770.1179
768.5034	770.1417
769.1352	770.5237
769.2377	771.0322
769.2971	770.9422
769.3855	771.2342
769.5795	771.263
769.8277	771.2969
770.0213	771.4277
770.0732	771.6247
770.1451	771.9095
770.1955	771.9332
770.7586	772.5919
770.803	772.7979
770.82	772.7259
770.9162	773.3688
771.0446	773.8983
771.1022	773.9487
771.1266	773.8596
771.3195	774.1432
771.3566	774.1283
771.4303	774.4555
771.4877	774.3699
771.6375	774.3455
771.9465	774.4966
772.4116	774.8972
772.6098	774.9361
772.6325	775.0641
772.9526	774.8454
773.2232	775.1274
773.5234	775.5893
773.7645	775.6885
774.7679	776.3633
774.7964	776.3801
775.4633	777.0661
775.5016	777.5648
775.5508	777.1962
775.969	777.5894
776.2111	777.8609
776.4444	777.8943
777.4827	779.0391
777.5895	779.0984
778.1719	779.7186
778.3216	779.8675
778.3542	779.995
778.4108	779.9258
778.6674	780.0758
778.8256	780.463
779.6736	781.2651
779.6816	781.3673
779.7512	781.5126
779.8003	781.6577
779.8889	781.7468
780.1984	781.8584
780.3745	781.9813
780.4787	782.2025
780.5175	782.6779
780.7554	782.5207
780.7601	782.7503
780.7759	782.5796
780.8193	782.7651
782.0285	783.6188
782.0771	783.691
782.7458	784.1587
783.4973	784.9043
783.6909	785.3027
783.7003	785.3624
784.4468	785.8748
784.5435	786.0354
784.872	786.3554
785.2812	786.8369
785.6006	787.1973
785.896	787.5806
786.201	787.7359
786.4447	787.9215
786.8647	788.5155
787.451	788.8582
787.7147	789.2789
787.8396	789.3356
788.1538	789.6429
788.2042	789.9017
788.3324	789.9814
788.3862	790.1884
788.4254	790.3389
788.5951	790.4029
789.1717	790.6401
789.8114	791.3297
789.8802	791.4299
789.9806	791.7279
789.9895	791.6162
791.2851	792.8575
791.3397	793.1873
791.4069	793.0889
791.4634	793.2615
791.4739	793.4011
791.8182	793.3571
792.3962	794.0656
792.4688	794.1645
792.6208	794.3538
792.6738	794.4394
792.7652	794.3549
793.2109	794.8563
793.3087	795.1463
793.3967	795.2288
793.5983	795.2051
793.679	795.2656
794.016	795.5101
794.1863	795.8014
794.6711	796.0456
794.741	796.2759
794.8973	796.3231
794.9807	796.7145
795.0294	796.7346
795.1929	796.9596
795.3348	797.1378
795.3818	797.1801
795.3883	797.2386
795.5164	797.3003
795.7833	797.4834
795.884	797.3951
796.1112	797.6155
796.3082	798.0372
796.3361	798.2543
796.3679	798.2536
796.4498	798.2521
796.4887	798.4723
796.6454	798.6063
797.8303	799.7568
797.8374	799.5379
798.1128	799.6841
798.2977	799.7573
798.4748	800.1191
798.5629	800.2729
798.8365	800.4004
799.1563	800.628
799.3063	801.2793
799.3132	801.1905
799.3548	801.1598
799.3927	801.4339
799.5954	801.4619
800.1098	801.6265
800.8252	802.6078
800.8477	802.8099
800.8631	802.7674
801.0024	802.892
801.1975	802.8381
801.5453	803.068
802.0026	803.6116
802.3962	804.0255
802.898	804.3867
803.036	804.6537
803.6271	805.1512
803.7431	805.4876
803.7485	805.6338
803.756	805.5386
803.9118	805.7496
804.0545	805.9765
804.0656	806.131
804.255	806.1255
804.3386	806.2267
804.4181	806.2567
804.6945	807.2234
804.7205	806.9216
804.7405	807.2202
804.911	807.263
804.9278	806.8801
804.9356	807.1755
805.1918	807.3535
805.4499	807.3851
805.4745	807.6052
805.6183	807.9227
805.7155	807.8285
805.9251	807.9031
806.07	807.9835
806.4112	808.2738
806.5539	808.3557
806.6041	808.3637
806.816	808.7215
806.8426	808.7935
806.9002	808.9032
806.9208	808.7306
806.974	808.9761
807.2362	808.865
807.3033	808.9514
807.5045	809.1386
807.5986	809.2068
808.4116	810.0902
808.4362	810.1006
808.6696	810.2404
808.7975	810.3709
809.3289	810.8139
809.4222	811.1029
809.4975	811.0782
809.8204	811.2404
810.2939	811.7817
810.4702	811.9033
810.5965	812.1637
811.894	813.5131
812.0009	813.3911
812.3232	814.0225
812.4485	814.4795
812.6385	814.6824
812.6638	814.5346
812.6854	814.7435
813.0275	814.7909
813.1608	814.9723
813.2206	814.9522
813.2727	814.8275
813.5141	815.2419
814.2328	815.5858
814.4182	815.9053
814.9372	816.5226
815.141	817.0415
815.2323	817.0565
815.4871	816.9929
815.7307	817.281
815.9244	817.6408
816.1036	817.6098
816.231	817.6462
816.5762	818.1489
817.2204	818.6779
817.3006	818.9248
817.7699	819.4281
817.8562	819.6396
817.9986	819.9846
818.1489	820.2373
818.2752	820.2419
818.276	820.3085
818.36	820.3416
818.6034	820.753
818.6318	820.8299
818.6505	820.7587
819.0263	820.9743
819.135	821.2916
819.3119	821.3112
819.4165	821.4198
819.6744	821.4469
819.9168	821.5294
820.1069	821.6594
820.2457	822.0484
820.2833	822.39
820.2936	822.5936
820.3678	822.5082
820.8388	822.7001
821.0641	822.5757
821.3466	823.0848
821.5119	823.2368
821.5614	823.1944
821.8718	823.342
821.9901	823.6953
822.0277	823.8508
822.1068	823.946
822.1698	823.8824
822.9139	824.3502
823.2378	824.7422
823.3354	825.4147
823.3966	825.5894
823.4266	825.473
823.4397	825.4895
823.4943	825.4949
824.3597	825.9599
824.3629	826.0627
824.4598	826.2181
824.7039	826.5035
824.7221	826.292
824.7931	826.5104
824.8061	826.683
825.112	826.9336
825.3983	827.1501
825.5759	827.0894
825.8704	827.5282
825.9243	827.6778
825.9248	827.6337
825.9741	827.8746
826.2511	827.9972
826.638	828.1315
827.1674	828.6214
827.7338	829.2064
827.785	829.4437
828.1743	829.7617
828.4196	830.2846
828.4725	830.2687
828.4833	830.1374
828.9954	830.3943
829.6248	831.4267
829.6468	831.2488
829.9795	831.5453
830.0959	831.6581
830.4488	832.3009
830.523	832.458
830.665	832.3658
830.8544	832.8261
830.9641	832.6266
831.1658	832.9107
831.697	833.0822
831.8268	833.4737
831.9106	833.5912
832.3625	833.8849
832.6784	834.3388
833.102	834.7286
833.1021	834.818
833.3391	834.8108
833.609	834.9734
834.1807	835.657
834.4623	836.0628
835.2039	836.7913
835.3379	836.914
835.6009	837.1365
835.6009	837.2
835.6606	837.3705
836.0631	837.7699
836.1047	837.6887
837.5758	839.1163
838.0929	839.7227
838.1404	839.5454
838.6376	840.3044
839.0724	840.7105
839.5019	841.0397
839.9757	841.5054
840.4222	842.1194
840.4998	842.1483
840.786	842.3759
840.8711	842.7302
840.918	842.6545
841.5778	843.1717
841.7723	843.4731
841.8876	843.5585
842.0088	843.6408
842.2575	844.0678
842.573	844.3635
842.6115	844.7458
842.6301	844.8777
842.6454	844.8245
842.8797	845.2806
842.9232	845.27
842.9642	845.3913
843.2757	845.5925
843.2909	845.9205
843.3635	845.9243
843.4803	846.0788
843.767	846.3953
843.7821	846.3922
843.8389	846.5528
843.9702	846.6976
844.0494	847.0219
844.0959	846.9408
844.1948	847.3698
844.2424	847.1769
844.3268	847.4242
844.6285	847.601
844.7419	847.7521
844.9113	848.0356
844.9492	848.3257
844.9723	848.4244
845.0207	848.1596
845.2308	848.2812
845.5544	848.7591
845.6136	848.9102
845.7329	849.0347
845.8949	848.9778
846.0174	849.6266
846.0768	848.917
846.2778	849.6149
846.403	849.5773
846.4067	849.1594
846.7014	849.6572
846.8284	849.1776
847.1999	849.7606
847.6528	849.9244
847.8435	849.8691
848.265	850.2369
848.303	850.1247
848.3948	850.5033
848.4519	850.2572
848.4889	850.4948
848.8119	850.3304
848.896	850.5061
849.2096	850.8694
849.2855	850.9573
849.3799	851.0091
850.0203	851.6017
850.4728	851.8654
850.5895	852.0935
851.6515	853.4115
851.7348	853.594
851.7365	853.6648
851.8469	853.6051
852.0005	854.0889
852.1257	854.1234
852.1659	854.0947
853.2205	854.839
853.3672	854.8985
854.0158	855.7892
854.0298	855.8027
854.1733	855.8477
854.5324	856.1861
854.6052	856.2077
855.6345	857.2444
856.1674	857.688
856.2735	857.7539
856.4263	858.1374
856.5117	858.1526
856.6359	858.3764
856.8802	858.5035
856.9646	858.4197
857.1107	858.8433
857.159	858.942
857.2566	859.0159
857.8811	859.2646
858.0016	859.5889
858.3427	859.8358
858.4654	860.5651
858.5043	860.6018
858.6751	860.7313
858.7388	861.0072
858.783	861.3031
858.8671	861.1628
858.8823	860.9466
858.9058	861.2735
859.4267	861.5308
859.7054	861.4593
859.9318	861.6427
859.9738	861.7452
860.108	861.7293
860.3837	862.1917
860.3935	862.2711
860.4837	862.5227
860.592	862.5724
861.3813	863.0483
861.5336	863.0133
861.6338	863.0162
861.7747	863.5101
861.7906	863.4987
861.8644	863.9138
861.9851	863.8653
862.1769	864.0844
862.8171	864.3515
863.0213	864.4099
863.891	865.8891
863.9592	866.2898
864.064	866.4575
864.0721	866.5623
864.1345	866.564
864.2609	866.7369
864.3428	866.9646
864.4165	866.8772
864.4253	866.9626
864.5981	867.0457
864.7725	867.4278
864.9157	867.1609
864.9382	867.2788
865.0242	867.4919
866.4305	867.9662
866.4412	868.2971
866.6603	868.326
866.7176	868.5017
866.9216	868.6681
866.9527	868.8608
867.0547	868.8849
867.0764	869.0505
867.1079	868.8768
867.4764	869.3994
867.5404	869.2426
867.6618	869.5244
867.9198	869.6149
868.0879	869.5939
868.1954	869.8487
868.4322	869.794
868.766	870.4469
868.8182	870.6025
869.4148	871.0503
869.5477	871.0292
869.9869	871.6419
870.0189	871.7036
870.1471	872.2123
870.3106	872.0712
870.4017	872.1833
871.2666	872.8044
871.621	873.7191
871.6279	873.573
871.6388	873.2607
871.7216	873.6511
871.8595	873.7904
872.1207	873.7889
872.4631	873.9957
872.5153	874.106
872.6683	874.4001
873.1572	874.9898
873.202	875.0541
873.2361	875.1336
873.829	875.9564
873.8295	875.8298
874.0029	875.9432
874.0245	875.8987
874.6648	876.456
875.2759	876.8695
875.9063	877.3553
875.9878	877.4977
876.0682	877.9551
876.0833	877.9112
876.1907	878.2177
876.3057	878.4646
876.3236	878.3387
876.4991	878.5313
876.5103	878.6083
876.8326	878.8078
876.8371	878.7882
877.3951	879.1652
877.7291	879.3101
877.86	879.4178
878.0867	879.475
878.7854	880.393
879.0915	880.6786
879.7474	881.326
879.772	881.4352
880.234	881.6987
880.881	882.3309
881.1162	882.8179
881.2036	882.8392
881.3436	883.3293
881.3469	883.3164
881.4705	883.7049
881.6039	883.7266
881.8602	883.5372
882.0883	883.5259
882.3414	883.9719
882.3723	883.9355
882.9108	884.6057
882.9181	884.5967
883.0334	884.4729
883.1901	884.7377
883.2094	884.813
883.3574	884.9964
883.8744	885.3887
883.9776	885.8869
884.0333	885.9715
884.0718	886.0932
884.1377	885.9554
884.5658	886.1625
884.7358	886.4004
885.5446	886.9634
885.667	887.2058
885.6884	887.4587
886.1993	887.822
886.3535	887.8179
886.4816	887.8759
886.6793	888.4574
886.698	888.6736
886.7638	888.7508
886.8842	889.3115
886.9189	889.4383
886.9217	889.3919
886.9814	889.0846
887.3509	889.8441
887.3916	889.8455
887.5091	889.7962
887.5475	890.0663
887.8375	889.97
887.8562	890.0137
887.9832	890.0943
888.3902	890.2255
888.4889	890.4595
888.5482	890.5057
888.6198	890.743
888.6692	890.7348
888.7836	890.6918
889.4389	891.0053
889.5538	891.2651
890.2706	892.2727
890.2933	892.3077
890.3654	892.6491
890.6061	892.4921
890.713	892.4568
890.8454	892.8005
891.0674	892.6484
891.3203	892.9204
891.3736	893.0317
891.7784	893.2766
892.0201	893.6888
892.1727	893.809
892.4467	894.4191
892.4757	894.3393
892.6387	894.5044
892.6566	894.493
892.9623	894.9812
893.1083	894.9592
893.2576	895.0207
893.4123	895.2359
893.5419	895.4724
893.6002	895.1931
893.7991	895.3905
894.3024	895.9335
894.3831	895.9795
894.4675	896.2977
894.5146	896.4547
894.7147	896.6101
894.873	896.6665
895.5305	897.2492
895.9348	897.5422
895.9815	898.0256
896.0622	898.0756
896.2008	897.9201
897.1994	898.743
897.3991	898.7428
897.5036	899.4946
897.6048	899.5062
897.9439	899.6601
898.1996	899.6901
898.2717	900.0946
898.2939	900.3795
898.4243	900.432
898.5194	900.6409
898.5605	900.6429
898.7549	900.8281
898.8443	901.0703
899.0376	901.046
899.1705	900.8761
899.2654	901.0859
899.4574	901.3176
899.5058	901.4134
899.8402	901.609
899.8687	901.9784
899.9438	902.0704
900.0507	902.2821
900.2012	902.4422
900.2711	902.4901
900.3197	902.7379
900.34	902.7016
900.399	902.7888
900.4579	902.7329
900.8029	903.1004
900.9547	903.1741
901.1477	903.1805
901.1798	903.0989
901.8143	903.1956
901.9561	903.6202
902.1801	903.5342
902.4077	903.9802
902.7205	904.1093
902.9921	904.611
903.1367	904.7734
903.1859	904.9235
903.4943	905.114
903.5431	905.0935
903.7294	905.3388
904.1333	905.4785
904.3469	906.3741
904.4053	906.5934
904.5025	906.4938
904.6351	906.6034
904.7102	906.6919
904.8524	906.7615
905.0751	906.9453
905.2174	906.9295
905.9511	907.6516
906.5456	908.2508
906.5978	908.1294
906.7645	908.3233
906.9176	908.2949
907.3264	909.012
907.3569	908.9505
907.3814	909.0671
907.5928	909.2776
907.8645	909.4772
908.2779	909.881
908.6476	910.4152
908.7444	910.2896
909.0578	910.6034
909.3369	910.6893
909.4107	910.8414
909.6151	911.3431
909.6153	911.318
910.5961	912.163
910.9445	912.6319
911.2716	912.9344
911.6421	913.2062
911.8467	913.6158
911.9188	913.5924
911.945	913.7395
912.7871	914.1957
913.4133	914.9147
913.4289	915.0629
913.8544	915.1792
913.9597	915.6353
914.0506	915.6109
914.4195	915.9893
914.6681	916.2086
915.757	917.2178
915.802	917.3706
915.9727	917.4728
916.299	917.8609
916.5947	918.3013
916.6921	918.4756
916.8102	918.3302
917.0267	918.5088
917.1745	918.6536
917.3173	918.8883
917.5103	918.9736
917.6463	919.0828
918.046	919.4954
918.2539	919.6237
918.3212	919.8568
918.3761	920.0419
918.8691	920.8069
918.871	920.6912
918.9977	921.0447
919.0606	921.3873
919.0921	921.4577
919.1188	921.2848
919.412	921.42
919.906	921.47
920.4919	922.133
920.5432	922.3336
920.7707	923.2365
920.8024	922.8973
920.8616	923.1945
920.9302	923.5788
920.9732	923.5399
921.1037	923.2001
921.3258	923.5722
921.6536	923.3306
922.3211	923.8671
922.8966	924.5989
922.9547	924.6901
923.3315	924.9118
923.6946	925.2397
923.8077	925.4577
923.9373	925.4162
924.0553	925.7518
924.1454	926.0023
924.5091	925.8269
924.6888	926.1727
924.7194	926.4145
924.9476	926.531
925.569	927.0707
925.651	927.0526
925.8131	927.3257
926.1392	927.7366
926.2314	927.9595
926.239	928.0114
926.3113	927.9122
926.7306	928.1694
926.8431	928.3762
926.8603	928.5619
927.184	928.8663
927.1912	928.8154
927.342	929.0208
927.5461	929.1435
927.6703	929.2072
927.7036	929.4204
927.9388	929.6079
928.1008	929.6062
928.2968	929.9307
929.3496	930.9982
929.4441	931.2363
929.5575	931.0505
929.6058	931.1117
929.788	931.2147
930.3283	931.9222
930.4278	931.8705
930.8024	932.2902
931.1191	932.6393
931.5052	933.4573
931.5454	933.2398
931.6651	933.5795
931.8169	933.4312
931.8632	933.6231
931.9297	933.5898
932.6214	934.1746
932.8134	934.4302
933.2488	934.9254
933.4788	935.2419
933.5229	935.3077
933.7185	935.3884
933.9827	935.5557
934.0997	935.5316
934.9493	936.4641
935.1011	936.5026
935.3162	936.8924
935.3444	936.9279
935.4048	937.2875
935.5565	937.2928
936.1681	937.82
936.1762	937.8047
936.3068	937.7611
936.5933	938.0409
937.0819	938.6231
937.2092	938.7183
937.3673	939.0852
937.3959	939.0282
937.5348	939.1321
937.7855	939.399
938.064	939.7694
938.1435	939.8076
938.4307	940.3826
938.4654	940.4952
938.4859	940.4171
938.7163	940.3673
938.7836	940.6304
940.2561	941.8533
940.311	941.6978
940.4739	942.333
940.4804	942.7708
940.497	942.7519
940.6276	942.7268
941.5892	943.2743
941.839	943.5114
941.8574	943.7234
942.2475	943.897
942.5382	944.0264
942.7259	944.2936
942.873	944.5176
942.9451	944.4424
942.9627	944.709
943.0069	944.5846
943.5925	945.2782
943.6185	945.2998
943.9789	945.6902
944.3811	945.967
944.4437	946.289
944.53	946.5007
944.5658	946.5563
944.6457	946.504
944.8234	946.5044
945.1377	946.6428
945.4354	946.9308
945.5731	947.0712
946.3446	948.0018
946.3969	947.9958
946.4714	948.0191
946.6829	948.4926
946.8989	948.6426
947.2429	949.0623
947.3915	949.0075
947.5149	949.237
947.5722	949.1421
947.7317	949.5047
947.8934	949.641
948.2066	949.8205
948.5007	950.044
948.554	950.1888
948.5565	950.1896
948.9917	950.4081
949.1955	950.813
949.3905	950.9026
949.7044	951.2782
950.0297	951.8462
950.1194	951.8605
951.0214	952.6043
951.1816	952.5177
951.7803	953.4074
951.8966	953.3334
951.997	953.6208
952.4129	954.1265
952.5491	954.3513
952.691	954.6861
952.7503	954.8009
952.7708	954.8148
953.4026	955.3494
953.4537	955.4036
953.6093	955.4018
954.051	955.4719
954.1297	955.7886
954.569	956.2125
954.7171	956.375
954.8698	956.3628
955.4285	956.9699
955.6843	957.2384
955.9676	957.6105
956.0864	957.6565
956.3291	957.8091
956.343	958.0618
956.4343	958.0699
956.5986	958.1903
956.8993	958.3822
957.0512	958.5713
957.1405	958.725
957.6351	959.3087
957.9042	959.4698
958.0875	959.5374
958.2036	959.6526
958.3425	960.1058
958.5188	960.1531
958.6234	960.0138
958.6832	960.1313
959.0729	961.0559
959.23	961.0931
959.2574	960.9596
959.5825	961.321
959.6778	961.7469
959.9737	961.7237
960.6633	962.2175
961.1085	962.8006
961.1459	962.8286
961.5792	963.2813
961.6463	963.2893
961.8324	963.2894
962.4817	964.222
962.5949	964.2221
962.8589	964.4092
963.008	964.7176
963.21	964.9155
963.2516	964.9178
963.4046	965.1607
963.6082	965.0621
963.6679	965.1531
963.7743	965.6579
963.8267	965.6026
963.9474	965.8618
964.1418	965.9502
964.3964	965.9234
965.0517	966.7032
965.0679	966.8915
965.143	966.7407
965.9778	967.673
966.0835	967.9794
966.1052	967.9641
966.1361	968.0285
966.6255	968.2529
966.7253	968.1061
967.2051	968.5283
967.5961	969.2097
968.0873	969.7228
968.1194	969.5552
968.8041	970.474
968.8924	970.3029
969.4347	971.3496
969.4522	971.4821
969.4756	971.5343
969.4816	971.5167
969.6118	971.8244
969.7727	971.875
970.0915	971.8561
971.6881	973.0694
971.7647	973.2946
972.0423	973.6635
972.4595	974.1223
972.5182	974.0961
973.6825	975.3395
973.7965	975.5173
973.8129	975.4608
973.8201	975.6878
974.098	975.6518
974.1035	975.7611
974.6747	976.4632
975.575	977.0278
975.8597	977.4959
976.1929	977.647
976.3295	977.8277
976.36	978.0007
976.6622	978.1283
976.9756	978.4642
977.2859	978.8573
977.4375	979.0737
977.5349	979.2672
978.0129	979.7291
978.0703	979.4937
979.1779	980.6827
979.209	980.7443
979.2783	980.9401
979.5047	981.3699
979.6654	981.7201
979.7629	981.7574
979.87	981.9017
979.9038	981.9417
979.9353	982.187
979.9536	982.2464
980.0965	982.1771
980.6661	982.4091
980.7042	982.6715
980.7488	982.7036
980.8874	982.9794
981.0932	982.826
981.2586	983.0348
981.2824	983.1959
981.7043	983.3972
981.7124	983.3605
982.4928	984.1029
982.5988	984.4975
982.607	984.6155
982.6698	984.6902
982.7682	984.9133
982.9187	985.2365
982.9283	985.2077
982.9902	985.5946
983.0537	985.4353
983.543	985.7069
983.7275	985.7519
983.7976	985.596
984.4283	986.0246
984.4582	986.1436
984.6655	986.2777
985.1078	986.5365
985.6514	987.2704
986.0511	987.584
986.2022	987.6749
986.3668	988.1783
986.389	988.1008
986.5651	988.394
986.6559	988.7435
986.7699	988.9592
986.8841	988.9929
987.2385	988.9549
987.6915	989.2909
987.9861	989.6751
988.2699	989.7641
988.356	989.8841
988.9915	990.5738
989.1916	990.8938
989.4081	990.968
991.0855	992.4996
991.2379	992.713
991.381	993.0383
991.3929	993.129
991.8332	993.8341
991.8702	993.9248
991.8878	993.5538
991.9239	993.836
992.2819	994.0219
992.4018	994.073
992.5099	994.1467
992.9598	994.5843
992.9918	994.9758
993.018	994.8289
993.2172	994.9354
994.1993	995.6404
994.5484	996.0313
994.9195	996.5684
995.3844	996.853
995.9069	997.5018
996.1406	997.6338
996.3739	997.9699
996.5217	998.0469
996.8835	998.7147
996.91	998.6384
997.66	999.3395
997.7494	999.2947
998.0473	999.4404
