0.0712	1.5725
0.1968	1.8926
0.2141	2.0535
0.7549	2.2566
0.9632	2.6687
1.0184	2.5964
1.6275	3.4597
1.73	3.3186
1.8751	3.4422
2.1358	3.8141
2.1379	3.9227
2.2217	4.0774
2.2399	4.1548
2.3283	4.1126
2.382	4.1761
2.6756	4.5282
2.7107	4.2822
2.8504	4.5567
3.3249	4.733
3.4013	4.7961
3.53	4.9828
4.2831	5.8964
4.3992	6.2493
4.6455	6.615
4.7552	6.7069
4.8379	6.7932
5.28	6.7567
5.5003	7.1343
5.7767	7.5805
5.8032	7.6205
5.8336	7.3789
6.1123	7.5005
6.3088	7.7949
6.4335	8.1454
6.9115	8.5669
6.9315	8.4956
7.0249	8.8209
7.1458	8.9872
7.2142	8.9842
7.4741	9.148
7.4819	9.1177
7.619	9.1283
7.8095	9.2356
8.2156	9.9715
8.2414	10.0414
8.2501	10.0065
8.5767	10.1367
8.6065	10.2596
8.7982	10.4777
8.9385	11.1534
8.9755	11.1473
9.0403	11.1451
9.0568	10.7044
9.283	11.2674
9.3687	11.2046
9.6377	11.6663
9.7119	11.6414
9.7624	11.6373
10.2249	11.845
10.7931	12.2926
11.4501	13.0068
11.596	13.1171
11.7482	13.2949
12.9291	14.2757
12.9973	14.454
13.1458	14.91
13.2056	15.3296
13.2305	15.064
13.3999	15.4689
13.6124	15.1954
13.6715	15.5343
13.7374	15.418
14.1169	15.6029
14.1521	15.7669
14.3814	16.1062
14.8357	16.29
14.9786	16.6522
15.0228	16.6382
15.5266	17.1265
15.7939	17.6541
15.8841	17.7976
15.992	17.6771
15.9967	17.8028
16.0136	18.0227
16.3436	17.9456
16.3634	17.9946
16.5797	17.9388
17.2806	18.8467
17.3283	18.8983
18.1044	19.7092
18.4175	20.0557
18.6081	20.5737
18.6285	20.6634
18.6531	20.53
18.7235	20.5262
19.4583	20.8508
20.0	21.472
20.0915	21.5217
20.471	21.7719
20.8662	22.3495
21.0597	22.5847
21.0735	22.8655
21.221	22.918
21.3468	23.3146
21.3812	23.5514
21.4079	23.5598
21.4322	23.7649
21.4888	23.7708
21.5477	23.791
21.682	23.9757
21.7075	23.8728
22.4496	24.9661
22.5666	24.8151
22.574	24.6318
22.6819	24.7379
22.9562	24.8798
23.1449	24.7646
23.4751	25.1198
23.5607	25.0432
23.7211	25.1036
23.9485	25.6316
24.0741	25.4794
24.2373	25.7685
24.2695	25.7175
24.4213	26.1536
24.6113	26.1356
25.1422	27.1215
25.2083	26.9089
25.2958	26.9759
25.3066	27.0202
25.638	27.0615
25.7464	27.5174
25.8388	27.4982
25.9483	27.5825
26.5257	28.0515
26.6933	28.4167
26.7244	28.4772
26.9275	28.5658
26.9476	28.6214
27.1083	28.9926
27.1389	28.8693
27.2083	28.9631
27.5313	29.4802
27.5918	29.3912
27.6984	29.4617
28.0278	29.5453
28.1365	29.6011
28.3354	29.8961
28.4594	29.921
28.5585	30.0885
28.6335	30.5188
28.6723	30.1652
28.8159	30.4251
29.0971	30.748
29.1347	30.7589
29.5144	31.5357
29.5257	32.1079
29.5734	32.0625
29.5905	31.9907
29.6087	31.8554
29.7494	31.7419
29.8486	32.1826
30.3167	32.1748
30.8381	32.3076
30.9378	32.4783
30.9736	32.5946
31.3281	32.959
31.9407	33.4922
32.2469	33.9235
32.3031	34.1502
32.3565	34.1411
32.7471	34.3648
32.7681	34.4185
33.2423	35.0975
33.2581	35.1903
33.3078	35.2348
33.36	35.5084
33.6333	35.5903
33.7475	35.7753
33.8914	35.7741
34.1587	36.1154
34.2058	36.2406
34.2969	36.1919
34.7659	36.2994
34.7764	36.464
35.1475	36.8239
35.3894	36.8728
36.1494	37.6178
36.2781	37.9504
36.729	38.2363
36.8444	38.582
36.9961	38.7041
37.4099	39.1967
37.5818	39.4588
37.7153	39.3637
37.8762	39.5579
38.0184	39.4518
38.1336	39.7074
38.4753	39.9776
39.4661	40.9317
39.5719	40.9538
39.7909	41.2782
40.1438	41.6112
40.359	41.9584
41.469	43.0121
42.1283	43.784
43.2227	44.8881
43.4078	44.8368
43.5099	45.0804
43.6645	45.4245
44.0752	45.5815
44.2846	45.8912
44.3187	46.223
44.4195	46.1608
44.601	46.2562
44.9362	46.6406
45.188	46.8572
45.2609	46.873
45.494	47.6626
45.5055	47.589
45.5095	47.6009
45.5527	47.6975
45.623	47.664
46.0141	48.0533
46.1435	48.0227
46.3113	48.1623
46.5545	48.0728
46.7985	48.4219
47.1957	48.6048
47.2609	49.1387
47.3333	49.2288
47.4245	49.4153
47.445	49.6023
47.5103	49.5062
47.5393	49.8956
47.7298	49.7062
47.7489	49.9635
47.811	49.6678
48.2394	49.8453
48.4701	50.1004
48.5051	50.1144
48.95	50.6838
48.9986	50.6834
49.0524	50.8536
49.073	50.8318
49.8702	51.5067
50.5368	51.9709
51.3345	52.6624
51.693	53.584
51.731	53.4094
51.873	53.783
52.0547	53.9181
52.1836	53.8619
52.3846	54.025
52.6105	54.2136
52.7335	54.2341
53.1218	54.6967
53.6801	55.4471
53.7849	55.4516
54.203	55.7755
54.4201	56.2546
54.4879	56.1375
54.7274	56.574
54.9991	56.4674
55.3775	56.9889
55.6769	57.136
55.9062	57.7518
55.9303	57.5616
55.9803	57.8139
56.3639	57.9632
56.435	58.2541
56.5338	58.2194
56.8863	58.5473
56.8972	58.7584
57.1278	58.7721
57.4306	58.9865
57.5774	59.1212
57.8082	59.3361
57.991	59.6521
58.117	59.8967
58.233	59.8534
58.4675	60.0298
58.7107	60.2038
58.7505	60.1265
59.3565	60.823
60.0973	61.923
60.6682	62.3922
60.675	62.229
61.0303	62.6888
61.3057	62.9548
61.3371	62.9284
61.4423	63.2239
61.6265	63.3355
61.9178	63.615
61.997	63.6871
62.0463	63.759
62.4843	63.9892
62.706	64.2426
63.3637	64.9278
63.4043	65.0231
63.6401	65.2906
63.7564	65.4857
63.9593	65.6055
64.8879	66.633
64.9042	66.71
65.1017	66.6635
65.4702	67.2396
65.6649	67.2492
65.8966	67.8322
65.9204	67.8903
66.0706	67.7198
66.6782	68.1821
66.888	68.4094
67.0803	68.9266
67.1049	68.9279
67.2327	69.2924
67.2833	69.2697
67.3677	69.3881
67.4145	69.5653
67.6691	69.6741
67.7877	69.8108
67.8932	70.2294
67.9162	70.2842
68.0772	70.017
68.1357	70.2964
68.6951	70.3831
68.8173	70.5075
68.9756	70.4814
69.345	70.9792
69.5901	71.1421
70.0205	71.6013
70.3149	71.9089
70.4745	72.043
70.4753	72.3094
70.67	72.4079
70.9478	72.9347
71.0169	72.8624
71.1269	73.1554
71.2002	73.0279
71.3054	73.1774
71.8656	73.4141
72.0991	73.7854
72.4534	73.9431
72.6216	74.2226
73.0378	74.6154
73.1487	74.6951
73.4973	75.0923
73.6013	75.1298
73.8291	75.3599
74.0221	75.6029
74.0954	75.6725
74.1115	75.7179
74.285	76.0707
74.2975	76.0881
74.7239	76.8538
74.7287	76.6073
74.8615	76.9496
75.0174	76.94
75.4569	76.8463
76.26	77.7727
76.5605	78.176
76.7555	78.3162
76.8997	78.5931
77.7791	79.2943
78.178	79.7156
78.3522	80.1014
78.3933	80.1113
78.5075	80.1727
78.5998	80.0992
78.8624	80.4142
79.1945	81.4978
79.208	81.4106
79.2359	81.4395
79.4149	81.6394
79.4674	81.9092
79.5177	82.0769
79.9714	82.4627
79.9736	82.3979
80.1162	82.3456
80.1947	82.434
80.2542	82.6066
80.371	82.7348
81.0746	82.8802
81.7246	83.5441
81.7297	83.7448
81.8002	83.7147
81.807	83.6202
82.078	84.0157
82.2782	84.0441
82.9912	84.479
83.13	84.6812
83.3224	85.0017
83.4851	85.2682
83.6293	85.1034
83.7061	85.195
84.2917	85.7327
84.3994	85.8615
84.5445	86.1118
85.0562	86.5279
85.1556	86.7784
85.5174	87.2105
85.5596	87.2748
85.5924	87.3601
85.6735	87.5373
85.7835	87.7493
85.877	87.8105
86.3292	88.0057
86.3513	88.3248
86.4212	88.5716
86.4282	88.5848
86.498	88.6793
86.8157	88.773
86.9202	88.6875
87.3461	88.9229
87.3866	89.1397
87.4229	89.2307
87.6236	89.3088
87.833	89.5063
88.4129	90.0443
88.6041	89.9439
89.4637	91.1018
89.8337	91.2137
90.0884	91.8023
90.1509	92.0532
90.1591	91.901
90.3972	91.8891
90.5103	92.1716
90.6233	92.3814
91.8941	93.4443
92.7339	94.2423
92.8718	94.4118
92.947	94.3359
93.5379	95.1181
93.7044	95.3493
93.8232	95.3551
93.8926	95.4494
93.9671	95.5406
94.3071	96.0125
94.3208	96.1217
95.0439	96.7025
95.1958	96.7328
96.0083	97.3657
96.1252	97.7407
96.1641	97.5956
96.5942	98.1901
96.9725	98.9451
96.9853	98.9197
97.5129	99.1455
97.9015	99.4352
98.5847	99.9743
99.2851	100.8201
99.6747	101.1584
99.8673	101.3491
100.0189	101.6981
100.0651	101.942
100.1071	101.9738
100.1694	102.0386
100.5432	102.0279
101.1212	102.685
101.4427	103.0574
101.6205	103.519
101.6568	103.3789
101.7516	103.6269
101.8453	103.8032
101.9053	103.9681
102.0624	104.0608
102.1464	104.1199
102.2701	104.4709
102.3299	104.6749
102.5002	104.3692
102.6953	104.6871
103.3857	104.9038
103.8054	105.477
103.8481	105.5422
104.1347	105.7504
104.4977	106.0198
104.5545	105.9859
104.7288	106.4115
104.7679	106.4277
104.7872	106.6457
104.9576	106.7452
105.1082	106.724
105.4435	106.9618
105.6468	107.2782
105.6611	107.2407
106.3602	108.0201
106.4394	108.1163
106.6062	108.3031
106.6438	108.5471
107.4522	108.9541
107.9149	109.5118
108.0422	109.4874
108.214	109.7836
108.4669	109.9369
109.4551	111.1013
109.6063	110.9576
109.7048	111.4149
109.8422	111.506
110.0945	111.5596
110.123	111.747
110.2421	111.8568
110.565	112.1665
111.5719	113.1269
111.9375	113.4715
112.2122	113.8767
112.2893	113.9487
112.3385	114.1442
112.7384	114.1045
112.9056	114.7535
112.9081	114.9577
112.9628	115.0132
113.1455	115.1831
113.2387	115.2826
113.3443	115.3876
113.4438	115.3963
113.6592	115.3387
114.1962	115.5916
114.3058	115.8461
114.4376	115.9558
114.9892	116.6164
115.1035	116.6345
115.972	117.5315
116.0359	117.6465
116.2098	117.7697
116.3342	117.9113
116.6617	118.165
116.8853	118.2962
116.992	118.831
117.004	119.1768
117.1788	119.2371
117.2039	119.3567
117.3651	119.3598
117.6799	119.556
117.7487	119.6245
117.7772	119.8123
118.0128	119.9483
118.0666	120.048
118.1191	120.1205
118.3593	120.1781
118.7621	120.4045
119.1247	120.9381
119.1302	121.0756
119.1911	121.1743
119.2887	121.0778
119.4511	121.3757
119.6326	121.4091
119.6574	121.6708
119.7391	121.8922
119.9438	121.7491
120.2211	121.7785
120.4189	121.8757
120.5083	122.0628
120.5589	122.1574
120.7602	122.4276
120.836	122.7018
120.9142	122.6359
120.9495	122.7028
121.324	123.0105
121.3465	122.8381
122.0342	123.4838
122.3786	123.8362
122.4798	124.0201
122.5645	124.9006
122.581	124.923
122.5921	124.8209
122.6277	124.3118
122.9756	124.9183
124.5	125.9501
124.587	126.5065
124.6164	126.5673
124.6333	126.6225
124.6832	127.0092
124.7587	127.0497
124.7844	127.0983
124.7886	127.0777
124.9667	127.2419
125.1658	127.2349
125.4211	127.5109
125.884	127.4954
126.1859	127.7754
126.2447	127.895
126.5442	128.0532
126.7325	128.196
126.9254	128.791
126.9442	129.1261
127.0336	129.3717
127.1287	129.7125
127.3071	129.8326
127.3366	129.538
127.3387	129.6236
127.515	129.7674
128.3286	129.8953
128.3741	130.0109
128.5512	130.1255
128.8572	130.3761
129.2045	130.926
129.2218	130.8486
129.3497	130.9899
129.6023	131.2111
129.9112	131.364
130.4931	132.1545
131.0104	132.6336
131.0936	132.69
131.6595	133.0453
131.8394	133.2319
132.1316	133.7182
132.1354	133.6813
132.4884	133.9429
132.6111	134.5618
132.6494	134.5355
132.8283	134.703
132.8678	134.8614
133.2968	134.6691
133.5634	135.2559
133.588	135.264
133.8959	135.5907
133.938	135.9405
134.0778	136.0143
134.2	136.1013
134.2925	136.0296
134.7426	136.2452
134.8701	136.2721
135.0616	136.5307
135.0773	136.6577
135.2174	136.7921
135.2953	136.9084
135.4632	137.1612
135.6631	137.105
135.9538	137.6591
135.9626	137.6895
136.2911	138.0559
136.355	138.4398
136.4814	138.4906
136.7603	138.6322
136.7878	138.6543
137.0448	138.7597
137.6413	139.2237
137.69	139.367
137.7022	139.5178
137.7639	139.5566
138.4614	140.0478
138.4697	140.1207
139.0181	140.744
139.1725	140.969
139.191	140.8711
139.83	141.2413
140.0205	141.5471
140.2086	141.7772
140.7402	142.1977
140.8734	142.6702
141.0921	142.8049
141.2706	142.9678
141.7218	143.5083
141.7812	143.3383
142.022	143.8224
142.0653	143.6917
142.9316	144.6065
143.1695	144.5383
143.5365	145.092
144.8968	146.4027
145.5363	146.9776
145.6716	147.4584
145.8382	147.6912
146.2645	147.9303
147.1537	148.7628
147.1842	148.6561
147.4733	149.2633
147.5159	149.1602
147.8155	149.4018
148.0252	149.5956
148.572	150.0371
148.9767	150.5101
149.0732	150.5781
149.1954	150.7013
149.4497	151.1035
149.498	151.3505
149.514	151.2284
149.5925	151.431
150.5876	152.4276
150.6095	152.3533
150.6616	152.5152
150.9485	152.6365
151.1237	152.8362
151.2866	152.6661
151.4982	152.9489
151.7661	153.4041
151.8132	153.4874
152.2879	154.176
152.4562	154.0806
152.5248	154.1723
153.0453	154.8835
153.0468	154.7087
153.102	154.8983
153.2017	155.271
153.3183	155.1358
153.3188	155.2394
153.5782	155.3898
154.0863	155.7601
154.2088	155.6392
154.3287	155.6937
154.44	155.9974
154.5521	156.3077
154.6408	156.3199
154.9073	156.5073
155.0513	156.484
155.2884	156.6304
155.4712	156.8768
155.541	157.2367
155.5661	157.1923
155.9985	157.7072
156.2826	157.9766
156.329	158.1946
156.3321	158.0512
156.6764	158.1825
157.0786	158.4989
157.1603	158.6963
157.3557	158.886
157.6018	159.3542
157.6604	159.3676
157.828	159.5961
157.8365	159.4983
158.0454	159.7127
158.4765	159.9134
159.2478	160.7404
159.2836	160.9272
159.5389	161.0718
160.5229	161.9381
160.6957	162.1212
161.0111	162.374
161.334	162.699
161.4691	163.0309
161.6892	163.2166
162.1315	163.8617
162.1421	163.7144
163.0028	164.4016
163.2096	165.0248
163.2229	165.5211
163.2372	165.1795
163.2792	165.3381
163.4367	165.2434
163.6342	165.6376
163.9084	165.5776
164.4601	165.9078
164.7116	166.1551
164.9149	166.8039
164.9261	166.7282
165.0353	167.2687
165.0786	167.1728
165.2061	167.352
165.4166	167.6148
165.5263	167.7001
165.6396	168.268
165.6509	168.2641
165.6764	167.9776
165.7002	168.1926
165.7488	168.1153
166.1814	168.6136
166.3471	168.8495
166.591	169.3618
166.6035	169.2681
166.6704	169.6123
166.7347	169.7053
166.9594	169.8749
167.0141	169.9916
167.0371	170.0541
167.3926	169.9601
167.7972	170.0365
167.8167	170.2368
168.1704	170.9901
168.1786	170.2446
168.3155	170.6235
168.3256	170.974
168.4441	171.1863
168.6736	171.126
168.8075	170.7928
169.0737	171.2329
169.0845	171.2813
169.3722	171.8809
169.374	172.149
169.3836	172.0149
169.528	172.3199
169.5514	172.21
169.6983	172.27
169.7749	172.5832
169.8157	172.4308
169.9975	172.8293
170.0548	172.7801
170.2625	172.85
170.8495	172.5551
171.4916	173.0279
171.722	173.3904
172.1905	173.6665
172.2947	173.7622
172.3542	174.0743
172.5626	173.9485
172.6544	174.3394
172.715	174.3705
172.8026	174.4421
173.9541	175.336
174.2282	175.6317
174.3812	175.8869
174.4959	176.3665
174.5365	176.3556
174.5434	176.4691
175.125	176.79
175.2357	176.8272
175.354	176.8803
176.0421	177.5119
176.3708	178.1368
176.7791	178.4197
176.915	178.5754
176.9822	178.6834
177.3705	179.0728
177.4009	179.1364
177.6849	179.2856
177.8504	179.472
177.8831	179.6847
177.946	179.9501
178.0334	179.9183
178.1025	180.0396
178.4592	180.2373
178.5154	180.3008
178.613	180.3903
178.653	180.4622
178.907	180.8973
178.9843	181.6393
179.0126	181.1585
179.0373	181.1924
179.1775	181.5413
179.236	181.2478
179.7454	181.7703
179.869	181.7985
180.0744	181.9043
180.1055	181.7904
180.1438	182.0423
180.3343	181.9149
181.6649	183.3657
181.6803	183.4332
181.7535	183.7253
181.7842	183.8364
182.3468	183.9685
182.3681	184.1319
182.3964	184.1256
182.7461	184.3968
183.0224	184.4831
183.1596	184.7437
183.4013	184.8135
183.6564	185.2869
183.6782	185.2378
184.673	186.2752
184.7236	186.4122
184.7738	186.4492
184.9209	186.6872
185.5843	187.0406
185.6651	187.1792
185.7473	187.4726
185.8513	187.9215
185.8704	187.9139
186.1026	188.2419
186.2982	188.6506
186.4169	188.3291
186.5401	188.5609
186.7787	188.7059
187.032	188.3971
189.1243	190.6323
189.576	191.2117
189.9367	191.5964
190.0962	191.6267
190.715	192.4453
190.7453	192.3332
190.8719	192.6502
191.0794	192.6331
191.1506	192.7982
191.2584	192.9558
191.4124	193.3351
191.5048	193.307
191.5249	193.4657
191.8896	193.5863
192.258	194.0002
192.2615	194.0261
192.3924	194.0684
192.5935	194.1851
192.86	194.4588
193.0671	194.4571
193.3464	194.82
193.9229	195.5404
194.1624	195.7163
194.7099	196.2249
195.0041	196.3963
195.1219	196.7676
195.2902	196.8555
195.3645	197.0188
195.4391	197.3269
195.6075	197.3873
195.7349	197.2608
196.4338	197.9773
196.5475	198.194
196.8072	198.4272
197.0188	198.7606
197.0428	198.7439
197.3121	198.8123
197.3956	199.155
197.5021	199.0794
197.6043	199.3878
197.7118	199.5936
197.7138	199.8426
197.8376	199.8422
197.871	199.7725
198.3039	199.769
198.4506	200.0994
198.4724	200.1766
198.6895	200.2821
199.1921	200.8034
199.4849	201.1893
199.5426	201.249
199.6063	201.5157
199.608	201.4167
200.2381	201.9776
200.2857	202.1526
200.4312	202.0858
200.6346	202.1361
200.8032	202.3271
200.9307	202.66
200.9629	202.6154
202.1507	203.9371
202.1762	203.8098
202.3764	204.2278
202.5275	204.3367
202.8521	204.4101
203.3432	204.8507
203.9475	205.6257
204.222	205.8079
204.448	206.0894
204.5553	206.1699
205.1737	206.6273
205.2759	206.6661
205.4195	207.0794
205.4486	206.9184
205.6411	207.4169
206.0214	207.5364
206.2249	207.7394
206.2546	208.1279
206.3109	208.13
206.4914	208.3568
206.5655	208.4559
206.5808	208.6576
207.1855	208.701
207.2246	208.9459
207.3217	208.9375
207.4925	209.1686
207.7054	209.2686
207.7565	209.3403
207.941	209.6726
208.0351	209.6489
208.7387	210.2539
208.9478	210.4648
209.2337	210.7929
209.6874	211.2955
209.8402	211.3289
209.9141	211.5843
210.072	211.6384
210.3709	211.7607
210.4878	211.9984
210.5357	212.1109
210.9654	212.6431
211.2446	212.8845
211.2626	212.8899
211.343	213.106
211.8429	213.4929
212.5378	214.093
213.0103	214.5398
213.5645	215.1549
213.9139	215.3719
214.2171	215.6042
215.0759	216.7801
215.1093	216.7989
215.3359	216.9455
215.4222	217.0495
215.5707	217.2024
215.8385	217.368
215.993	217.8394
216.0934	217.9245
216.165	218.2897
216.3211	218.6476
216.4291	218.8588
216.72	219.2647
216.771	219.1864
216.8237	219.0496
216.8496	219.3531
217.0667	219.4283
217.0899	219.5948
217.3493	219.729
217.4274	219.845
217.5518	219.7603
217.6999	219.7889
217.8558	219.8965
218.4182	220.1041
218.9248	220.3947
219.0001	220.7572
219.0207	220.8249
219.354	221.1406
219.56	221.1196
219.6884	221.265
220.2318	221.7959
220.2449	221.9697
220.3073	222.0747
220.3885	222.048
220.424	222.1112
220.8454	222.5505
220.9277	222.2981
221.2108	222.9231
221.3113	223.0009
221.5687	223.1769
222.0012	223.5718
222.1053	223.4441
222.391	223.9203
222.5751	224.2138
222.6393	224.5034
222.6781	224.3826
222.9729	224.7505
223.1602	224.8673
223.2528	224.7063
223.9361	225.6294
223.9726	225.899
223.9817	225.8369
224.0355	225.999
224.1207	226.0894
224.4049	226.2285
224.422	226.2941
224.4594	226.3422
224.8915	226.4557
224.978	226.6274
224.995	226.5736
225.2508	226.9308
225.4674	227.1164
225.4972	226.9444
226.7047	228.1514
226.9308	228.41
227.1209	228.7743
227.6752	229.4031
227.7762	229.8058
227.7801	229.7169
227.7845	229.7235
228.5673	230.2618
228.7277	230.2401
228.8944	230.5172
228.9909	230.4155
229.1536	230.7731
229.1916	231.0299
229.2865	231.0346
229.7086	231.3205
230.5383	232.2513
230.6243	232.0415
230.9456	232.5934
231.7575	233.151
232.0806	233.525
232.4854	234.18
232.5188	234.0911
233.0386	234.62
233.1789	234.7933
233.2343	234.7654
233.6451	235.1886
234.1532	235.8942
234.2026	235.9581
234.7606	236.1863
234.9678	236.3858
235.1649	236.8293
235.1863	236.9167
235.4574	236.9159
235.7835	237.4431
235.9024	237.4749
236.0263	237.6051
236.2753	237.891
236.3857	238.0621
237.0129	238.5331
237.1132	238.6333
237.2068	238.7222
237.418	238.9136
237.959	239.8283
237.9601	239.769
238.1241	240.0532
238.2899	240.1167
239.7324	241.2053
240.189	241.5528
240.3127	241.9608
240.3304	241.9559
241.1733	242.9225
241.1952	242.6477
241.4167	242.8423
241.5731	243.0273
242.022	243.7227
242.2883	243.8065
242.4047	244.4114
242.4139	244.3338
242.4371	244.1846
242.5706	244.5332
243.0444	244.8687
243.0464	244.8017
243.1715	244.8131
243.824	245.242
244.3506	246.0316
244.8226	246.4889
244.8655	246.6517
245.1218	246.6365
245.3283	246.7617
245.3744	247.1688
245.5478	246.9381
246.0587	247.7333
246.0949	247.891
246.1824	247.9088
246.1864	248.0722
247.2729	248.9193
247.3524	249.199
247.5084	249.2737
247.5938	249.2866
247.7765	249.426
247.8636	249.602
248.1293	249.6303
248.3227	249.8259
248.5769	250.0672
248.7773	250.4067
248.8748	250.2618
249.0451	250.4883
249.3018	250.9154
249.7675	251.2387
249.9646	251.5581
250.0694	251.8149
250.0997	251.9004
250.2099	252.4443
250.4101	252.2651
250.479	252.4608
251.6961	253.357
251.9003	253.4208
252.2528	253.6159
252.6156	254.2983
252.7059	254.4628
252.715	254.6132
252.8113	254.7097
252.9264	254.655
253.5957	255.3493
253.8113	255.345
254.2191	255.8158
254.2978	255.8845
254.6263	256.1147
254.9208	256.3893
255.1093	256.8356
255.1917	257.6346
255.234	257.1769
255.2409	257.4651
255.2746	257.728
255.4118	257.3834
255.5855	257.7335
255.8148	257.7632
256.0051	257.8156
256.1436	257.6622
256.6346	258.2088
256.9564	258.5863
257.0608	258.6424
257.1938	258.7169
257.629	259.2278
258.3701	259.9934
260.3009	261.7585
260.5172	261.9973
260.7201	262.4241
260.9813	262.325
261.3623	262.8575
261.8825	263.437
262.0209	263.6637
262.4128	264.0242
262.6566	264.4027
262.7146	264.5922
262.8413	264.7203
262.9325	264.8821
262.9357	264.99
263.0313	265.1012
263.171	265.1044
263.4001	265.3323
263.4604	265.305
263.4931	265.6282
263.7092	265.685
264.0657	265.6185
264.234	265.9839
264.421	265.7889
264.7486	266.3121
265.037	266.78
265.3946	266.7441
265.9536	267.4258
266.1112	267.6506
266.4338	267.9929
267.0879	268.625
267.7226	269.2326
267.8165	269.7393
267.8427	269.5564
267.9852	269.6954
268.4652	270.2097
268.73	270.3514
268.9136	270.4494
269.0079	270.4358
269.0243	270.6905
270.384	272.0707
270.5358	272.7508
270.5515	272.9729
270.6238	272.9361
270.6444	272.9476
270.699	273.364
270.8618	273.2559
270.8972	273.5345
271.6087	273.2391
271.8564	273.5763
271.8888	273.6064
272.2028	273.8227
272.287	273.8737
272.5432	274.0897
272.5482	274.0671
272.6624	274.3902
272.7157	274.5765
272.7273	274.5995
273.1387	274.6648
273.3883	275.0301
273.4682	275.108
273.8294	275.4208
274.043	275.6684
274.0776	275.9201
274.1559	275.9309
274.3142	276.2183
274.3314	276.3001
274.6269	276.48
274.7739	276.4565
274.9686	276.4716
276.1943	277.5761
276.9513	278.5846
277.5213	279.0797
277.5739	279.1318
277.7832	279.6479
277.7864	279.4803
277.8017	279.7734
277.9129	279.9608
278.1293	280.1566
278.2813	280.0892
278.4798	280.0885
278.7433	280.7504
278.8168	280.772
279.018	280.6845
279.3376	280.9359
279.3601	280.9424
279.572	281.3917
279.5925	281.5981
279.5936	281.5224
279.653	281.6304
279.8671	281.7516
279.9048	281.6711
280.5008	282.1261
280.5348	282.2527
280.8952	282.3534
281.1302	282.5046
281.7272	283.1925
281.8823	283.478
281.9482	283.547
282.3777	283.9067
282.4904	284.2214
282.8284	284.5377
282.892	284.5669
283.2811	284.8338
283.342	284.8052
283.5115	285.1603
283.5834	285.5629
283.6367	285.5514
283.6406	285.6417
283.7343	285.9533
283.9903	286.0155
284.0671	286.0876
284.1143	286.2226
284.2618	286.0652
284.334	286.0449
284.9444	286.5211
285.0737	286.52
285.1464	286.7988
285.479	287.281
285.4842	287.3707
285.5123	287.4965
285.5245	287.5744
285.7643	287.4082
286.4977	287.9521
286.5276	288.3673
286.6883	288.3152
286.7771	288.5693
287.0527	288.4399
287.0882	288.762
287.7504	289.2286
288.0098	289.5714
288.0624	289.8776
288.1312	290.043
288.181	290.4861
288.2368	290.3324
288.2678	290.3177
288.4877	290.7641
288.8444	290.7222
289.0436	290.5213
289.2131	290.862
289.8333	291.3837
290.2541	291.77
290.4366	291.9342
291.0371	292.7267
291.0688	292.9373
291.1154	293.1318
291.2621	293.2238
291.4998	293.4131
291.6866	293.5052
291.721	293.6002
291.725	293.6202
292.0871	294.3967
292.1075	294.1209
292.3234	294.3121
292.674	294.5386
292.6937	294.6851
292.8202	294.6609
292.8967	294.5855
293.6367	295.5353
293.6389	295.6034
293.9919	295.5285
294.4427	296.2591
294.4554	296.1384
295.0907	296.8163
295.099	296.8707
295.2505	296.9109
295.6381	297.1599
295.7052	297.3497
296.5195	298.0756
296.7083	298.1468
296.9396	298.4999
296.9752	298.5412
297.085	298.8276
297.2724	298.8043
297.4107	299.1669
297.5046	299.0441
297.6456	299.2217
297.7075	299.4403
298.0358	299.8879
298.1055	299.8813
298.3546	300.009
298.5503	300.358
298.5808	300.3303
298.6615	300.6637
298.7816	300.6699
298.8516	300.8245
298.8954	300.7146
299.6465	301.2728
299.8548	301.5094
299.8745	301.6499
299.8747	301.8957
299.9902	301.9078
300.0008	301.892
300.2907	302.0575
300.4552	302.0152
300.7024	302.4046
300.7701	302.394
301.1389	302.8005
301.143	302.9169
301.4832	302.9216
303.1057	304.8431
303.1604	304.6589
303.2297	304.8368
303.7523	305.1354
304.2579	305.9757
304.5148	306.109
304.5795	306.0285
304.7276	306.2956
305.2206	306.6436
305.3534	307.1468
305.5287	307.1879
305.6755	307.3597
305.7389	307.4315
305.9327	307.4964
306.2114	307.6699
306.381	308.09
306.5165	308.1217
306.7087	308.2724
306.975	308.7125
307.027	308.5298
307.1593	308.897
307.6863	309.4478
307.7067	309.3037
308.0888	309.6918
308.1787	309.7151
308.3631	310.2429
308.3906	310.2108
308.4837	310.2643
308.6877	310.3279
308.9364	310.5217
309.4321	311.0463
309.5949	311.1203
310.4377	311.8076
310.6025	312.1119
310.8653	312.3121
311.7399	313.2613
311.8754	313.6538
311.9984	313.7186
312.1172	313.6764
312.2231	313.848
312.9462	314.6096
313.1601	314.704
313.1856	314.7787
313.4739	314.9761
313.5077	315.0308
313.6871	315.4315
314.3309	316.2038
314.3459	316.2735
314.5899	315.9106
314.9092	316.3284
315.0406	316.753
315.125	316.8288
315.3305	316.9653
315.4328	317.1621
315.4838	317.4072
315.5162	317.5189
315.7363	317.5904
315.7695	317.8956
315.7928	317.8923
316.3117	318.1944
316.4762	318.2655
316.5437	318.2952
316.9315	318.6823
317.0498	318.6524
317.2281	319.1628
317.3093	318.9332
317.3176	319.2449
317.4554	319.1802
318.6722	320.3542
318.7836	320.533
318.8095	320.4958
318.9729	320.8531
319.0915	320.795
319.4111	320.9676
319.7725	321.2516
320.2775	322.4976
320.3159	322.2587
320.3665	322.4823
320.5253	322.5681
321.1607	322.7374
321.3064	322.8498
321.4369	322.8961
321.726	323.1747
322.0654	323.6739
322.1657	323.93
322.2286	323.8858
322.971	324.3824
323.1103	324.5924
323.1603	324.7126
323.6821	325.4866
323.7672	325.5361
323.8245	325.6685
323.8277	325.5257
324.025	325.6242
324.1392	325.8813
324.2058	325.8987
324.626	326.2205
324.731	326.3922
324.7604	326.4669
325.4807	326.8681
325.9091	327.5528
325.9139	327.7643
325.916	327.484
326.2544	327.8909
326.5512	328.06
326.767	328.3346
326.9197	328.5299
327.1134	328.5472
327.1631	328.9174
327.1906	328.8899
327.6852	329.365
328.0306	329.4548
328.3693	329.7855
328.4574	329.9171
328.7495	330.321
328.8366	330.5797
328.9557	330.4731
329.3265	331.2198
329.3309	330.9061
329.4246	331.2099
329.5649	331.5329
329.5694	331.7614
329.5869	331.7144
329.7374	331.9378
329.7602	332.1367
329.7836	332.0809
329.8934	332.331
330.0398	332.2107
330.0424	332.4858
330.1042	332.3998
330.3378	332.5194
330.7703	332.8841
330.7838	332.7743
330.9618	333.1846
330.992	333.4276
331.1152	333.4346
331.2439	333.396
332.2656	333.9766
332.482	334.1747
332.5601	334.5178
332.7586	334.9129
332.8623	334.8669
333.0045	334.6796
333.3908	335.3777
333.4147	335.3981
333.497	335.6341
333.5997	335.5378
333.6191	335.5839
333.7597	335.8337
333.7685	335.7719
334.191	336.107
334.2965	336.0094
334.4061	336.2899
334.8831	336.5589
335.2311	336.7939
335.4577	336.9546
335.8713	337.2798
336.1433	337.4983
336.3027	337.7963
336.5136	338.046
336.6473	338.1437
336.7981	338.4169
337.3889	338.953
337.5283	339.6554
337.5445	339.4746
337.5672	339.2832
337.601	339.6426
337.7975	339.3581
338.2807	340.063
338.3162	340.0219
338.4742	340.0788
338.5273	340.1935
338.7868	340.2552
339.6681	341.0334
340.176	341.7995
340.1961	341.9223
340.444	342.1268
341.1253	342.6712
341.6601	343.0948
341.7599	343.3522
341.8246	343.4222
342.7467	344.4052
342.7926	344.4255
342.8192	344.3457
343.5672	345.162
343.6136	345.5412
343.7219	345.6905
343.8705	345.712
344.154	345.74
344.419	345.8593
345.2938	346.601
345.4786	346.9536
345.6155	347.5049
345.6409	347.7987
345.643	347.8667
345.6454	347.7051
346.6041	348.09
346.8379	348.2976
346.9347	348.4534
347.3245	348.877
347.5509	349.3035
347.6144	349.3228
347.8862	349.5507
347.9271	349.7576
348.2109	349.8987
348.649	350.1291
349.138	350.5728
349.248	350.8978
349.3253	350.9039
349.6641	350.9988
349.8382	351.6051
349.8549	351.5676
350.1527	351.8906
350.8452	352.5271
351.1956	352.8207
351.6858	353.727
351.7095	353.5019
351.964	353.7148
352.5255	354.139
352.6355	354.3906
352.993	354.9257
352.9931	354.8632
353.0001	354.983
353.2637	355.3181
353.41	355.5469
353.4918	355.3974
353.5387	355.2836
354.0451	355.4344
354.1637	355.6465
354.5478	356.2976
354.678	356.3722
354.7692	356.5493
354.8835	356.5812
355.6669	357.4304
355.7957	357.3748
355.8583	357.4969
355.9431	357.6487
356.1005	357.6206
356.8686	358.5068
356.8853	358.8171
356.9598	358.6691
357.504	359.0011
357.7008	359.064
358.1188	359.6201
358.149	359.7875
358.4958	360.1196
358.5074	360.0996
358.9196	360.5423
359.1046	360.8038
359.6407	361.4748
359.6423	361.1831
359.8083	361.6223
360.0241	361.8348
360.0782	361.7789
360.3569	361.8177
360.4805	361.918
360.622	362.1929
360.8537	362.2599
361.2974	362.9996
361.5824	363.3198
361.7034	363.4899
362.1904	363.7305
362.4212	363.9155
362.5687	364.4006
362.8052	364.4476
362.9567	364.6867
362.9744	364.6256
363.4104	364.9865
363.5211	365.1444
363.5398	365.3847
363.5795	365.3005
363.752	365.653
363.7957	365.5562
364.3506	365.8259
364.3518	366.0381
364.5496	366.137
364.9396	366.7137
364.9402	366.7673
365.3372	366.908
365.8647	367.488
366.1031	367.7535
366.1119	367.8253
366.4524	367.9932
366.9736	368.5432
367.0677	368.6281
367.4588	369.0094
367.5971	369.141
368.3528	369.8012
368.4442	370.1617
368.5077	370.1703
368.7966	370.4815
369.1577	370.7783
369.2122	371.06
369.2779	371.1346
369.4691	371.0523
369.5123	371.29
370.8157	372.3928
370.9854	372.3601
371.2232	372.8481
371.5065	373.0833
371.5606	373.2061
371.7203	373.452
371.778	373.7818
371.8374	373.6379
371.8589	373.8229
371.9548	373.9324
371.9834	374.2495
372.0614	374.2253
372.2753	374.2374
372.4	374.2908
372.4088	374.3142
372.5049	374.4539
373.4054	374.8578
373.5057	375.0692
373.7668	375.2132
373.8112	375.2958
373.8527	375.6462
374.027	375.854
374.1916	375.8507
374.3218	376.0928
374.7801	376.338
375.0281	376.6494
375.0367	376.873
375.1628	376.7733
375.6809	377.3956
375.7107	377.5199
375.8543	377.6326
376.374	377.917
377.2265	378.547
377.6127	379.1593
377.976	379.6175
378.025	379.6225
378.3098	379.9852
378.3744	379.9555
379.4017	381.03
379.6529	381.124
379.7136	381.2444
379.7652	381.4653
379.9534	381.5301
380.0034	381.848
380.0139	381.8509
380.2645	381.8745
380.4652	382.0304
381.1423	382.6812
381.2791	382.9086
382.3256	383.9015
382.3867	384.1173
382.7539	384.6202
382.8753	384.9421
382.9622	384.8764
383.1336	385.125
383.1573	384.9262
383.9982	385.4054
385.2476	386.9
385.6257	387.0284
385.7708	387.3174
386.5399	388.2439
386.541	388.255
386.7689	388.2643
387.2802	388.7299
387.5174	389.0774
387.8198	389.5501
388.6679	390.1477
388.7488	390.3351
388.853	390.6912
388.8908	391.0347
388.942	390.9879
388.959	390.8494
389.1587	390.6921
390.2525	391.8435
391.3983	392.9559
391.6679	393.1696
392.1152	393.7442
392.2421	394.0055
392.3761	393.8918
392.5288	394.4419
392.5576	394.4324
392.616	394.3485
392.9131	394.4541
393.1149	394.8132
393.3131	394.939
393.3398	394.8221
394.3405	396.0009
394.5745	396.1821
394.6802	396.3585
394.9131	396.4931
394.9978	396.483
395.2581	396.8309
395.7495	397.3464
396.0583	397.8612
396.1274	397.7929
396.8644	398.4097
396.9524	398.5389
396.9577	398.5066
397.1231	398.8445
397.3282	399.1353
397.339	399.1857
397.3636	398.972
398.1004	399.7309
398.1713	399.7054
398.3504	399.8683
398.9323	400.5309
398.9866	401.0371
399.205	401.6706
399.6443	401.722
399.7849	401.8688
400.0621	402.2853
400.1295	402.4037
400.1816	402.2432
400.3409	402.5179
400.9011	402.7393
400.9338	403.2884
401.0217	402.9786
401.1569	403.2842
401.3481	403.0861
401.6207	403.5154
401.7968	403.3631
401.8357	403.5989
401.9819	404.4822
401.9948	404.35
402.0662	404.503
402.0962	404.2042
402.1216	404.4481
402.2301	404.232
402.2346	404.3407
402.6935	404.5308
403.0946	404.8169
403.1277	404.564
403.3036	404.8977
404.0187	405.7514
404.1684	406.4312
404.1912	406.4316
404.2767	406.5719
404.5937	406.5365
404.8828	406.6923
405.5802	407.1811
405.6709	407.2906
405.6912	407.3153
405.8976	407.47
406.0033	407.6722
406.5852	407.9096
407.1595	408.867
407.1777	408.8936
407.558	409.021
407.829	409.3648
407.9043	409.5121
408.4107	410.2395
408.5185	410.0696
409.0362	410.6959
409.4483	411.0551
409.5067	411.4251
409.5395	411.9486
409.5443	411.6291
409.553	412.0228
409.8809	411.7919
410.0856	411.8816
410.3744	412.0459
410.4997	411.9748
410.6752	412.4456
410.7784	412.6394
410.8768	412.7286
411.0428	413.0488
411.0936	413.054
411.4164	413.1769
411.4975	413.2497
411.7806	413.3015
412.1673	413.7086
413.649	415.2804
413.7579	415.3087
413.9076	415.4315
414.3015	415.945
414.3217	416.3862
414.4526	416.3895
414.4742	416.386
415.116	416.5704
415.3184	416.7528
415.4629	416.9988
415.5543	417.2198
415.8821	417.4529
416.1254	417.6792
416.5713	418.2131
416.8059	418.4701
417.1591	418.7419
417.3841	418.7895
417.4012	419.0954
417.6925	419.2355
417.7515	419.161
418.23	420.1224
418.3001	420.5797
418.4545	420.3991
418.5562	420.4578
418.7568	420.5915
418.8356	420.7218
419.6046	421.0996
419.6965	421.38
419.8676	421.704
419.9834	421.851
419.9871	421.8137
420.0889	421.9881
420.1263	422.1308
420.5374	421.9244
420.8263	422.5366
420.8467	422.4307
421.1033	423.0313
421.1169	423.0405
421.3147	423.3961
421.3802	423.7453
421.4125	423.6521
421.5713	423.7634
421.8742	423.3241
422.0826	423.7851
422.9323	424.5531
423.1444	424.666
424.2259	425.7049
424.3819	425.9246
425.8911	427.6964
425.9101	427.7887
425.9754	427.8219
426.7096	428.3701
426.8233	428.6122
426.8312	428.8747
426.8557	428.7149
427.2785	428.8809
427.5244	429.0325
427.8453	429.4003
428.3013	429.8692
428.502	430.334
428.5082	430.3256
428.6246	431.1681
428.6356	430.8875
428.6596	431.2603
428.7035	431.1427
428.716	430.7929
428.7293	431.345
429.1914	431.692
429.287	431.1822
429.3867	431.6488
429.5175	431.669
430.0389	431.7944
430.1782	431.7141
430.4508	431.841
430.7461	432.302
430.7649	432.3843
431.211	432.6672
431.391	433.14
431.5412	433.1008
432.1971	433.5514
432.4191	433.8932
432.5446	434.6865
432.5603	434.6433
432.5693	434.5452
433.8277	435.4447
434.1791	435.7289
434.8607	436.5094
434.9115	436.9628
434.9837	436.7247
434.9904	436.8811
435.2481	436.789
435.5594	437.0422
435.6016	437.0991
435.7136	437.5267
435.78	437.6424
435.8746	437.6242
435.9029	437.7907
436.1909	437.8843
436.2515	438.2091
436.3458	438.011
436.4963	438.0596
436.5548	438.2481
436.743	438.4106
436.8753	438.28
437.0637	438.5976
437.1568	438.7997
437.7888	439.3411
438.6596	440.4348
438.6709	440.3787
438.734	440.4692
439.0494	440.6043
439.4198	441.0706
439.427	441.209
439.4446	441.3351
439.5194	441.3235
440.1575	441.8962
440.198	441.9265
441.9416	443.3001
442.2329	443.7012
442.4992	444.0481
443.0093	444.5701
443.1439	444.7926
443.2734	445.0242
443.7891	445.4618
444.1005	445.8855
444.1882	445.701
444.2625	445.8989
444.5749	446.2403
444.6036	446.1923
445.119	446.8101
445.778	447.2135
445.8165	447.5414
445.8645	447.5338
446.0162	447.7412
446.8315	448.6894
446.8592	449.018
446.8742	449.3498
447.0333	449.5219
447.0401	449.2797
447.0427	449.4725
447.0501	449.6066
447.6086	449.3668
447.6646	449.8771
447.7197	449.9291
447.8361	449.9798
448.1236	450.0824
448.2051	450.1198
448.9702	450.4822
449.2032	450.9793
450.5452	452.1505
450.7646	452.4361
450.9034	452.6015
451.3382	452.8709
451.5491	452.9176
452.1476	453.7534
452.6766	454.227
452.9926	454.7191
453.1616	454.6155
453.3006	455.0382
453.383	454.8823
453.7992	455.7753
453.8162	455.7784
453.9061	455.612
454.2455	455.879
454.3821	456.0029
454.7178	456.5227
454.7298	456.4895
454.7928	456.8851
454.8084	456.8499
454.8933	457.0073
454.9324	456.833
455.6265	457.4259
455.6399	457.41
455.7582	457.46
456.0576	457.4538
456.2813	457.8516
456.6032	458.3812
456.6392	458.1677
456.8458	458.4756
457.0938	459.0523
457.1912	459.0857
457.5774	459.3149
457.6536	459.2951
457.7963	459.3747
458.0546	459.9075
458.0736	459.7839
458.2019	460.0446
458.2767	460.1616
458.5423	460.643
458.5766	460.6395
458.6504	460.6559
458.7345	460.7123
459.2077	460.8943
459.5693	461.4401
459.6548	461.3026
459.8372	461.4894
459.998	461.7785
460.2643	461.9523
460.3512	461.9942
460.8655	462.8585
460.8772	462.8404
460.8917	462.8233
461.1478	463.0587
461.2495	463.1268
461.6344	463.1521
461.7207	463.3378
462.7532	464.3301
463.1311	464.9975
463.2883	464.771
463.3856	464.9139
463.6128	465.2774
463.7763	465.3617
464.6902	466.156
464.9393	466.5564
465.0036	466.8278
465.0287	466.8185
465.137	467.0837
465.3941	467.1214
465.4702	467.3185
465.8758	467.5469
466.3451	467.9711
466.6571	468.1186
466.8157	468.2615
467.0765	468.6148
467.1645	468.6661
467.4566	468.8546
467.5482	469.1291
467.8652	469.6001
468.0704	469.4685
468.2701	469.6851
469.0478	470.9467
469.0549	470.6021
470.4143	472.1437
470.5204	472.1871
470.5832	472.3765
470.7204	472.3415
471.2012	472.7903
471.3635	472.972
471.7311	473.3402
472.05	473.579
472.2297	473.8652
472.3215	473.6964
472.5566	473.9989
473.0761	474.6591
473.1299	474.8878
473.1834	475.1084
473.2599	475.2504
473.3199	475.7886
473.3424	475.6472
473.427	475.9533
473.6473	475.8391
473.7783	476.2193
473.8145	476.0121
473.986	476.1396
474.1077	476.2443
474.2757	476.0919
474.6702	476.3284
474.805	476.4039
475.6707	477.2908
476.0672	477.9441
476.1521	477.9593
476.2663	478.0505
476.3252	478.1066
476.6402	478.0727
476.7413	478.2356
477.6715	479.0237
478.2081	479.9172
478.4988	480.0768
478.4997	480.2126
478.7096	480.0896
478.8023	480.6663
478.9482	480.7039
479.379	481.1511
479.4149	481.1363
479.5692	481.2305
479.7422	481.2497
480.0854	481.6314
480.1546	481.7715
480.2739	481.9173
481.1095	482.8396
481.1382	482.741
481.7059	483.0217
482.0467	483.6655
482.1252	483.7988
483.0841	484.5098
483.6241	485.381
483.6496	485.4132
483.7078	485.3496
483.7596	485.4668
484.785	486.4647
485.4004	487.1165
485.5027	487.0803
485.8301	487.5546
486.1699	487.5404
486.3242	487.9821
486.3332	487.9742
486.4086	488.0469
486.7576	488.2634
486.7972	488.3831
487.285	488.8837
487.5928	489.1993
487.8238	489.3939
487.8645	489.2562
488.0733	489.6221
488.1257	489.7472
488.9717	491.0934
488.9786	490.8834
489.2803	491.0411
489.7939	491.2968
490.082	491.6158
490.1499	491.6663
490.2391	491.8137
490.7181	492.1707
490.8999	492.4882
491.0031	492.9851
491.0125	492.6987
491.0572	492.9157
491.5168	493.0858
492.0358	493.7002
492.1186	493.7375
492.4979	493.9971
492.827	494.197
493.0256	494.7481
493.0914	494.6828
493.1333	494.8014
493.4406	494.89
493.4809	495.2228
493.542	495.0499
493.696	495.3698
493.75	495.505
493.7947	495.3278
494.0641	495.6634
494.2446	495.8626
494.9835	496.8514
495.0915	496.6132
495.232	496.8945
495.5157	496.9699
495.7079	497.2002
496.0834	497.5832
496.6784	498.2966
496.6947	498.2589
496.8028	498.4885
497.3151	498.896
498.3482	499.9471
498.5004	500.0764
498.5611	500.26
498.5914	500.277
498.9611	500.3487
499.2401	500.7935
499.3026	500.8894
499.5131	501.099
499.5277	500.9767
499.9915	501.5404
500.3035	502.0934
500.3747	502.1112
500.5049	502.1262
500.6942	502.2279
500.7196	502.4799
501.0152	502.5024
501.6536	503.0881
501.7615	503.2442
502.6161	504.1316
502.6484	504.3491
502.8029	504.4366
503.0668	504.7907
503.1017	504.8443
503.5138	505.1777
503.7103	505.2475
503.9103	505.8563
504.0154	505.8824
504.1121	505.8514
504.2731	505.7239
504.5033	505.9401
504.6923	506.2605
505.079	506.7068
505.1447	506.6848
505.2075	506.9354
505.5041	507.1653
505.5304	506.9762
505.7333	507.2564
505.8359	507.6865
505.9885	507.8615
506.0929	507.9152
506.205	508.029
506.4395	508.0433
506.5359	508.2097
507.2066	508.7646
507.3765	508.9408
507.6482	509.3645
508.2099	509.8803
508.6239	510.2207
508.9522	510.6037
509.2015	510.7169
509.4191	510.9738
509.4614	511.0922
510.0551	511.4718
510.2336	511.829
510.6084	512.0714
510.9092	512.2667
511.0878	512.7434
511.1999	512.8163
511.7782	513.5452
511.801	513.2815
512.1434	513.699
512.4423	513.9301
512.9726	514.3647
513.141	514.7975
513.1642	514.9893
513.6844	515.3212
513.6926	515.3343
514.2662	515.9379
514.6679	516.2574
515.0402	516.6353
515.2534	517.0117
515.2821	517.2793
515.3446	517.3012
515.4091	517.2679
515.672	517.4869
515.7258	517.6412
515.8347	517.8176
516.021	517.7046
516.3792	518.2015
516.4133	518.5762
516.4616	518.5131
516.5493	518.7807
516.597	518.7189
516.7073	519.0352
516.8397	518.8645
516.8497	519.3096
516.9559	519.2184
517.0843	519.3335
517.6214	519.2102
518.1969	519.9532
518.2141	519.7489
518.3001	519.7893
518.5865	520.0589
519.1382	520.6289
519.4336	521.2139
519.4815	521.1249
519.9085	521.3295
520.3049	521.8041
520.6562	522.3144
520.7528	522.3164
521.1338	522.707
521.2139	522.9695
521.248	523.1914
521.2647	523.4752
521.3264	523.4167
521.4642	523.4721
521.5939	523.6797
521.644	523.4856
522.0678	523.7496
522.188	523.8446
522.3779	523.823
522.7176	524.2824
523.2	524.6195
523.314	524.9
523.3884	524.9798
523.4496	525.1854
523.7458	525.7163
523.7875	525.6335
523.995	525.8507
524.4238	526.2116
524.4508	526.3222
524.4542	526.4599
524.7254	526.8519
524.7394	526.7386
524.8028	526.826
524.9115	526.8805
524.9852	527.0766
525.1317	527.115
525.343	527.5128
525.4495	527.4181
525.6108	527.4842
525.8952	527.7759
526.0007	527.8134
526.0289	527.781
526.072	528.0474
526.1777	528.3453
526.2233	528.1772
526.3107	528.3425
526.3307	528.394
526.5378	528.6773
527.0346	528.7639
527.2047	528.9304
527.6761	529.2841
527.8335	529.2986
527.8653	529.503
528.0999	529.6992
528.1014	529.9456
528.5299	530.236
528.5822	530.3694
528.6635	530.3904
529.3939	531.4598
529.4899	531.2532
529.7542	531.5185
530.084	531.6862
530.6122	532.2756
530.7991	532.2454
530.9497	532.6956
530.9962	533.1185
530.9977	532.9887
531.0646	533.3256
531.0825	533.1728
531.1161	533.368
531.3426	533.8586
531.3719	533.7289
531.5842	533.5597
531.7218	533.759
531.7278	533.6235
532.0273	533.6893
532.3806	533.9034
532.7535	534.1378
532.8344	534.3012
533.1871	534.9065
533.3067	534.998
533.3771	534.9369
533.5658	535.2341
533.8048	535.5413
534.4033	535.9696
535.2765	536.7608
535.316	537.0102
535.4009	537.13
535.4776	537.284
536.5747	538.0347
536.7226	538.4342
536.8547	538.81
536.8747	538.5688
536.9388	538.7757
537.0469	538.9105
537.0493	539.023
537.3062	539.217
537.3555	539.3532
537.4425	539.6841
537.4538	539.5347
537.9287	539.7723
537.9969	539.928
538.0723	539.8865
538.7446	540.2628
538.7965	540.5191
538.9605	540.5259
539.1555	540.5909
539.1648	540.8782
539.7829	541.4179
539.9699	541.4747
540.3254	541.8719
540.4821	541.9764
540.8985	542.6616
541.2073	542.8165
541.2937	542.8798
541.6827	543.3005
541.7086	543.5573
541.7731	543.634
541.8375	543.5813
542.0044	543.8493
542.4298	544.0509
542.6502	544.2371
542.7401	544.3289
543.2504	544.7717
543.5035	544.9632
543.9161	545.4254
544.1256	545.759
544.1467	545.6435
544.3496	545.8791
544.7823	546.2603
545.0329	546.7437
545.0624	546.6003
545.8588	547.2679
546.1932	547.7938
546.2213	547.9112
546.6856	548.0657
547.871	549.3768
548.2396	549.785
548.7224	550.3092
549.2585	550.7454
549.3627	550.8744
549.5108	551.2182
549.6361	551.1333
549.7582	551.4517
550.6167	552.0135
550.7898	552.3147
550.9735	552.5993
551.0074	552.834
551.1843	552.807
551.8965	553.3617
552.5189	554.4477
552.5692	554.1754
552.6001	554.4675
552.6739	554.4224
553.2798	554.9509
553.5103	555.1797
554.218	555.7518
554.4197	555.8661
554.5682	556.1062
554.8946	556.4787
555.0305	556.5055
555.5634	557.162
555.7928	557.3459
555.927	557.6159
555.9479	557.5049
556.2459	557.8829
556.3052	557.849
556.4149	558.1664
556.5054	558.4045
556.5392	558.7808
556.6499	558.9264
556.6729	559.102
556.6888	558.7626
557.0336	558.9341
557.4323	559.0573
557.5058	559.0157
557.6964	559.3256
557.7301	559.4212
557.9561	559.6075
558.0899	559.835
558.131	559.7408
558.2217	560.0619
558.3611	560.0168
558.46	560.0826
558.7903	560.5354
558.8233	560.3696
558.8558	560.6208
560.0283	561.5424
560.3486	561.7467
560.6814	562.2816
560.7681	562.5048
561.0019	562.5477
561.0499	562.6721
561.2401	562.9556
561.3742	563.0054
562.1461	563.705
562.9761	564.528
563.7901	565.4557
563.9025	565.5378
564.0478	565.6154
564.4747	566.1
564.5861	566.1232
565.0417	566.9589
565.1206	567.0866
565.1321	567.1466
565.3094	567.5022
565.4249	567.4703
565.4748	567.4433
565.5111	567.4649
565.8025	567.5227
566.5268	568.2109
567.0454	568.7889
567.1513	569.1845
567.1883	568.9955
567.3794	569.2593
567.5239	569.0783
567.7389	569.334
567.8402	569.449
568.1241	569.8374
568.2688	569.9237
568.3619	570.0174
568.5442	570.0089
568.6209	570.2109
568.6642	570.4928
568.7342	570.8061
568.8626	570.7554
568.9899	570.6424
569.1757	570.8059
569.341	571.1011
569.5809	571.5173
569.6094	571.5671
569.835	571.8392
569.8633	571.9297
570.6467	572.0323
570.7045	572.2081
570.7265	572.3045
571.0226	572.6924
571.0946	572.9077
571.1974	572.7965
571.8359	573.2502
572.1052	573.7225
572.3832	573.7718
572.7863	574.2284
573.214	574.8466
573.2761	575.1099
573.2851	575.2666
573.4958	575.3209
573.5447	575.4865
574.1264	575.6872
574.8376	576.3801
574.8778	576.6879
574.9953	576.3901
575.4273	577.0955
575.5944	577.2821
575.7556	577.3429
576.3977	578.0599
576.7567	578.0696
576.8654	578.5749
576.8817	578.5871
576.9562	578.6742
577.0567	578.6477
577.369	578.8161
577.535	579.0862
577.6156	579.4593
577.6407	579.5327
577.7182	579.5649
577.7687	579.5115
578.2196	579.9394
578.8978	580.4859
579.0943	580.8959
579.1243	581.2402
579.1517	581.3386
579.1601	581.2275
579.161	581.3369
579.5635	581.7394
579.6574	581.6741
579.7119	581.5895
580.1927	581.8348
580.765	582.6324
580.9232	582.3814
581.0777	582.6254
581.797	583.4144
581.8793	583.4145
581.9466	583.3189
582.2113	583.7716
582.2964	583.7378
582.446	584.0031
582.6872	584.2437
583.2452	584.7795
583.2673	585.0223
583.5579	585.0132
584.1106	585.833
584.1819	586.4046
584.2833	586.2889
584.3042	586.3624
584.5644	586.511
584.7244	586.4249
584.9277	586.5204
584.9959	586.6903
585.5355	586.8501
585.9174	587.5547
586.1147	587.8013
586.1755	587.782
586.5953	588.2308
586.9751	588.4459
587.0768	588.5062
587.4905	588.8028
587.9548	589.4828
589.0045	590.7028
589.0677	590.7973
589.4997	590.9867
589.7448	591.1835
589.8819	591.3761
590.0042	591.5763
590.176	591.8733
590.2646	592.0051
590.3283	591.9601
591.2251	592.8131
591.7155	593.1889
591.9027	593.3898
592.2636	593.79
592.6306	594.4778
592.6763	594.2683
592.7834	594.5862
593.7514	595.4402
593.8098	595.4354
594.3016	595.9518
594.6542	596.2759
594.7047	596.4766
595.0357	596.4994
595.4174	597.0105
595.8457	597.5848
596.0453	597.698
596.4037	597.9686
596.8918	598.5678
596.8988	598.6025
596.9615	598.4861
597.2388	598.6576
597.5328	599.2696
597.6404	599.2702
598.0376	599.6178
598.2717	599.9171
598.3545	599.9164
598.5628	599.97
598.7377	600.2255
598.9128	600.3868
599.9601	601.6635
599.9731	601.8512
600.0154	601.7975
600.5659	602.2171
600.6364	602.6157
600.7237	602.5393
600.8203	602.4284
601.2229	602.7951
601.3266	603.0076
601.3809	603.0634
602.305	603.8129
602.5003	604.0106
602.7095	604.4017
602.768	604.4424
603.0828	604.5764
603.2377	604.6686
603.4843	604.9431
603.663	605.2417
603.7008	605.6631
603.7501	605.6351
603.851	605.7833
603.9399	605.8155
604.3702	606.0756
604.4102	606.0201
604.9463	606.5377
605.1812	606.8674
605.4173	606.924
605.7627	607.1245
606.0831	607.7051
606.4275	608.0172
606.5523	608.3537
606.5975	608.3291
606.6016	608.3287
607.2617	609.1593
607.3285	609.1816
607.3854	609.1135
607.4391	609.3136
608.8682	610.5325
608.8957	610.3655
608.9858	610.5812
609.1302	610.78
609.1585	610.598
609.3553	610.9721
609.3645	611.12
609.5278	611.221
609.5668	611.2939
609.6457	611.337
609.8401	611.7523
609.9025	611.664
610.5838	612.5144
610.6855	612.6222
610.6973	612.4187
611.134	612.5775
611.1628	612.5952
611.2922	612.9045
611.3618	612.8562
611.5362	613.0836
612.0575	613.4955
612.5785	613.952
613.0761	614.6554
613.7592	615.2246
613.8905	615.5486
613.9141	615.6133
614.3687	615.8409
614.4723	616.2049
614.484	616.0665
614.8727	616.2887
615.6402	617.0805
615.7322	617.3357
615.9115	617.5293
615.9202	617.5709
616.1058	617.4963
616.1626	617.6089
616.3459	617.7069
616.5368	618.1494
617.0496	618.4095
617.1755	618.7659
617.2343	619.017
617.3997	619.0188
617.7115	619.218
618.1904	619.7593
618.2326	619.9006
618.4735	619.9468
618.9707	620.4911
619.2042	620.6409
619.7322	621.2659
619.8333	621.6715
619.9151	621.7081
620.1512	621.7272
620.3933	622.0035
620.5051	622.4205
620.5149	622.4762
620.9108	622.5177
621.8338	623.4289
621.8636	623.5122
622.529	624.1247
623.0244	624.5579
623.2614	624.6511
623.3745	624.7256
623.6131	625.1072
624.0349	625.6605
624.2208	625.7256
624.586	626.1047
624.6152	626.2081
624.6622	626.5306
625.022	626.832
625.5636	627.1085
625.9162	627.683
626.4745	627.9116
626.5761	628.121
626.669	628.2263
626.9659	628.5241
627.262	628.8865
627.6139	629.4268
627.6714	629.3998
627.8792	629.5279
628.134	629.8244
628.2557	629.9347
628.3104	630.1763
629.1641	630.7594
629.2792	630.8223
629.518	631.2512
629.7071	631.2873
629.9834	631.352
630.1277	631.8456
630.2028	632.0801
630.254	632.0359
630.6484	632.2775
630.9362	632.8407
630.9662	632.9563
631.0552	632.7486
631.2399	632.6431
631.3792	632.9747
632.1702	633.6897
632.1761	633.7516
632.8076	634.4116
633.0064	634.4262
633.0799	634.8616
633.1571	634.7649
633.2228	634.6634
633.7387	635.2348
634.0323	635.5319
634.2824	636.3606
634.2914	636.3687
634.2989	636.1922
634.5361	636.6318
634.5405	636.8003
634.5528	637.1826
634.5774	637.2676
634.6326	636.7464
634.8068	636.8179
635.0767	637.1096
635.4371	637.2841
635.4406	637.1422
636.4885	637.9837
636.6921	638.9296
636.7164	638.7453
636.7737	638.9636
636.9805	639.5416
637.03	639.5312
637.0812	639.32
637.6716	639.5634
637.8775	639.5647
638.5231	639.9803
638.8091	640.3311
638.8664	640.5065
638.9207	640.6146
639.4403	640.8851
639.7036	641.258
639.817	641.4406
639.8363	641.5126
639.9551	641.4793
640.1759	641.8894
640.606	642.2512
640.6391	642.1506
641.0864	643.061
641.1216	643.0658
641.1228	642.7779
641.8588	643.4684
642.8318	644.7974
642.8658	644.8589
642.8978	644.7269
643.0916	645.0564
643.105	645.104
643.554	645.3593
643.7496	645.5551
643.809	645.437
644.43	646.2426
644.4355	646.0476
644.7024	646.3468
644.9398	646.3805
645.3809	646.8937
645.4912	647.2396
646.5945	648.0558
646.8132	648.3749
646.8584	648.4109
647.0166	648.6998
647.0742	649.1052
647.0985	649.0828
647.6897	649.1596
648.6057	650.116
648.6877	650.3563
648.8089	650.7248
648.8095	651.0011
648.8401	650.9826
648.8544	650.8963
649.1312	651.0286
649.5923	651.1949
649.6869	651.619
649.7271	651.6063
649.7928	651.4053
650.0873	651.5431
650.2447	651.891
650.2524	651.8421
650.3776	652.0762
650.3908	652.5091
650.542	652.6113
650.6027	652.6605
650.7566	652.272
651.0086	652.5614
651.0561	652.5958
651.2668	652.8094
651.3719	652.8233
652.0058	653.8075
652.3665	654.0765
652.8587	654.2956
653.3342	655.2344
653.3927	655.3399
653.466	655.2575
653.8489	655.4112
653.8951	655.6537
654.0741	655.6767
654.314	655.7205
654.7355	656.3544
655.2079	656.783
655.4559	657.0827
655.5321	657.1341
655.7675	657.4635
655.9012	657.7131
656.0315	657.8533
656.3777	657.918
657.318	658.8687
657.3846	658.795
657.8803	659.5498
657.8918	659.6447
658.0571	659.7857
658.3283	660.0171
658.4262	660.3257
658.4787	660.3365
658.6033	660.6346
658.651	660.4658
658.7455	660.5941
659.4976	661.2244
659.5113	661.1147
659.8135	661.4143
660.2441	662.1226
661.5544	663.1704
661.6108	663.2319
661.8251	663.4142
662.128	663.6907
662.4157	663.873
662.9785	664.6001
663.026	664.7399
663.1636	664.7541
663.2509	665.1011
663.3284	665.1937
663.5851	665.4091
663.9554	666.1147
663.9707	666.0057
664.1885	666.0933
665.7868	667.3258
665.8404	667.4035
665.9081	667.9358
665.9474	667.7331
666.0037	668.0813
666.2842	668.0704
666.3627	667.9896
666.9258	668.3326
667.1888	668.662
667.3268	668.8606
667.5463	669.1771
667.7323	669.236
667.7823	669.5038
667.9648	669.4591
668.1808	669.8089
668.3906	670.2299
668.5881	670.1624
668.6439	670.4727
668.8586	670.3241
669.1328	670.7325
669.1612	670.6161
669.2827	670.9289
669.3339	671.0498
669.6371	671.4867
669.8126	672.0586
669.8831	672.0077
669.9246	671.854
670.6471	672.2163
670.8058	672.4999
670.8421	672.2856
671.3048	673.0826
671.3743	673.0437
671.3959	673.2126
671.7237	673.3074
672.0408	673.7257
672.168	673.6755
672.4536	673.8745
672.7786	674.2669
672.9134	674.5016
673.4198	675.1469
674.2515	676.2431
674.2643	675.9845
674.4235	676.2392
674.5697	676.207
674.8384	676.5398
674.97	676.7802
675.0378	677.1032
675.0704	677.124
675.1341	676.9616
675.3845	677.1582
675.7662	677.5448
675.8478	677.6736
675.934	677.8443
675.9572	677.8931
675.9977	677.7026
676.2157	678.0565
676.7017	678.322
676.711	678.5272
676.7232	678.4816
677.0488	678.5498
677.2526	678.8253
677.3847	678.9617
677.6103	679.5099
677.6235	679.5469
677.7941	679.4981
678.0282	679.8836
678.0325	679.9816
678.0402	679.6981
678.456	680.5168
678.4584	680.5021
678.689	680.5296
678.7662	680.4554
679.1582	680.6843
679.6328	681.2165
680.009	681.4895
680.1303	681.6404
680.218	682.1614
680.248	682.0169
680.4698	682.0445
680.5547	682.2036
680.9299	682.3878
681.0271	682.6615
681.3971	682.9946
681.7644	683.1785
681.9447	683.57
682.0628	683.4096
682.5001	684.0209
682.6725	684.2772
682.7518	684.2793
682.9498	684.4277
682.965	684.6115
683.0721	684.6451
683.3951	684.9678
683.7021	685.1892
683.7761	685.2975
683.7803	685.7925
683.8466	685.9212
684.0856	685.7731
684.1311	685.7937
684.275	685.8549
684.8944	686.4251
685.1974	686.7798
685.7362	687.6919
685.7392	687.3393
685.7719	687.5923
686.3509	687.8018
686.4605	687.8786
686.6429	688.3969
686.6627	688.2733
686.8842	688.4983
687.0145	688.5161
687.566	688.9931
687.7579	689.3482
687.9064	689.6539
687.9577	689.6253
688.2577	689.8419
688.5196	690.1803
688.5335	690.1344
689.2107	690.6875
690.3118	691.9085
690.4451	692.2134
690.4771	692.2719
690.6024	692.9219
690.604	692.7735
690.7086	693.0404
690.7287	693.216
690.8942	693.4239
691.2413	693.8636
691.2515	693.979
691.2842	694.018
691.3579	693.9103
691.4718	694.0101
691.7908	694.0649
692.0159	694.1444
692.2967	694.2929
692.6997	694.4116
692.7392	694.4985
693.095	694.77
693.2994	695.0124
693.3001	694.9629
693.4059	695.3585
693.5823	695.5427
693.6066	695.6953
693.7353	695.5865
693.9968	696.078
694.0188	696.2138
694.0483	696.0342
694.1849	696.4478
694.205	696.5512
694.2108	696.9114
694.2291	696.8398
694.3973	696.7871
694.5885	697.0842
694.6379	696.9784
694.728	697.172
694.781	697.2451
695.1959	697.3618
695.3104	697.5392
695.6525	697.6012
695.7104	697.4835
695.8787	697.9388
695.9068	697.935
696.2319	697.9337
696.5365	697.9634
696.6644	698.16
696.7824	698.4034
697.3297	698.9776
697.7309	699.3548
698.1364	699.5091
698.623	700.1796
699.0068	700.9799
699.0085	700.8651
699.1493	701.0039
699.3745	700.9951
699.4929	701.0996
699.9107	701.6217
700.0746	702.0267
700.0749	702.0931
700.3052	702.0405
700.9613	702.6726
701.1977	702.9684
701.241	702.9243
701.7138	703.3372
701.7395	703.5188
701.8948	703.651
702.153	704.0369
702.192	704.112
702.3263	704.151
702.3327	704.3623
702.3375	704.5528
702.8203	704.3633
702.8434	704.5936
703.6017	705.209
704.1321	705.7519
704.3226	706.0614
704.4372	706.7536
704.4985	706.9127
704.5558	706.9855
704.5859	706.8958
704.8411	707.3908
704.8691	707.2768
704.9461	707.9002
705.0586	708.0944
705.0866	708.0974
705.3222	708.0177
705.5274	708.0895
706.076	707.9585
706.4731	708.2057
706.7465	708.3095
706.9381	708.3066
707.0835	708.9034
707.1277	708.5298
707.4446	709.0906
707.7508	709.1037
707.8391	709.3516
708.0367	709.5642
708.1859	709.7147
708.953	710.6421
709.3492	710.8721
709.6125	711.08
710.4692	712.1115
710.51	712.1472
710.6562	712.1257
711.1603	712.6
711.5549	713.1665
711.708	713.031
712.295	713.7765
712.4351	714.123
712.4643	714.0547
712.5364	714.1536
712.9471	714.4443
713.1186	714.673
713.8198	715.1898
714.1476	715.5873
714.3423	715.7916
714.7252	716.2348
714.7316	716.2582
714.9946	716.645
715.062	716.7372
715.0721	716.6856
715.3512	716.9625
715.5752	717.2788
715.7857	717.83
715.9703	718.4945
716.0041	718.593
716.0321	718.5379
716.0628	718.5065
716.1724	718.4557
716.2993	718.8646
716.4956	718.895
716.6908	718.8923
717.2735	718.9622
717.4693	719.4597
717.515	719.3732
717.8109	719.5464
718.1437	719.8261
718.2506	719.9149
718.3074	720.023
718.6348	720.0248
718.9517	720.4611
719.5503	721.1963
719.5878	721.3418
719.705	721.1689
720.3155	721.6899
721.0315	722.5684
721.1955	722.8458
721.2944	722.8993
721.5549	723.083
721.6011	723.3465
721.8151	723.2796
722.0875	723.461
722.2134	723.701
722.6237	724.2154
722.7418	724.1327
723.2409	724.7222
723.5648	725.3456
723.6212	725.697
723.6657	725.443
723.9021	725.7376
724.206	725.6757
724.4968	725.8878
724.9972	726.6833
725.0138	726.7952
725.5121	727.1467
725.81	727.4099
725.8244	727.6474
726.4555	728.3694
726.486	728.2226
726.7201	728.5734
726.9666	728.5672
727.277	728.7305
727.8553	729.4942
727.8707	729.5837
727.9966	729.5152
728.3062	729.7992
729.0544	730.6897
729.0863	730.5811
729.5691	731.2382
729.6158	731.5232
729.6784	731.3381
730.0528	731.6321
730.1593	731.7984
730.5595	731.991
730.713	732.4548
730.7526	732.5174
731.1231	732.6155
731.2127	732.6725
731.3316	732.9612
731.3998	733.0029
731.5599	733.1588
732.8429	734.4948
732.8575	734.3107
733.7851	735.3601
734.3946	735.7827
734.605	736.1634
734.6458	736.2817
734.6721	736.3322
734.751	736.3642
735.0581	736.6485
735.3709	736.8714
735.9451	737.5759
736.0522	737.6988
736.551	738.0358
736.7579	738.367
736.774	738.5103
737.3355	738.9569
737.406	739.3865
737.4392	739.3629
737.8313	739.7974
737.9086	739.901
737.9748	739.9791
738.165	739.9731
738.7036	740.1698
738.9543	740.3481
739.1994	740.7787
739.2883	740.9485
739.6966	741.3099
739.9347	741.4232
740.0707	741.6265
740.4509	741.9321
740.6442	742.2648
741.0012	742.493
741.0798	742.82
741.1136	742.7062
741.2871	743.0217
741.5796	743.2098
742.3722	743.944
742.5363	744.0839
742.6271	744.2824
742.6606	744.3688
742.9708	744.5706
743.2537	744.6389
743.6018	745.2793
744.0597	745.7642
744.179	745.7066
744.4252	746.202
744.5003	746.0179
745.1621	746.7152
745.6764	747.1021
745.8559	747.5836
745.8666	747.7031
745.9816	747.7606
746.9629	748.4678
747.1963	748.7835
747.7058	749.2998
747.8104	749.326
748.4337	750.0572
748.5095	749.9242
748.585	750.0272
748.7703	750.1915
749.2767	750.8297
749.4207	750.7796
749.599	751.3812
749.811	751.4026
750.9645	752.6301
751.1307	752.982
751.1758	752.9091
751.3219	752.9441
751.8159	753.3851
751.8876	754.1839
751.9075	754.1265
751.9187	754.1447
751.9311	753.8246
752.0418	754.0158
752.3371	754.1037
753.1306	754.5635
753.8741	755.3299
753.9318	755.4958
754.4641	755.8484
755.1233	756.6581
755.2843	756.8327
755.45	757.094
756.3503	757.9186
756.7689	758.3421
757.0301	758.392
757.3674	758.8577
758.2863	759.8694
758.5075	760.038
758.6811	760.0531
758.7743	760.4786
758.8791	760.8089
758.9752	760.7453
759.8673	761.5118
760.127	761.6347
760.436	762.0066
760.7791	762.3711
761.1862	762.6338
761.4856	763.1849
761.5009	763.1412
761.6594	763.2877
761.9923	763.6878
762.2067	763.8432
762.2365	763.7976
762.7311	764.3187
762.8926	764.4646
762.9002	764.4979
763.1777	764.8917
763.2171	764.8693
763.2611	765.3109
763.3433	765.3539
763.4056	765.0314
763.6739	765.5235
764.0381	765.4447
764.4758	766.0628
764.6661	766.3807
765.1461	766.5615
765.4966	766.9268
765.7492	767.5182
765.7693	767.5973
765.79	767.6551
765.9173	768.0602
765.9653	767.9063
766.0192	768.1502
766.1435	768.2765
766.1661	768.2527
766.3393	768.3175
766.7165	768.411
767.4436	769.1933
767.5674	769.1668
768.2771	769.8304
768.7731	770.4673
769.4711	770.8602
769.5274	771.2107
769.7476	771.1636
769.9433	771.669
769.9695	771.6831
770.0094	771.8425
770.3751	772.0962
770.6501	772.0908
770.688	772.1756
771.2407	772.7144
771.5085	772.9932
771.7597	773.0945
771.8754	773.3461
771.9683	773.2897
772.0874	773.7198
772.5805	774.1935
773.0097	774.8294
773.1114	774.7945
773.3918	774.9932
773.479	774.9676
773.885	775.4653
774.271	775.9738
774.4319	775.8965
774.6014	776.3442
774.6362	776.4449
774.8873	776.5344
775.7097	777.5223
775.8729	777.9172
775.9833	777.9869
775.9953	777.9591
776.1727	777.7337
776.9144	778.5513
776.9714	778.5686
777.0045	778.6997
777.1851	778.8734
777.214	778.9941
777.2709	779.2557
777.6358	779.2047
777.9054	779.4766
778.6636	780.1735
778.7579	780.3315
778.801	780.4521
779.8699	781.3074
780.0143	781.7267
780.58	782.2765
780.658	782.2287
780.9225	782.5352
780.9317	782.6953
781.0411	782.7856
781.0864	782.7776
781.7335	783.1792
781.8322	783.5826
781.8329	783.4763
781.9584	783.7125
782.4568	783.9242
783.0136	784.4638
783.2875	784.9565
783.3324	784.9121
783.438	785.0313
783.6386	785.1066
783.6893	785.2802
783.9414	785.513
784.0507	785.6564
784.0864	785.824
784.703	786.3574
785.3518	786.7336
785.5255	787.1357
785.8024	787.3609
785.8408	787.414
785.9753	787.7777
786.1485	787.8552
786.4303	788.1131
786.4908	788.5638
786.4999	788.4683
787.0453	788.5392
787.2209	788.7851
787.3272	788.7646
787.5186	788.9171
787.6735	789.2985
787.7582	789.4078
788.2102	789.6051
788.2839	789.6929
788.6106	789.995
789.0812	790.729
790.0204	791.9158
790.1306	791.8932
790.2116	791.8712
790.6987	792.3509
790.7963	792.3686
790.9409	792.5101
791.3134	792.8635
791.7853	793.3654
791.9968	793.4947
792.174	793.778
792.3812	794.0165
793.3233	794.9775
794.1039	795.4874
794.64	796.1796
794.754	796.2166
794.9597	796.4461
795.1299	796.6418
795.618	797.3256
795.6293	797.3506
795.7934	797.5195
796.2095	797.6709
796.267	797.8245
796.6241	798.2362
796.7122	798.8201
796.7286	798.5405
796.7669	798.8862
796.9039	798.9607
798.1588	799.7812
799.0992	801.3777
799.1012	801.0787
799.1771	801.2778
799.2176	801.2538
799.2722	801.5525
799.4714	801.8411
799.4921	801.8191
799.6942	801.9545
800.0511	802.0663
800.2525	801.9973
801.2553	802.8308
801.4492	803.0036
801.6676	803.1638
802.0935	803.5138
802.3638	803.9472
802.801	804.7837
802.8946	804.8082
803.1152	804.8923
803.8174	805.5609
804.0076	805.5639
804.3807	805.9942
804.4501	805.965
804.5225	806.1346
805.3231	807.039
805.7667	807.2013
806.4359	808.0784
806.687	808.0956
807.1468	808.7484
807.2011	808.8907
807.4476	808.9703
807.6532	809.1214
807.7065	809.5498
807.8751	809.7891
807.9153	809.5926
807.9405	809.7067
808.0093	809.9889
808.3638	809.9246
808.7029	810.3719
808.8199	810.3771
809.5919	811.165
809.7903	811.5148
809.9619	811.702
810.6255	812.0298
810.842	812.503
810.8549	812.4048
810.9938	812.6586
811.6486	813.489
811.6869	813.568
811.6909	813.5796
812.0618	813.8731
812.3025	814.2504
812.939	814.4911
812.9949	814.6847
813.3315	814.8696
813.4648	814.9578
813.5882	815.0511
813.8446	815.2949
814.1158	815.6418
814.3428	816.2219
814.4004	816.2066
814.9731	816.4889
815.0584	816.77
815.439	816.9536
815.6096	817.3291
815.6246	817.5041
815.8835	817.5743
816.1925	817.8495
816.6975	818.5496
816.7125	818.5082
816.8855	818.5252
817.1924	818.8936
817.2807	818.9427
817.5523	819.0337
817.6124	819.1849
817.9536	819.6468
817.9748	819.8356
817.994	819.7146
818.0307	819.9716
818.1187	819.9302
818.1529	820.1037
818.4561	820.1141
818.7129	820.1821
819.0364	820.5989
819.2877	820.7938
819.9346	821.5008
820.2808	821.8527
820.3482	821.9552
820.4008	822.1957
820.6058	822.1745
820.8112	822.6118
820.8273	822.4145
820.929	822.7041
821.1339	822.7732
821.298	822.6986
821.4911	823.1274
821.6911	823.1427
822.5145	824.2109
823.0881	824.9748
823.1825	825.0605
823.2214	825.0073
823.2421	824.8328
823.5556	825.0024
823.9266	825.5213
824.4004	825.9893
824.4376	825.8578
824.7031	826.3262
824.8364	826.4146
825.0091	826.6927
825.0765	826.5664
825.524	827.2031
825.9471	827.4538
826.0201	827.648
826.0642	827.5656
827.2655	828.7655
827.3332	828.9239
827.6825	829.4434
827.8457	829.4057
828.3926	829.7492
829.466	831.1531
829.5111	831.1858
830.3667	832.147
830.3945	832.0393
830.9131	832.3007
830.9985	832.378
831.1855	832.6638
831.7494	833.3114
831.8015	833.5788
832.3718	833.7589
832.5054	834.0338
832.6305	834.1297
832.9297	834.6401
833.455	835.1457
833.8759	835.4916
833.9917	835.5804
834.2069	835.7235
834.6221	836.4401
834.6257	836.3288
834.6601	836.3177
834.9693	836.6922
835.1325	836.6948
835.4278	837.1001
835.5146	836.938
835.8336	837.4535
836.7317	838.4932
836.7403	838.6182
836.9123	838.8407
837.0795	838.8695
837.1758	838.9409
837.6941	839.1371
838.0445	839.5741
838.5049	840.1464
838.5506	840.0541
838.94	840.5546
839.1684	840.8527
839.911	841.4588
840.0548	841.6197
840.1868	841.6976
840.1939	841.7097
841.6169	843.1042
842.0561	843.7036
842.1874	843.8526
842.2756	843.985
842.3732	843.984
842.712	844.2408
843.0409	844.6027
843.0499	844.8483
843.7796	845.2183
844.0435	845.4536
844.5569	846.2082
844.751	846.1806
844.9713	846.5694
845.3652	846.863
845.8092	847.5105
845.8148	847.6869
845.8363	847.4173
846.4039	847.8572
846.4805	848.3925
846.6074	848.2632
846.664	848.3646
846.9071	848.6339
847.4309	849.2676
847.4393	849.2522
847.6482	849.4962
847.7975	849.6191
848.0281	849.8687
848.0862	850.3499
848.1609	850.3452
848.2703	850.176
848.4789	850.4302
848.553	850.5185
849.0465	850.7147
849.0571	851.08
849.2765	850.9393
849.3342	851.0747
850.0726	851.6865
850.0818	851.9415
850.0927	851.8861
850.2286	852.0278
850.6581	852.2404
850.764	852.5916
851.0515	852.7227
851.0641	852.6445
851.4726	852.9331
852.2618	853.8581
852.667	854.2136
852.8843	854.531
852.9168	854.5556
853.4218	854.9986
854.1037	855.8592
854.1541	855.8171
854.3378	855.9663
854.4446	856.3915
854.4645	856.4188
854.4757	856.3979
854.8811	856.7607
854.8885	856.9114
854.9414	857.0067
855.2021	857.217
855.8208	857.3547
856.2703	857.7584
856.4505	857.886
856.7992	858.3374
857.0196	858.5345
857.0625	858.8939
857.1687	858.9243
857.4726	858.9477
857.7153	859.2778
858.3929	859.8177
858.6411	860.1257
859.1928	860.9386
859.3087	861.007
859.4105	860.9415
860.2594	862.069
860.3122	862.0103
860.6347	862.2736
860.7367	862.4377
861.258	862.86
861.3718	863.1104
861.5299	863.5109
861.7544	863.382
861.8392	863.56
862.1038	863.5433
862.2242	863.812
862.6798	864.3171
862.7688	864.237
863.0463	864.5875
863.1796	864.836
863.7088	865.2881
863.815	865.357
864.296	865.9873
864.3362	865.8441
864.7679	866.2061
864.8369	866.4758
865.6763	867.1997
865.7357	867.3946
865.902	868.3034
865.9056	868.3677
865.9244	868.3061
865.9276	868.2153
866.0484	868.4747
866.2634	868.9102
866.3448	869.0303
866.435	869.3573
866.5075	869.2485
866.5266	869.1788
866.907	869.4907
866.938	869.6329
867.0183	869.6694
867.082	869.7175
867.2766	869.9462
867.3713	869.8708
867.6253	870.2535
867.7283	870.4185
867.7946	870.3044
868.3531	870.7585
868.4182	870.4538
868.5157	871.0327
868.6434	870.5692
868.7241	870.8575
868.757	871.0593
869.0536	871.0367
869.3685	871.18
869.797	871.3047
869.9576	871.4037
870.1033	871.7032
870.6528	872.1681
871.0564	872.8364
871.2938	872.9713
871.9598	873.5687
872.2518	873.5922
872.5957	874.1728
872.6776	874.2681
872.941	874.6917
873.0677	874.7727
873.2725	874.8935
873.292	874.9264
873.3596	875.1202
873.9281	875.3746
874.2089	875.9444
874.229	875.9362
874.3597	875.9554
874.5779	876.1686
874.7888	876.4722
875.1922	876.8133
875.2925	876.7007
875.7693	877.4556
875.9998	877.7218
876.4537	877.9802
876.5245	878.1799
876.5751	878.1974
877.2886	878.806
877.4578	878.9952
877.5612	879.1768
877.5701	879.2868
877.7173	879.4529
877.734	879.6345
877.7627	879.6715
878.0485	879.6155
878.5001	880.0839
878.6331	880.3362
878.6436	880.3435
878.9737	880.4598
879.096	880.5655
879.387	880.9103
880.4724	882.0859
880.5712	882.0481
880.8062	882.4887
881.0208	882.6765
881.5634	883.1781
881.7491	883.3204
882.0033	883.4177
882.0868	883.529
882.3152	883.9368
882.7511	884.3771
882.8207	884.4589
882.8763	884.4568
883.6053	885.0068
884.0211	885.4599
884.7003	886.45
884.7448	886.3517
884.7658	886.6828
884.9761	886.8352
885.0334	886.8542
885.1443	887.1534
885.173	887.03
885.405	887.7315
885.4306	887.8215
885.4376	887.5314
885.5334	887.7511
885.7015	887.7305
886.1375	887.8721
886.1884	888.1571
886.4558	888.5595
886.5012	888.5322
886.5554	888.5392
886.6074	888.8094
886.8163	888.6937
886.8194	888.7959
887.2122	888.8925
887.4801	889.1129
887.9102	889.5544
888.1766	889.7737
888.2793	890.0061
888.6979	890.157
888.8454	890.3047
888.9599	890.4622
889.2414	890.6706
889.3213	890.8781
889.6612	891.1959
889.8932	891.37
890.3353	891.9175
890.398	892.1642
890.4915	892.1227
890.8326	892.2971
891.3668	892.9561
891.4101	893.1078
891.4283	893.431
891.4608	893.6533
891.6769	893.7662
891.9101	893.6744
891.9495	893.7951
892.1956	893.8095
892.3306	894.0066
893.0608	894.5909
893.5025	895.1063
893.8299	895.2335
894.0512	895.8222
894.1509	896.0655
894.2684	895.728
894.2959	896.0221
894.5343	895.9145
894.6314	896.1461
895.2075	896.5199
896.3957	898.0013
896.4254	897.8974
896.6297	898.2301
897.1614	898.6731
897.433	899.1152
897.5757	899.0989
897.5964	899.2395
897.7408	899.4466
897.8409	899.5241
898.5874	900.0965
898.8926	900.597
899.1607	900.8902
899.1767	900.8383
899.7849	901.382
899.9701	901.9523
900.0785	902.088
900.3043	902.1323
900.3464	902.3105
900.615	902.3323
901.0737	902.5519
901.4253	903.2309
901.4263	903.231
901.9366	903.3566
902.0059	903.773
902.0832	903.831
902.0886	903.9446
902.2309	904.4091
902.2931	904.4436
902.3219	904.2432
902.9432	904.5989
902.9735	905.0087
903.021	905.2951
903.0259	905.0454
903.1371	905.3511
903.2063	905.6419
903.455	905.6596
903.6004	905.6372
903.8305	905.48
904.5784	906.2985
904.608	906.1969
904.9229	906.5294
905.5717	907.4034
905.5772	907.2343
905.6989	907.4157
906.112	907.972
906.6979	908.2228
906.7241	908.2683
906.9297	908.6078
907.2298	908.6775
907.9657	909.5837
908.136	909.9296
908.1387	910.0191
908.3225	909.9765
908.6787	910.352
908.7434	910.16
908.9538	910.4581
909.0189	910.8197
909.1944	910.7417
909.4511	911.1382
909.7109	911.3166
909.7435	911.4657
910.2048	911.7257
910.2725	911.7484
911.2134	912.7111
911.3576	912.9447
911.6785	913.501
911.7374	913.4579
911.8528	913.6157
912.2472	913.7885
912.7427	914.3009
912.7657	914.5289
912.8666	914.6249
913.4994	915.2444
913.5234	915.2218
913.8084	915.4471
914.0303	915.5044
914.1308	915.5971
914.5146	916.3262
914.6786	916.5254
914.6964	916.5277
915.11	916.6297
915.1487	916.8854
915.2421	917.0715
915.2547	917.0973
915.8517	917.466
915.9541	917.5119
916.0374	917.7023
916.3283	918.3063
916.3428	918.119
916.4851	918.1336
916.8145	918.2082
917.5148	919.1926
917.7129	919.5903
917.7332	919.6284
917.7963	919.5026
918.0864	919.7611
918.4563	920.0509
918.5851	920.4386
918.649	920.363
918.7214	920.402
919.2122	920.7801
919.3169	920.751
919.5445	921.1107
919.8969	921.585
920.1316	921.7688
920.712	922.3848
921.4232	922.8006
921.4943	922.8592
921.6376	923.1051
922.0012	923.6532
922.5201	924.2931
922.5707	924.272
922.8597	924.3607
923.0085	924.5525
923.1096	924.5994
923.3902	924.9849
923.5677	925.6636
923.5731	925.6543
923.6061	926.0353
923.6549	926.1829
923.6914	926.0867
923.9693	926.1675
924.2144	926.4084
924.3833	926.2987
924.884	926.5861
924.9211	926.5335
924.9689	926.6584
925.2328	926.8648
925.2879	927.2679
925.3026	926.9391
925.4264	927.0554
925.5418	927.3264
926.1182	927.8106
926.224	927.807
926.4307	928.0655
926.4716	928.0012
926.933	928.5299
926.9508	928.624
927.6484	929.3225
927.8073	929.186
928.7441	930.4775
928.8072	930.5333
929.1633	930.8465
929.2737	930.924
929.2889	931.0296
929.4914	931.0872
929.5807	931.1839
929.8883	931.3321
930.0708	931.522
930.2089	931.6703
930.9872	932.6884
931.3462	933.0016
931.4527	933.277
931.5294	933.2057
932.4524	934.0853
933.2788	934.7007
933.7396	935.1869
933.8001	935.6641
933.8676	935.6309
934.2878	935.6964
934.3435	935.9851
935.4648	937.0676
935.6773	937.3109
935.9533	937.4746
936.2609	937.7912
936.3862	937.9514
936.412	938.0331
936.5988	938.393
936.6362	938.3243
936.6747	938.4098
936.8223	938.6559
937.5701	939.0803
937.5934	939.135
937.6941	939.2258
937.7822	939.4843
938.3722	939.7314
938.746	940.0986
938.8249	940.5268
939.1792	940.9733
939.1869	940.943
939.1943	941.3839
939.4165	941.2251
939.7078	941.4141
940.0896	941.6397
940.2653	941.8814
940.3789	941.8815
940.4225	941.8996
940.7344	942.1664
940.8643	942.6131
940.9198	942.6997
940.9419	942.8158
941.5584	942.9624
941.6762	943.5353
941.689	943.3789
942.0901	943.5775
942.3059	943.7312
942.4048	944.0638
942.5964	944.8089
942.8009	944.8299
942.906	944.7347
943.4336	945.0258
943.4389	945.4622
943.6875	945.225
943.7351	945.4956
944.1169	945.8368
944.2799	945.9758
944.8125	946.6562
944.9376	946.5897
945.0887	946.6888
945.1432	946.8941
945.1984	946.917
945.2965	946.935
945.7533	947.2585
946.1816	947.8864
946.277	948.0154
946.5459	948.0708
947.1769	948.652
947.4499	948.9518
948.2505	949.6999
948.6787	950.3171
948.7886	950.4258
948.9576	950.6218
949.0814	950.7163
949.4616	951.1251
950.2352	951.7422
950.5835	952.2457
951.1903	952.8669
951.1976	952.7302
951.9015	953.4155
952.0295	953.7149
952.2286	954.2201
952.4474	954.17
952.9776	954.4258
954.1773	955.5985
954.4453	956.5077
954.4842	956.3869
954.584	956.1861
954.7311	956.6323
954.8749	956.5734
955.0515	956.7559
955.7808	957.2005
955.9172	957.5506
956.171	957.6329
956.2696	958.0637
956.2769	957.8157
956.3269	957.8885
956.5711	957.9994
957.1911	958.6061
957.3166	958.8202
957.5363	958.9633
958.3586	959.8169
958.6767	960.0948
959.2227	960.6732
959.2468	960.8524
959.7267	961.5032
960.2305	961.7176
960.5161	962.06
960.5732	962.4207
960.6897	962.7587
960.6927	962.8748
960.76	963.3467
960.8112	963.288
961.0778	963.1534
961.1892	962.9915
961.2661	963.3758
961.7154	963.3098
962.034	963.6339
962.321	964.169
962.332	963.985
962.3564	964.0923
962.5043	964.6972
962.5315	964.6457
962.5458	964.5112
962.7916	964.5674
963.4475	964.9442
963.835	965.4974
963.8381	965.568
963.9263	965.6864
964.1901	965.7886
964.1966	965.6353
964.5044	966.0633
965.1232	966.5715
965.1758	966.8635
965.7448	967.404
965.8317	967.2932
966.0815	967.9106
966.1034	967.8823
966.2137	968.0015
966.4769	968.2684
966.5097	968.2456
966.6361	968.3158
967.2011	968.7717
967.3621	968.823
967.4655	969.1668
968.3726	969.9185
968.8438	970.407
968.939	970.5584
969.0291	970.6179
969.1664	970.9189
969.2027	970.8936
969.4018	970.9198
969.4781	971.0467
969.4816	971.1967
969.6584	971.2461
969.896	971.4818
970.0548	971.6952
970.2195	971.8841
970.6398	972.2009
971.0873	972.7549
971.1262	973.0573
971.1927	973.2363
971.2239	973.0293
971.27	973.292
971.4534	973.3479
972.0281	973.5189
972.9072	974.2656
973.0013	974.6829
973.0943	974.6007
973.9052	975.4785
973.9906	975.7037
974.1791	975.835
975.0262	976.5625
975.4276	977.0812
975.4927	976.982
975.7179	977.3279
976.0171	977.6347
976.0523	977.667
976.1754	978.1241
976.3168	978.0647
976.6043	978.0792
976.8678	978.577
976.9115	978.6071
977.3488	978.8982
977.3653	979.0909
977.3894	979.1954
978.0009	979.7283
978.0724	980.3698
978.0976	980.328
978.2052	980.8482
978.3423	981.0069
978.4085	981.1892
978.5481	981.2111
978.6167	981.141
978.6837	981.4131
978.7613	981.2501
979.1553	981.6104
979.1942	981.5048
980.2379	981.7309
980.4605	982.0109
980.8268	982.6458
980.8283	982.6943
980.9158	983.17
980.9758	982.9611
981.0054	983.0978
981.0157	983.0218
981.3937	983.1179
981.9919	983.4716
982.0961	983.7953
982.1362	983.6295
982.2363	983.8942
982.7853	984.6028
983.0421	984.5779
983.3306	984.72
983.4135	984.7603
983.6213	985.3121
983.6284	985.2323
983.7854	985.3573
983.9281	985.5811
984.1269	986.0132
984.1668	986.0527
984.4168	986.3361
984.5109	986.4943
984.5178	986.4391
984.6912	986.6022
984.8161	986.7229
984.9301	987.1957
984.9735	987.2672
985.0616	987.3588
985.2336	987.3865
985.3914	987.3065
985.7047	987.3949
985.9004	987.4251
986.0457	987.7884
986.2783	987.9263
986.2907	987.9524
987.014	988.4829
987.1733	988.6206
987.517	989.0425
987.5855	989.3539
987.6291	989.4667
987.6594	989.6934
987.8388	989.7692
988.1983	989.8987
988.2363	989.8678
988.2557	989.9516
988.9456	990.4616
989.2694	990.6362
989.9326	991.4758
990.3586	991.9939
990.3689	992.0789
990.5717	992.3292
990.663	992.6106
990.7356	992.7071
990.8219	992.819
990.8715	993.0975
991.047	992.9982
991.0538	993.2351
991.0984	993.1941
991.2044	993.2934
991.2976	993.4004
991.9994	993.5065
992.0709	993.6772
992.1501	993.9263
992.3972	994.0981
992.6051	994.0283
992.7684	994.3798
993.3623	994.9563
993.5119	995.3092
993.6289	995.395
993.7166	995.3025
993.7676	995.7066
994.1033	995.6599
994.5737	996.2238
995.1908	996.817
995.2097	996.7675
995.5208	996.9651
995.5544	997.2198
995.8796	997.4006
996.5125	998.1884
996.5396	998.1711
996.6167	998.5212
996.6428	998.8978
996.7492	998.6492
996.8809	999.128
996.9479	998.9411
997.0687	999.1196
997.6436	999.2152
997.9553	999.4551
998.4308	999.9265
