0.1568	1.8927
0.4956	2.1728
0.5116	2.1329
0.5924	2.3581
0.7523	2.3344
0.9367	2.729
0.9632	2.6721
1.1838	2.9113
1.6161	3.1053
1.6818	3.1917
2.0759	3.5058
2.2881	3.77
2.3422	4.1231
2.3979	4.0186
2.4284	4.0319
2.7667	4.323
2.8792	4.551
3.2073	4.552
3.6892	5.1616
3.7792	5.3194
4.1179	5.6245
4.3563	6.2335
4.4204	6.2894
4.8757	6.4501
5.0237	6.5719
5.3513	7.0642
5.4408	7.1035
5.6282	7.2355
6.1714	7.686
6.6137	8.2619
6.9369	8.4637
7.2121	8.7203
7.3521	8.6862
7.7525	9.3148
7.8248	9.4199
7.9496	9.5681
8.046	9.7938
8.3755	9.8789
8.6868	10.565
8.6933	10.5076
8.7316	10.6038
8.7374	10.699
8.7849	11.0017
8.8237	10.7113
9.0907	11.1801
9.3295	10.823
9.5537	11.3635
9.5783	11.2483
9.8756	12.0166
9.8758	11.9622
10.0751	11.8547
10.5569	12.2384
10.6297	12.2476
10.7409	12.3035
10.9427	12.3686
11.1676	12.956
11.558	12.9954
12.2909	13.9211
12.2919	13.9762
12.473	13.9402
13.1093	14.8349
13.516	14.8758
13.8634	15.516
14.267	15.6517
14.3614	15.7896
14.9819	16.6789
14.9908	16.7137
15.3128	17.1103
15.5377	17.104
15.8128	17.506
15.9093	17.6224
15.9469	17.8429
16.04	17.8186
16.111	18.0293
16.5192	18.3232
17.1715	19.1027
17.1735	19.1614
17.2182	19.1331
17.2836	19.0978
17.4132	19.4762
17.485	19.584
17.6607	19.7769
17.6917	19.6876
17.7719	19.8611
18.0658	19.9994
18.2908	19.9074
18.7021	20.1644
19.0711	20.5478
19.2739	20.8298
19.3678	21.0746
19.4045	21.148
19.4144	21.1232
19.9609	21.4549
19.9855	21.6178
20.1928	21.9526
20.2378	21.7634
20.3628	21.93
20.8145	22.3476
21.0355	22.4615
21.7101	23.3858
22.1649	23.89
22.3233	23.8883
22.3606	23.9927
22.8374	24.381
23.3577	25.294
23.3658	25.0591
23.3937	25.1597
23.3944	25.3431
23.6931	25.5542
23.9768	25.6952
24.2631	25.9917
24.3526	26.1148
24.9639	26.3491
25.2257	26.7137
26.1672	27.6694
26.306	28.0112
27.0856	28.4546
27.2589	28.7921
27.6618	29.0636
27.7641	29.3169
27.829	29.3678
28.0963	29.6005
28.1732	29.5942
28.2943	30.0518
28.2974	30.1433
28.8882	30.625
28.8958	30.5125
29.65	31.2041
29.7831	31.3684
29.8618	31.4287
30.1799	31.7903
30.4603	32.2953
30.4764	32.009
30.7754	32.1881
31.1312	32.9552
31.2041	33.2564
31.2073	33.3965
31.2646	33.1764
32.1599	33.6359
32.3535	33.924
32.571	34.3236
33.4521	35.0369
33.7076	35.466
33.7844	35.446
34.4533	36.1992
34.5769	36.5368
34.6787	36.2356
35.0934	36.8166
35.2846	36.9071
35.8724	37.415
36.2784	37.8292
36.3187	38.0226
36.5759	38.0248
36.6581	38.0571
36.8625	38.5097
36.9105	38.7393
37.002	38.7483
37.0177	38.9084
37.1459	38.939
37.3263	38.8312
37.5714	39.1447
38.0289	39.5129
38.1878	39.8392
38.3637	39.8985
38.6522	40.1929
39.029	40.6148
39.8019	41.3901
39.9861	42.3319
39.9978	42.0099
40.0004	41.8893
40.0527	41.837
40.1173	42.145
40.2633	42.3013
40.7986	42.4386
40.9367	42.4498
41.1135	42.5486
41.556	43.3163
41.7521	43.4548
41.7563	43.5497
42.5959	44.3299
42.7101	44.151
42.883	44.3852
43.1001	44.7921
43.2993	45.1508
43.3514	45.1649
43.5031	45.2008
43.6941	45.1548
43.7991	45.2337
43.8918	45.6984
43.9151	45.918
44.2156	45.7827
44.3599	46.0831
44.5492	46.3609
44.6111	45.992
44.8584	46.3039
45.3395	46.8571
45.5068	47.5055
45.5552	46.9807
45.7862	47.505
45.8814	47.4297
46.1044	47.7272
46.1468	47.8502
46.3381	48.0001
46.3525	48.2247
46.6497	48.6598
46.8128	49.0345
46.8333	48.967
47.1962	49.173
47.2634	49.196
47.8953	49.4444
47.9738	49.3994
48.104	49.6819
48.3574	50.1345
48.3776	50.1802
48.4383	50.629
48.6483	51.4461
48.6603	51.5942
48.8489	51.6372
48.8558	51.0631
48.942	51.0102
49.5909	51.6626
49.733	51.4437
49.8668	51.5673
49.9958	51.7478
50.224	51.7141
50.5816	51.9479
50.8677	52.3552
51.3526	52.9416
51.7452	53.1675
51.8673	53.4157
52.0407	53.6382
52.118	54.0132
52.1783	54.0093
52.5008	54.1202
52.6439	54.1973
52.7996	54.5213
53.1226	54.6973
53.6109	54.9608
53.8521	55.4384
54.2396	55.5999
54.517	55.9408
54.9173	56.349
55.3404	57.0243
55.4799	56.9627
55.7615	57.355
56.1172	57.6398
56.2801	57.8194
56.7936	58.8162
56.9531	58.8274
56.9719	58.8816
57.0699	58.8392
57.3145	59.0872
57.7493	59.4256
57.8275	59.4687
57.8954	59.6824
58.0637	59.8203
58.3064	59.9144
58.4048	60.0296
58.663	60.2968
59.083	60.6717
59.8948	61.4314
59.9987	61.6743
60.3892	62.0708
60.4993	62.0401
60.7884	62.2122
61.8163	63.3045
62.1564	63.8367
62.2382	63.9687
62.3718	63.9578
63.5833	65.1051
63.6513	65.2605
63.769	65.279
63.9961	65.4224
64.6217	65.9911
65.2944	67.0367
65.3206	67.0987
65.5919	67.5564
65.6697	67.8383
65.6793	67.6432
65.7738	67.8644
65.844	67.9898
66.01	68.1206
66.4048	68.3797
66.6081	68.3886
66.916	68.3484
67.1073	68.999
67.1393	68.8168
67.1611	69.0213
67.3091	69.1118
67.3148	69.1734
67.4047	69.3394
67.5095	69.6909
67.5334	69.4593
67.7616	69.6511
67.8125	69.8421
67.9904	69.9186
68.188	69.9659
68.2229	70.1358
68.9764	70.5032
69.0621	71.0583
69.0764	71.0581
69.7841	71.3735
69.8799	71.3871
70.1649	71.611
70.4477	71.8977
70.8108	72.4552
70.9981	72.6577
71.2512	73.0143
71.2962	73.0476
71.4419	72.9548
71.7281	73.1257
71.9571	73.7268
72.3847	73.9781
72.4491	74.3059
72.4827	74.0187
72.6296	74.2971
73.0323	74.5506
73.0802	74.7967
73.5161	75.1162
73.5814	74.998
73.8161	75.3342
74.0534	75.4961
74.1572	75.9052
74.1862	76.0784
74.2074	76.0607
74.4545	76.0722
74.8628	76.6152
74.8801	76.5984
75.1658	76.6969
75.5603	76.9552
76.0865	77.5894
76.4596	77.8862
76.5786	77.9681
76.6756	78.2109
76.9365	78.6306
77.2539	78.764
77.5425	79.371
77.598	79.4497
77.8027	79.5986
78.3662	80.041
78.7467	80.0736
79.3434	80.8565
79.4397	81.3082
79.4709	81.3527
79.6939	81.3786
81.2709	82.8954
81.4636	82.8178
81.8001	83.2376
81.8894	83.4204
82.1095	83.5926
83.0027	84.6844
83.5842	85.0706
84.1306	85.6492
85.0354	86.6852
85.1376	86.7245
85.3848	87.0615
85.7061	87.5941
85.7078	87.9815
85.768	88.3495
85.819	88.3557
85.8516	88.3269
85.874	88.0083
86.191	87.9945
86.2808	88.047
87.1157	88.8528
87.2837	89.1488
87.3687	89.1745
87.436	89.7469
87.4519	89.7078
87.5322	89.7478
87.5495	89.6852
87.6329	89.8501
87.8454	90.1114
87.8859	89.9868
87.9684	90.0834
88.0349	90.1335
88.2553	90.2131
88.4301	90.5238
88.9577	90.3759
89.0112	90.5465
89.0506	90.6533
89.3505	90.7908
89.4659	91.2179
89.4865	91.1182
89.5623	91.5392
89.7053	91.4058
89.9341	91.4124
90.2535	91.9625
90.4458	92.2194
90.7824	92.2221
91.0937	92.6066
91.4704	92.8648
91.7618	93.3815
92.2846	94.0179
92.831	94.307
93.2469	94.7198
93.3936	94.9605
93.5349	95.1116
93.7661	95.5697
94.1888	95.7816
94.3438	95.8394
94.914	96.3853
95.3295	96.9172
95.3708	97.0372
96.5772	98.0603
96.7052	98.2048
97.0479	98.714
97.4405	98.9401
97.6511	99.4189
97.678	99.2912
97.9545	99.652
98.0259	99.6373
98.1536	99.6794
98.4285	100.2929
98.4374	100.1069
98.7671	100.4034
98.7993	100.498
99.0223	100.516
99.2262	100.626
99.4218	101.1611
99.4756	101.2855
99.4869	101.5808
99.5836	101.6195
99.5908	101.7827
99.7493	101.653
100.278	101.8424
100.3868	101.9491
100.5016	101.8941
100.7428	102.2916
101.0034	102.4723
101.2636	102.9762
102.2327	103.5668
102.3996	103.8957
102.5905	104.0336
102.6108	104.3697
103.1269	104.9162
103.1353	104.9053
103.1746	105.1775
103.3858	105.6795
103.4952	105.7064
103.5282	105.6803
103.7386	105.6716
104.1153	105.8415
104.4494	106.2285
104.4625	106.1766
104.6691	106.4079
104.8742	106.7329
105.3292	107.0599
105.3311	106.9807
105.6915	107.2421
105.8068	107.5624
105.8805	107.6603
105.8952	107.5695
106.1755	107.8084
106.27	107.9265
106.4864	108.0109
106.7011	108.2746
107.1227	108.6021
107.2174	109.075
107.2888	109.0074
107.8727	109.6612
107.9475	109.7528
107.9809	109.8526
108.132	109.9177
108.6235	110.1816
108.9993	110.5332
109.0462	110.7392
109.3705	111.0089
109.6023	111.231
109.9468	111.7049
110.0307	111.8549
110.0925	111.7595
110.1565	111.7692
110.3545	112.0591
110.3855	112.1075
110.9685	112.3945
111.0747	112.8399
111.0963	112.9419
111.3179	113.2638
111.3556	113.0502
111.4528	113.1367
111.5594	113.438
111.8223	113.7399
111.8394	113.6532
111.8773	113.5935
112.5847	114.1182
112.7294	114.1485
112.8625	114.536
113.5881	115.0128
113.9131	115.4182
114.8321	116.301
115.0609	116.6596
115.1434	116.9052
115.2104	116.867
115.2664	117.1154
115.5104	117.4168
115.8965	117.692
116.1181	117.7979
116.4332	117.8633
116.6306	118.1544
116.8879	118.2415
117.6755	119.2149
117.6879	119.2902
117.992	119.5494
118.5174	119.9011
118.8285	120.8081
118.86	120.6684
118.9995	121.0304
119.1375	121.0676
120.1115	121.7859
120.419	121.7441
120.8292	122.5868
120.8442	122.43
121.3408	123.1617
121.5403	123.1266
122.1166	123.8932
122.1552	124.1343
122.2282	124.3623
122.2325	124.1527
122.2773	124.5006
122.4786	124.2981
122.991	124.5178
123.1828	124.5901
123.5055	125.1144
123.5452	125.3431
123.5931	125.8728
123.6844	125.89
124.0622	125.8213
124.3462	125.9985
124.4444	126.0938
124.4583	126.2471
124.6126	126.452
124.8454	126.5274
124.9257	126.8734
124.9605	126.9438
125.1697	126.9644
125.1764	127.0113
125.2071	127.1275
125.2553	127.0945
125.6721	127.472
125.698	127.7563
125.7136	127.8939
125.7398	127.7189
126.0156	128.0954
126.1934	128.2812
126.3224	128.4418
126.3579	128.4555
126.37	128.5546
126.5564	128.5706
126.7164	128.5314
126.7491	128.7599
126.783	128.6695
127.4187	129.0403
127.6834	129.0657
127.7193	129.1457
127.9359	129.5102
127.9946	129.6017
128.2289	129.6441
128.4538	130.25
128.5415	130.1087
128.6011	130.2367
129.0866	130.4688
129.1945	130.6331
129.3247	130.9252
129.3782	130.8406
129.6048	131.3249
129.9223	131.4563
130.6111	132.0698
130.7577	132.3066
130.8203	132.5022
130.9009	132.9694
130.959	133.2705
130.9992	133.2474
131.1002	132.9792
131.2986	133.5646
131.356	133.6003
131.4618	133.7627
131.4975	133.9777
131.508	133.8492
131.6883	133.9554
131.749	134.0765
131.8365	134.2313
132.1707	134.3726
132.3307	134.5959
132.3801	134.4734
132.5579	134.9222
132.5751	134.6502
132.7512	134.9161
133.325	134.9222
133.6274	135.0866
133.7656	135.197
133.8877	135.5417
133.9294	135.5682
134.0549	135.834
134.5404	136.2868
134.6717	136.2643
134.7225	136.2926
135.3628	136.8624
135.649	137.2414
135.7531	137.3298
136.2794	137.9303
136.8428	138.3644
137.0123	138.5867
137.6792	139.0689
138.1887	139.7506
138.4497	140.2945
138.5222	140.1901
138.6715	140.3816
138.763	140.481
139.0031	141.0043
139.0171	140.6735
139.025	140.9759
139.2371	140.9502
139.5463	141.0068
139.7428	141.2445
140.5577	142.3677
140.5583	142.4116
141.2069	143.0818
141.2194	143.0672
141.2244	143.3855
141.2608	143.4476
141.8164	143.921
141.9111	143.9765
141.9458	144.1107
142.1949	144.303
142.4227	144.171
143.918	145.4683
144.0461	145.618
144.306	145.9297
144.3806	145.8702
144.6095	146.3063
145.0273	146.5946
145.0441	147.0386
145.2511	146.9287
145.2687	147.0211
145.5274	147.0339
145.7705	147.4804
145.9509	147.5578
146.1163	147.7546
146.1873	147.7622
146.6247	148.0668
147.0534	148.7694
147.1803	148.6783
147.3973	149.1922
147.472	149.2232
147.6296	149.2378
148.0486	149.8154
148.1137	149.862
148.6824	150.102
149.0235	150.5981
149.1927	151.0427
149.2309	151.0292
149.2692	150.9704
149.6436	151.3603
149.6845	151.5627
149.6865	151.6649
149.7579	151.396
150.064	151.4322
150.3177	151.8466
150.6184	152.3368
150.6647	152.3275
151.2159	152.7463
151.48	152.9551
151.6531	153.0679
151.9356	153.4685
152.0145	153.5302
152.0986	153.6838
152.7036	154.2175
152.7756	154.3408
153.222	154.8916
153.6139	155.1412
153.7106	155.1255
154.216	155.7172
154.3384	155.8314
154.5564	156.0085
154.7724	156.1806
154.8744	156.4622
155.1029	156.5266
155.4131	157.0522
155.8631	157.5494
155.9645	157.4968
156.2301	157.7627
156.5353	158.1699
156.842	158.7823
156.8708	158.7192
156.9265	158.5263
157.1755	158.785
157.3505	158.9801
157.517	159.1194
158.088	159.7383
158.1291	159.7914
158.1752	159.7944
158.4914	160.0562
158.5396	160.3532
158.5818	160.3176
158.6799	160.2099
158.998	160.5474
159.3422	160.7724
159.6402	161.1754
159.8606	161.3419
160.8804	162.6111
161.5187	163.1094
161.6049	163.3739
161.6983	163.3175
161.8884	163.6921
161.961	163.9214
161.9643	163.7415
162.2866	163.6159
162.4845	163.9695
162.8416	164.5987
162.8511	164.5893
162.9295	164.9853
163.0262	164.8099
163.0861	165.0363
163.1686	165.2572
163.3006	165.3335
163.7075	165.3717
163.7596	165.3213
163.8457	165.5911
163.9197	165.4342
164.6866	166.0035
164.9039	166.7311
164.9374	167.4454
164.9408	167.2939
164.9794	167.2542
164.9861	167.2436
165.1653	167.2223
165.6203	167.4247
166.0393	167.5489
166.0707	167.8987
166.2988	167.9121
166.4544	167.9661
166.6386	168.016
166.7975	168.3009
166.87	168.292
167.0716	168.4541
167.2553	168.7185
167.5691	169.1027
167.8686	169.4118
168.3347	169.8886
168.4412	170.1034
168.7982	170.4095
169.4228	170.9918
169.5229	171.1086
169.9746	171.6365
170.0067	171.889
170.0647	172.1277
170.1256	172.2089
170.1951	172.2716
170.498	172.1793
171.6447	173.1566
172.062	173.5124
172.499	174.3479
172.6505	174.2751
173.0962	174.5608
173.1235	174.7115
173.5448	175.0483
174.2005	175.9404
174.4792	175.9896
174.5582	176.2022
175.4288	176.8548
176.1504	177.6454
176.3126	177.7547
176.509	178.1211
176.5416	178.1039
176.5989	178.3285
176.9402	178.5145
177.6722	179.1
178.0841	179.5575
178.3804	180.0283
178.7469	180.391
179.1763	181.0547
179.1796	181.1534
179.1818	180.9341
179.4017	181.4872
179.4748	181.1381
179.5355	181.4454
179.5522	181.2125
179.7945	181.3973
179.9416	181.6658
179.9859	181.9646
180.0479	181.6861
180.1453	181.9208
180.4605	181.9459
180.9209	182.3949
181.3363	182.7788
181.3557	182.8674
181.5954	183.43
181.6538	183.6774
181.6541	183.3982
182.0063	183.6886
183.1791	184.6538
183.4104	184.8926
183.441	185.2975
183.6673	185.4233
183.6762	185.449
183.8574	185.5792
183.9454	185.8347
183.9492	185.7496
184.3502	185.753
184.4156	185.9413
184.709	186.4269
184.7287	186.6415
184.8603	186.8585
184.8948	186.6696
184.9521	186.9653
185.3457	186.9486
185.6502	187.2664
185.911	187.6129
186.2051	187.6856
186.3649	187.8742
186.7462	188.4462
186.7493	188.3765
186.8271	188.706
186.8898	188.5237
187.5982	189.4141
187.7656	189.41
188.865	190.5575
188.9454	190.7559
189.1371	191.0283
189.1641	191.0604
189.6883	191.1915
189.9058	191.2922
190.163	191.531
190.7651	192.2651
191.0778	192.657
191.3974	192.7804
191.5442	193.1522
191.6461	193.351
191.9958	193.5815
192.0333	193.6811
192.2815	193.8421
192.5393	194.1608
192.8078	194.3457
193.3354	195.037
193.3592	194.9997
193.4033	195.0949
193.4187	195.2208
193.7	195.2711
193.9123	195.6281
194.1155	195.8021
194.1263	195.8555
194.4694	195.9869
194.5034	196.2559
194.5093	196.3196
194.5937	196.3072
195.0856	196.9408
195.1031	196.7972
195.1778	196.842
195.2732	197.0626
195.3986	197.2471
195.4651	197.3409
195.4699	197.1746
196.4465	198.0512
196.7391	198.3844
197.8579	199.6119
197.9449	199.7329
198.0597	199.7863
198.2413	200.0082
198.5207	200.1693
198.7221	200.311
199.1673	200.8022
199.6725	201.3306
199.9672	201.5249
200.0644	201.6827
200.314	201.9679
200.5106	202.6059
200.5861	202.2855
200.6552	202.6311
200.6632	202.7761
200.9854	202.8011
201.0751	202.6664
201.3508	203.0876
201.6092	203.3473
201.6313	203.5054
201.6625	203.4604
201.7333	203.6518
201.8432	203.5734
202.4274	204.0724
202.588	204.2845
202.7466	204.2953
202.9645	204.5856
203.2031	204.9761
203.3879	205.032
203.4237	204.886
204.0988	205.7002
204.3902	206.1454
205.1747	206.7041
205.3018	206.9056
205.8829	207.3428
206.14	207.5076
206.274	207.9155
206.2869	208.0911
206.3502	208.177
206.805	208.6757
206.8313	208.6684
206.8937	208.812
206.9818	208.6981
207.1009	208.8887
207.8495	209.4735
207.8785	209.2928
208.7739	210.3962
208.8099	210.5664
209.2625	210.7912
209.3711	210.9437
210.2718	211.603
210.6496	212.1103
210.8474	212.6109
210.8726	212.7441
211.6596	213.2169
211.8101	213.2896
211.9682	213.5303
212.055	213.5216
212.1911	213.9104
212.3572	214.058
212.523	214.4421
212.5971	214.4019
212.6762	214.3707
212.941	214.6757
213.2352	214.7062
213.4807	215.0667
213.7068	215.1338
213.901	215.4606
213.9821	215.6908
214.0372	215.7764
214.2526	215.7927
214.5539	216.112
214.6378	216.3085
214.6948	216.5334
214.7756	216.6627
215.572	217.3838
215.5806	217.1622
215.7829	217.3604
216.0357	217.7706
216.1129	217.5794
216.3129	217.7883
216.4912	218.2489
216.8023	218.198
216.931	218.3163
217.0607	218.635
218.0505	219.6512
218.1341	219.9244
218.2492	220.0458
218.2776	220.0279
218.389	220.454
218.5823	220.7257
218.614	220.5494
219.0114	220.6321
219.2203	220.9085
219.7423	221.3971
219.8656	221.7101
220.0104	222.0797
220.0162	221.9508
220.0164	221.8092
220.1022	222.0892
220.7171	222.7276
220.9576	222.9324
221.284	223.0008
221.3858	223.3445
221.4781	223.1724
221.8933	223.5361
222.3185	223.6938
222.4016	224.095
222.5299	224.0563
222.6359	224.3048
222.723	224.3571
222.9291	224.7807
222.9664	224.8125
223.0059	224.938
223.2791	225.0225
223.3825	224.9444
223.8437	225.2539
223.9374	225.5298
224.7251	226.3146
224.7433	226.3902
225.0488	226.5899
225.0772	226.8362
225.2098	227.1632
225.2694	227.0834
225.4806	227.2733
225.6645	227.2469
225.702	227.2948
226.2364	227.9807
226.5004	228.2962
226.522	228.1169
226.792	228.273
227.3481	228.7385
227.5358	229.1433
227.5379	229.3758
227.6189	229.7693
227.64	229.8474
227.7862	229.5675
227.7898	229.8659
228.1658	229.9583
228.2437	230.1601
228.3333	230.1178
228.7298	230.2697
229.1063	230.6979
229.8095	231.448
230.497	232.3068
230.5085	232.3842
230.8843	232.4563
231.0189	232.7466
231.0207	232.7539
231.762	233.1611
231.8947	233.6031
231.9795	233.6745
231.9967	233.6696
232.3333	234.0203
232.3419	234.2485
232.5843	234.2351
232.6532	234.4772
232.7301	234.5568
232.7939	234.7997
232.8505	235.0079
232.8949	235.0216
232.9474	235.0893
233.2606	235.1239
233.8348	235.7112
233.8886	235.6846
234.0859	235.7727
234.1086	235.7603
234.2163	236.1051
234.3802	235.874
234.6931	236.3517
235.2207	236.7823
235.8805	237.4884
236.8574	238.4935
236.8973	238.8216
236.8979	238.7703
236.9163	239.0928
237.0624	239.5204
237.1913	239.5419
237.2136	239.4518
237.2342	239.6375
237.2729	239.7424
237.4883	239.6272
237.5549	239.5488
237.9239	239.8329
238.0229	239.8528
238.0236	239.8955
238.4011	240.1751
238.4568	240.2535
238.5598	240.1361
238.8032	240.436
238.8087	240.7673
238.9593	240.7464
239.0534	240.8956
239.2949	241.1137
239.3835	241.2169
239.4911	241.2681
239.5662	241.4118
239.8319	241.222
240.1169	241.8251
240.2972	241.8714
240.3406	242.0773
240.4778	242.3011
240.5518	242.0792
241.0274	242.5741
241.638	243.3514
241.8227	243.5094
242.1799	243.614
242.5829	244.0768
242.7404	244.3242
242.78	244.5018
242.9189	244.6815
243.5075	245.0812
244.2778	245.613
244.5688	246.0268
245.0674	246.7618
245.1963	246.7546
245.4092	247.056
245.5596	247.5302
245.6968	247.7405
245.7298	247.9371
245.8019	247.8809
245.9721	247.9059
246.376	247.7875
246.877	248.2207
247.1677	248.9785
247.2966	248.9181
247.3283	249.51
247.3774	249.4999
247.4928	249.8312
247.5371	249.6078
247.8494	249.8345
247.8703	249.6992
248.2744	249.9317
248.4681	249.9943
248.5588	250.1252
249.0047	250.5493
249.4021	250.8346
249.5437	251.1856
250.4682	252.2034
250.702	252.1348
251.1051	253.0044
251.1539	253.2807
251.1643	253.1458
251.3755	253.393
251.5022	253.3625
251.6672	253.4508
251.7942	253.4903
252.5421	254.0947
252.6818	254.3416
253.0127	254.6131
253.1035	254.6648
253.1971	254.7261
253.3066	254.9533
253.4356	255.1048
253.4968	255.0982
253.5536	255.3375
253.84	255.348
254.0221	255.4909
254.3434	255.7305
254.44	256.0003
254.4935	256.1188
254.524	256.1296
254.6652	256.2714
254.8262	256.3837
254.8469	256.4203
255.7088	257.2641
255.9671	257.6072
255.9956	257.8411
256.9107	258.3036
257.0497	258.641
257.2573	258.8174
257.8011	259.1887
258.5723	260.0891
258.6514	260.2119
258.6962	260.3112
259.0989	260.6211
259.6757	261.0019
259.8345	261.3651
259.868	261.486
259.9192	261.6425
260.3246	262.2017
260.3365	262.2917
260.3383	262.3378
260.5304	262.4221
260.8727	262.5495
261.2662	262.8434
261.4029	262.7812
261.5748	263.0592
261.6532	263.283
261.6749	263.2463
261.9921	263.6303
262.7575	264.3494
263.4357	264.9131
263.713	265.3479
263.8591	265.3564
263.9868	265.9364
264.0107	265.6603
264.0189	265.9122
264.3243	266.0701
264.3945	266.1684
264.4957	266.3107
264.5168	266.4273
265.0142	266.5019
265.0934	266.7501
265.2745	266.9035
265.4161	266.853
265.6615	267.1361
265.8998	267.3203
265.9547	267.491
266.1495	267.622
266.332	267.9417
266.7159	268.1898
267.7953	269.3249
267.8385	269.3684
268.178	269.7814
268.1947	269.8729
268.456	270.0243
268.6363	270.0759
269.0401	270.5179
269.2626	270.7793
270.046	271.6362
270.3694	271.9559
271.056	272.4371
271.3134	272.8363
271.345	273.0851
271.5355	272.98
271.6686	273.5699
271.688	273.6301
271.6959	273.6907
271.8748	273.5699
272.6883	274.3832
272.7442	274.2612
273.0453	274.7081
273.064	275.1115
273.0916	275.1058
273.1474	275.1251
273.172	275.2626
273.7463	275.2767
274.2098	275.7589
274.7973	276.1849
275.0095	276.6398
275.1671	276.635
275.6098	277.2125
276.1954	277.7262
276.2849	277.9973
276.3531	278.0009
276.4899	278.1855
276.5204	278.1598
276.6707	278.2338
276.7976	278.3394
276.9737	278.6171
277.0855	278.7325
277.2244	279.102
277.2329	279.0195
277.2363	279.0217
277.3219	279.0648
277.6027	279.598
277.6878	279.625
277.6975	279.7805
277.7229	279.8429
277.7614	279.9319
278.0251	280.0936
278.3425	280.2553
279.1149	280.725
279.1662	280.9816
279.2261	280.747
280.2302	281.7422
280.2819	282.2295
280.4349	282.1776
280.6338	282.3024
281.1143	282.6722
281.158	282.8467
281.2382	283.2199
281.2435	283.0625
281.4849	283.1521
281.9558	283.571
282.4788	284.0494
282.8796	284.342
283.0208	284.7842
283.1072	284.8381
283.1213	285.104
283.1753	285.2811
283.2672	285.2877
283.385	285.5008
283.4054	285.4213
283.5194	285.3028
283.6193	285.2848
284.2887	285.9496
284.4059	285.9885
284.5364	286.0765
285.1149	286.5368
285.2953	287.3497
285.3061	287.4221
285.3344	287.2704
285.5539	287.3889
285.9929	287.5847
286.0398	287.683
286.2532	287.7971
286.4704	287.9466
286.736	288.4026
286.7578	288.2966
287.0698	288.9188
287.3578	288.968
287.9332	289.6897
287.9754	289.6636
288.1373	289.7203
288.325	289.9817
288.333	289.8927
288.5113	290.1238
289.0328	290.6204
289.0539	290.5673
289.282	290.7855
289.4596	291.2232
289.5192	291.2145
289.6039	291.159
289.8961	291.3456
290.0362	291.5708
290.7111	292.4809
290.9064	292.897
291.1306	293.04
291.2053	293.4061
291.378	293.3665
291.4152	293.1379
291.4642	293.3413
292.0366	293.6013
292.4745	294.0647
292.9492	294.4845
293.0633	294.7127
293.0904	294.8256
293.6442	295.1838
293.7087	295.3454
293.8257	295.4552
294.0214	295.5987
294.3411	295.8207
294.5163	296.0585
294.8707	296.4267
294.9251	296.6438
295.0169	296.6402
295.5568	297.1465
295.6869	297.1622
296.1332	297.8618
296.3319	297.9801
296.3779	297.8501
296.4981	298.0224
296.6658	298.1777
296.7836	298.334
297.2004	298.7573
297.2543	299.0181
297.3776	298.8726
297.6412	299.1184
298.2285	299.7428
298.9086	300.518
299.0322	300.5979
299.2086	300.7521
299.2383	300.9313
299.3204	301.0191
299.4633	300.9808
299.6387	301.2454
299.6718	301.4349
300.3371	302.0256
300.5093	302.1014
300.6157	302.3557
300.766	302.4104
300.9316	302.5134
301.1185	302.8125
301.1449	302.77
301.2075	302.8413
302.2779	303.989
302.5992	304.1116
302.7103	304.3569
302.7403	304.4994
302.8378	304.5548
303.0838	304.6722
303.2634	304.9511
303.9896	305.4204
304.1067	305.5545
304.213	305.8065
304.3811	305.945
304.4828	305.9714
304.7425	306.2227
304.9888	306.554
305.1227	306.5902
305.3211	306.9823
305.3267	306.9761
305.5113	307.2197
306.2146	307.8694
306.2427	308.0504
306.3171	308.2433
306.3225	308.1451
306.4929	308.2244
306.6442	308.2083
307.6516	309.0359
307.7186	309.2153
308.0541	309.6814
308.5468	309.8725
308.6665	310.0295
309.2451	310.772
309.3305	310.9744
309.5538	311.2067
309.6312	311.3266
309.6555	311.6943
309.7574	311.4478
309.8271	311.7172
310.2335	311.7524
310.4357	311.9244
310.6642	312.4638
310.6975	312.7817
310.7428	312.9637
310.8879	312.822
310.9479	313.0216
310.9694	313.0477
311.6735	313.2435
311.7343	313.2305
311.8633	313.6345
311.9876	313.9253
312.0758	313.9063
312.2159	314.1423
312.2212	314.0428
312.4642	314.2324
312.614	314.4133
312.6204	314.5838
313.0394	314.5424
313.1887	314.856
313.337	314.8745
313.4016	315.0427
313.6637	315.0623
314.0385	315.7031
314.0659	315.8698
314.1213	315.9192
314.1905	316.2037
314.5105	316.1204
314.9014	316.3765
315.1826	316.5846
315.3407	317.1939
315.407	317.4159
315.4618	317.3932
315.6227	317.4951
315.7532	317.3559
316.4526	317.9957
316.5804	318.1406
316.6966	318.2645
316.7525	318.6336
316.7528	318.6864
316.7842	318.5985
316.8481	318.7229
316.8899	318.8203
317.33	318.9163
317.5179	319.1505
317.6964	319.5723
317.7045	319.4303
317.7879	319.5933
317.9242	320.0669
317.9637	319.8426
318.0451	320.0247
318.0563	320.1515
318.2627	320.3809
318.2761	320.2572
318.4442	320.2678
318.5971	320.4368
319.1409	320.7087
319.3746	321.1514
319.8791	321.4005
320.0969	321.576
320.2136	321.7999
321.1816	322.7838
321.2587	323.0613
321.3262	323.1198
321.5644	323.1164
321.8286	323.6052
321.8839	323.7813
321.9246	323.7334
322.1872	324.02
322.2269	324.0575
322.4972	324.2546
322.6429	324.6562
322.7734	324.9448
322.9251	324.9785
324.1477	325.4868
324.4534	326.0953
324.778	326.2454
326.2272	327.8412
326.3267	328.0734
326.4613	328.5813
326.4847	328.4524
326.7788	329.0323
326.8126	329.1411
327.0029	329.1034
327.1376	329.3478
327.2693	329.1775
327.5675	329.3127
327.6888	329.4282
328.6789	330.3075
328.8933	330.5913
329.0915	330.5875
329.9092	331.3049
330.0456	331.647
330.0584	331.7948
330.417	332.0864
330.4687	332.6553
330.4774	332.5452
330.4866	332.7947
330.5469	332.6598
330.8925	332.8292
331.0844	332.8474
331.41	333.1262
331.4178	333.0687
332.682	334.2721
332.7636	334.1936
333.2772	334.8163
333.3949	335.0104
333.4319	335.0961
333.5984	335.3437
333.8736	335.4552
334.0925	335.7846
334.1561	336.0279
334.1582	335.8242
334.4724	336.0486
334.7172	336.1798
334.9023	336.4498
335.6917	337.2092
335.7916	337.3763
335.9578	337.8001
335.996	337.6869
336.6716	338.1827
337.0184	338.3878
337.1646	338.6624
337.323	338.9141
337.5903	339.305
337.6476	339.6985
337.6706	339.6052
337.8153	339.7512
338.0249	339.9474
338.3659	340.0503
338.6251	340.2955
338.7614	340.6881
338.9407	340.6973
339.3086	340.8564
339.6171	341.2716
339.9434	341.4817
340.0051	341.4448
340.266	341.773
340.3746	341.9006
340.4236	341.988
341.0065	342.6132
341.1888	342.7329
341.282	342.826
341.3265	343.196
341.4889	342.9612
342.1337	343.8825
342.3852	343.9039
342.487	344.0939
342.5507	344.4399
342.595	344.1975
342.6561	344.3343
343.1343	344.6287
343.2421	344.9647
343.6165	345.2687
343.6723	345.1894
344.0941	345.5703
344.3126	345.8016
344.5972	346.0652
344.8329	346.3605
344.9062	346.3781
345.0114	346.6394
345.1184	346.5718
345.3281	346.8541
345.5305	347.1467
345.8755	347.5211
346.1487	347.7104
346.2659	347.9296
346.3925	348.055
346.5731	348.0895
346.5962	348.2788
346.9671	348.4345
347.4649	349.2507
347.561	349.1747
347.5625	349.3785
347.9299	349.6453
348.0792	349.6731
348.409	349.9824
348.573	350.3325
348.6553	350.1896
349.2189	351.0151
349.2418	351.4585
349.2975	351.5755
349.3642	351.388
349.4479	351.2283
349.6286	351.6715
349.895	351.9284
349.9093	351.7478
350.2424	351.8941
350.3459	352.0552
350.4984	352.1386
350.5732	352.3394
350.9122	352.4573
351.0906	352.6436
351.324	352.8135
351.4856	353.0601
351.5783	353.1536
351.6132	353.3645
351.6134	353.4751
352.3505	353.9561
352.3728	354.1053
352.6921	354.397
352.7438	354.6034
352.8166	354.6805
352.8204	354.4721
352.9947	354.7748
353.238	354.8904
353.8561	355.3993
354.2908	356.0301
354.3629	355.9546
354.4504	355.9372
355.6063	357.2244
355.6482	357.6278
355.7675	357.4684
355.9319	357.6046
356.0444	357.6293
356.2257	357.851
357.0974	358.5771
357.3239	359.0126
357.3434	359.252
357.4329	359.3045
357.4772	359.2478
357.8053	359.6552
357.8359	359.7395
357.8695	359.6068
357.9764	359.851
358.4448	360.124
358.641	360.1549
358.8548	360.4202
359.4605	361.4231
359.5934	361.5723
359.5981	361.5763
359.6485	361.7692
359.685	361.7478
360.2055	361.9607
360.2682	362.25
360.311	362.1333
360.8591	362.3451
361.7798	363.2981
361.915	363.5673
362.2121	363.8478
362.2858	363.9512
362.3894	364.1852
362.4101	364.081
362.5668	364.2715
362.7723	364.5679
362.7978	364.8167
362.8107	364.7361
363.5638	365.1263
363.6234	365.5325
363.6803	365.6325
363.6975	365.5918
363.796	365.479
363.8869	365.6693
365.2211	366.7901
365.4797	367.049
365.6277	367.2087
365.9392	367.6548
366.0512	367.5994
366.2991	367.7444
366.7207	368.3108
367.3397	368.7752
367.7384	369.2212
367.8345	369.7053
367.9392	369.7406
368.3223	370.2178
368.3866	370.2162
368.4066	370.2577
368.7318	371.0043
368.7535	371.1121
368.8188	370.9063
368.8339	371.1646
368.8601	370.7282
369.1864	371.153
369.6092	371.3791
369.7528	371.1208
370.0138	371.6721
370.6124	372.1754
371.1457	372.6385
371.393	372.9998
372.602	374.1733
372.9243	374.523
373.3356	374.8013
374.1463	375.5788
374.1878	375.8234
374.3847	376.0552
374.3853	376.1668
374.7175	376.1815
374.8787	376.3972
374.9453	376.5896
375.0433	376.5837
375.3081	376.9238
375.4883	377.4345
375.4957	377.5399
375.5314	377.382
376.2588	377.7927
376.4583	377.9483
376.566	378.4408
376.5762	378.3881
376.7837	378.5052
376.9779	378.6215
377.1156	378.9421
377.4146	378.8746
377.608	379.2298
377.7701	379.3197
378.1455	379.8064
378.1606	379.813
378.1789	379.7798
378.5393	380.322
378.6501	380.3256
379.1415	380.9943
379.1623	381.0013
379.2377	381.6085
379.4311	381.2344
379.4381	381.5402
379.5802	381.6788
379.9765	381.4762
380.1375	381.7309
380.5609	381.9312
380.7473	382.1534
382.1227	383.7973
382.6213	383.9806
383.1319	384.5973
383.3851	384.9606
383.5787	385.0726
383.6889	385.1075
383.831	385.3632
384.2557	385.8097
384.3265	385.9787
384.4053	386.0382
384.612	386.2779
384.734	386.4095
385.0244	386.619
385.0883	386.7941
385.1164	386.7742
386.3921	388.0452
386.4519	387.9709
386.7461	388.3895
386.7881	388.6497
387.4084	389.0844
387.7804	389.3045
388.2427	389.814
388.2709	389.8181
388.4561	389.9267
388.5538	389.9698
388.8517	390.6099
388.8733	390.6169
390.1936	391.6502
390.9628	392.3451
391.4171	392.9248
391.5103	393.0403
391.9233	393.3989
391.9969	393.4535
392.3949	393.7701
392.4932	394.1723
392.5473	394.1016
392.9872	394.5159
393.0365	394.6123
393.171	394.8143
393.2916	394.957
393.3832	394.9771
393.7	395.5421
393.8569	395.7061
393.9585	396.1727
393.9806	395.7132
394.017	396.1733
394.6427	396.4298
394.6745	396.4962
394.7964	396.8797
394.912	396.8352
394.9901	396.9598
395.4794	397.1407
395.5191	397.0643
396.295	397.7924
396.4521	398.0089
396.7493	398.4174
397.0634	398.5886
397.5511	399.3497
397.5653	399.2368
398.0275	399.4812
398.4311	399.9683
398.795	400.3507
399.2976	400.9024
399.628	401.2801
399.9052	401.3507
400.0018	401.5842
400.1634	401.8031
400.2284	401.8945
400.3751	402.3677
400.4799	402.3937
400.5784	402.7092
400.6076	402.9965
400.645	403.0394
400.6646	402.9168
400.865	402.9491
401.7888	403.5907
401.8235	403.7339
401.8585	403.9622
402.0449	404.1504
402.075	403.8601
402.2342	404.1149
402.6311	404.2204
402.9027	404.485
403.051	404.6595
403.0586	404.5849
403.1436	404.9246
403.3085	404.9922
403.3275	405.0893
403.5748	405.0986
404.0723	405.5388
404.2214	405.6678
405.3834	406.9613
405.7501	407.2346
405.9382	407.7212
406.0239	408.2137
406.1704	408.8546
406.1955	408.8819
406.2371	408.9454
406.4099	408.4032
406.5921	408.8868
406.7445	408.7593
407.3431	408.9951
407.5853	409.2574
407.6211	409.2106
408.3993	409.924
408.7628	410.0792
409.1005	410.6253
409.3068	410.7774
409.3731	411.0249
409.5735	411.2526
409.7108	411.5589
409.9036	411.5714
410.0617	411.7066
410.0686	411.8967
410.622	411.9846
411.0302	412.5695
411.1283	412.8353
411.1911	412.8138
411.9577	413.407
412.16	413.7637
412.1826	413.8584
412.6513	414.4858
412.7021	414.3908
412.731	414.5326
413.2611	415.0261
413.3713	415.1669
413.638	415.1883
413.9452	415.3262
414.2368	415.8638
415.296	416.9213
415.6875	417.2807
415.7934	417.5382
415.8821	417.7542
415.9282	417.5792
416.152	417.7501
416.9239	418.5365
416.9993	418.5776
417.3954	418.908
417.7305	419.3761
418.0174	419.6071
418.2826	419.751
418.4115	420.0615
418.4636	420.0248
419.6301	421.2182
419.7365	421.4136
420.4481	421.8745
420.684	422.3835
420.7255	422.4004
421.4143	423.1457
421.6554	423.1829
421.721	423.2851
421.7763	423.6558
422.0224	423.6789
422.1955	423.611
422.2565	423.947
422.3791	424.029
422.6763	424.2712
422.9427	424.5175
423.1047	424.7652
423.2758	424.7239
423.4845	425.0558
423.6333	425.0766
423.6894	425.205
423.994	425.5774
424.4346	425.9987
424.9191	426.6623
425.0281	426.557
425.0463	426.7038
425.1559	426.8081
425.3398	426.8706
425.4533	426.9967
425.4744	427.1622
425.7592	427.2274
426.4664	428.0815
426.5852	428.1047
426.8174	428.4019
427.0049	428.655
427.1436	428.5935
427.4699	429.1588
427.614	429.075
427.6415	429.0831
428.9749	430.5907
429.1075	430.7788
429.7487	431.4162
430.3297	431.8231
430.4588	431.8387
430.5591	432.0358
430.5903	432.1135
431.4232	433.0282
431.7326	433.5513
431.9759	433.6696
432.3636	433.9962
432.8659	434.3664
433.2722	434.7404
433.3174	434.9084
433.8008	435.3768
434.0558	435.5527
434.2875	435.7922
434.6617	436.1969
434.9657	436.5716
435.0184	436.6856
435.4824	437.0164
435.6452	437.2447
435.9721	437.7113
435.9777	437.8631
435.9859	437.9177
436.0905	438.2839
436.261	438.8429
436.4205	438.7215
436.7443	438.6777
436.8291	438.8383
437.1472	439.1041
437.2648	439.1214
437.439	439.2953
437.8349	439.1849
438.2692	439.649
438.7103	440.3525
438.7764	440.2847
438.9286	440.6083
439.297	440.9576
439.3172	441.0903
439.4364	441.2361
439.4835	441.4463
440.1287	441.5579
440.3001	441.725
440.3455	442.0897
440.4608	442.3984
440.4771	442.5924
440.4865	442.5805
441.0695	442.5343
441.2115	442.7078
441.3904	442.9426
441.5549	443.1708
441.6166	443.2832
441.8701	443.3921
441.9968	443.8209
442.0112	443.8917
442.3361	443.9278
442.4375	444.2531
442.4989	444.3715
443.0054	444.7919
443.0405	444.6354
443.2009	444.9263
443.2658	445.4195
443.3804	445.2593
443.434	445.4169
443.8842	445.4143
443.9888	445.4314
444.3498	446.0012
444.3878	446.2118
444.3984	446.6063
444.42	446.4781
444.5291	446.525
444.7613	446.4769
445.5603	446.8831
445.9201	447.3316
446.0443	447.8445
446.1965	447.913
446.2201	447.8815
446.4234	447.9199
446.6278	448.2432
446.7786	448.4371
447.0043	448.3749
447.0916	448.6062
447.3607	449.0548
447.8106	449.4896
448.4398	449.74
449.1071	450.6768
449.1796	450.7932
449.2141	451.0157
449.4651	450.9876
449.5816	451.1402
449.7425	451.3052
450.6006	452.2075
450.6881	452.1775
450.8916	452.4568
451.1599	452.5565
451.7063	453.3099
451.7679	453.3424
452.2954	453.8502
452.4215	454.1334
452.4264	454.1467
452.747	454.6083
452.8255	454.4778
452.9176	454.7595
453.0134	454.8917
453.7153	455.2965
454.6059	456.2492
454.661	456.188
454.8185	456.6026
454.8719	456.4737
455.0066	456.417
455.1557	456.7983
455.1628	457.0256
455.2489	457.1122
455.3821	457.2125
455.5829	457.3897
455.8258	457.4357
455.8345	457.628
455.8827	457.5834
456.9783	458.6801
457.5817	459.065
457.9117	459.323
458.3261	459.7592
458.7004	460.2962
459.2162	460.9305
459.4018	460.9174
459.7586	461.525
459.9374	461.5944
460.0077	461.6138
460.2649	461.759
460.6606	462.1439
460.7109	462.5603
460.7989	462.6399
460.8292	462.4901
461.0058	462.6556
461.2619	462.8061
461.3146	463.1046
461.4499	463.097
461.5594	463.3482
461.6787	463.2025
461.9452	463.293
462.1458	463.6267
463.5959	465.0682
464.2596	465.7925
464.4527	466.0184
464.4655	466.1771
464.7634	466.2815
464.8387	466.5155
465.0004	466.8474
465.0657	466.8824
465.0977	466.9281
465.4111	467.3141
465.5328	467.2197
465.6709	467.4466
465.9031	467.4155
466.016	467.5932
466.2368	468.0475
466.6496	468.4006
466.7694	468.3959
466.8107	468.8044
466.8536	468.6259
466.9114	468.8415
467.1383	469.0629
467.4792	469.3581
467.8387	469.3489
468.2683	469.8605
468.4783	470.0693
468.5909	470.106
468.7735	470.3748
469.0274	470.6348
469.6277	471.0686
469.8039	471.5457
470.2518	471.7435
470.6393	472.2183
470.7628	472.2472
470.8518	472.2634
471.3977	472.9568
471.4519	473.1413
471.7285	473.579
471.8309	473.5211
471.9173	473.5453
472.0384	473.6486
472.2119	473.753
472.3152	473.9789
472.5011	473.9643
473.6366	475.4224
473.6595	475.5473
473.66	475.8023
473.8305	475.8295
473.904	476.2539
473.9319	475.979
473.957	476.115
474.0097	475.9172
474.325	476.4229
474.6166	476.4443
474.8934	476.2427
475.2317	476.6858
475.568	477.1265
475.6065	477.1894
475.7453	477.3086
476.0271	477.6774
476.1329	477.6775
476.3653	477.956
476.7476	478.4995
476.8955	478.6005
477.3115	478.8042
477.4304	478.9437
477.733	479.3076
477.9283	479.7511
477.9733	479.8975
478.0028	480.0464
478.2315	480.3278
478.2768	480.2839
478.77	480.563
478.8563	480.6081
479.1241	480.6487
479.6756	481.3386
479.7894	481.2163
480.473	481.9076
480.6033	481.9846
481.0612	482.5059
481.3163	483.0407
481.3249	482.9799
482.6608	484.0792
482.7596	484.2706
482.8684	484.6499
483.1068	484.6266
484.0263	485.5532
484.2212	485.9318
484.2431	486.1217
484.2439	486.151
484.4202	486.2165
484.4395	486.4047
484.4711	486.285
485.1523	486.8233
485.9873	487.5339
486.9824	488.8096
486.9916	488.7816
487.1378	488.8287
487.2447	488.9639
487.4282	489.1657
487.4463	489.2648
487.7394	489.741
487.8968	489.8197
487.9235	489.7921
488.4214	489.976
488.6402	490.2934
488.6946	490.513
489.2609	490.8835
490.1219	491.8923
490.1268	492.083
490.1895	492.0649
490.2875	492.1018
490.9592	492.6237
491.3189	493.002
491.3429	493.0084
491.6641	493.4689
491.7141	493.351
492.3131	493.9256
492.3836	493.8658
493.0067	494.5257
493.288	494.9005
493.9652	495.4967
494.0755	495.7107
494.3698	495.9581
494.7537	496.1732
495.3453	496.8886
495.6261	497.0821
495.8615	497.2976
495.9871	497.7162
496.3315	498.1042
496.3473	498.1162
496.5201	498.194
496.7503	498.2892
496.9553	498.4653
497.1393	498.9064
497.763	499.5138
498.071	499.7041
498.4653	500.2881
498.4814	500.1043
498.7951	500.7653
498.7975	500.6838
498.7992	500.8565
498.8737	500.9784
499.0649	501.1572
499.109	501.3572
499.205	501.4065
499.2406	501.2636
499.5655	501.5024
499.7686	501.7429
499.8341	501.6069
500.0358	501.7479
500.2632	502.1423
500.3812	502.2885
500.3938	502.4245
500.4976	502.5019
500.7746	502.5666
501.5211	503.2895
501.5358	503.164
502.2876	503.8692
502.4828	503.9381
502.6448	504.1059
502.6881	504.1337
503.0409	504.4313
503.3691	505.0221
503.3994	505.1416
503.7567	505.332
504.0992	505.7261
504.5505	506.1084
504.6007	506.0652
504.7597	506.3869
504.8298	506.4213
505.1192	506.6868
505.6197	507.5018
505.6262	507.7468
505.6296	507.5415
505.8928	507.7888
505.9371	507.7286
506.4975	507.9243
506.6278	508.5186
506.6685	508.3424
506.7059	508.5211
507.3598	509.1894
507.368	509.5413
507.4612	509.3502
507.7462	509.5829
507.9168	509.4488
508.0025	509.7077
508.3597	509.8029
508.4747	509.8837
508.8728	510.4588
508.927	510.7941
509.0008	510.6628
509.1876	510.766
509.41	511.0023
509.7542	511.5175
509.7786	511.448
510.3079	511.6341
510.6619	512.2869
511.9062	513.5144
512.0678	513.7723
512.3468	514.0318
512.9216	514.3216
513.1498	514.877
513.2911	514.9076
513.4434	515.4194
513.4691	515.2555
513.5936	515.4687
513.6616	515.3948
513.9286	515.6084
514.0169	515.801
514.4324	515.9987
514.5443	516.3436
514.7669	516.7483
514.7954	516.5336
514.8827	516.7523
514.89	516.6558
515.2015	516.966
515.2063	517.0772
515.3468	517.0013
515.7716	517.2211
515.9333	517.5744
516.0596	517.4915
516.0971	517.6899
516.2725	517.8302
516.4198	518.0359
516.7765	518.4669
516.834	518.4643
517.2483	518.6905
517.34	518.9946
517.3671	519.2376
517.3934	519.5668
517.4666	519.8157
517.4929	519.8825
517.5861	519.4679
517.6537	519.9742
517.6945	519.9641
518.0938	519.9939
518.4298	520.2034
518.4952	520.6451
518.5903	520.6507
518.8256	520.6514
519.0178	520.7391
519.0305	520.8542
519.5178	521.2155
519.8784	521.4235
520.2649	521.7546
520.5096	521.8616
520.7446	522.2839
521.1714	522.9729
521.2449	522.7899
521.4323	523.1662
521.5121	523.0462
521.7323	523.117
522.2552	523.7652
522.307	524.0623
522.35	524.2437
522.3677	524.2445
522.4653	524.1896
522.9954	524.4487
523.204	524.7515
523.3653	524.9234
523.5217	525.0127
523.5579	525.1369
523.8092	525.8494
523.8104	525.923
523.8232	525.931
523.8768	525.9255
523.9773	526.0479
524.2297	526.3195
524.2487	526.2731
524.5314	526.2516
524.6587	526.3451
524.8738	526.5854
524.9405	526.6792
524.9881	526.9972
525.1433	527.2486
525.2656	527.0518
525.9579	527.3582
526.2335	527.6225
526.6369	528.2228
526.7157	528.3915
527.4196	529.0754
527.5152	529.3569
527.5328	529.338
527.619	529.2822
527.987	529.692
528.0346	529.6546
528.1074	530.0039
528.3362	529.8523
528.3824	530.0716
528.6828	530.3348
528.7847	530.2503
529.0742	530.507
529.3293	530.8926
529.4772	530.9527
530.0826	531.7238
530.7459	532.3102
530.7705	532.6761
531.0111	532.7718
531.0616	532.6719
531.4806	532.9979
531.8861	533.3128
532.8791	534.418
532.9816	534.9267
533.0573	535.194
533.0936	535.7925
533.1359	535.931
533.1704	535.7307
533.3341	535.6415
533.3541	535.838
533.4528	536.1584
533.7076	536.1268
533.9467	535.8783
534.9843	536.7692
535.1016	536.8008
535.1481	536.902
535.4412	537.2501
535.4762	537.4101
535.6227	537.5849
535.7217	537.8164
535.7562	537.8277
536.0008	537.8759
536.0253	538.0256
536.1989	538.1726
536.6177	538.2065
536.7263	538.312
536.9035	538.5935
537.0735	538.4136
537.4151	539.4338
537.4363	539.5954
537.5296	539.4876
537.9075	539.6952
538.5867	540.1554
538.8985	540.7347
538.9618	540.8209
539.076	540.8142
539.2831	541.1121
539.5614	541.2732
539.5706	541.3492
539.9451	541.4365
540.0106	541.8183
540.067	541.887
540.2287	541.9157
540.3848	541.8732
540.8675	542.2647
541.0666	542.6713
541.2395	543.1763
541.2875	543.2849
541.3932	543.2392
541.6135	543.6423
541.6281	543.7691
541.6922	543.7792
541.7397	543.6851
542.0317	543.7409
542.2864	543.8108
542.538	544.3204
542.5644	544.286
542.6901	544.6134
542.8735	544.892
542.8778	544.8382
543.2318	544.8966
543.3353	544.7193
543.5451	545.1767
543.5934	545.1823
543.9707	545.4576
544.205	545.7455
544.2649	545.9001
544.3361	545.8313
544.5376	546.019
544.7614	546.4701
544.7686	546.1809
545.0368	546.5094
545.5272	547.2545
545.5328	547.1501
545.5603	547.3198
546.0504	547.785
546.2007	547.7496
546.4185	547.9001
546.5034	548.2314
546.5436	548.1212
546.6264	548.3193
547.0014	548.9204
547.0661	548.9449
547.2692	549.3167
547.2991	549.3427
547.5021	549.6481
547.6593	549.7764
547.7146	549.7651
547.8332	549.9432
547.8429	549.9724
548.0916	550.1306
548.1841	550.176
548.4884	550.0746
548.8341	550.5324
548.947	550.6051
548.986	550.8375
548.996	550.8028
549.1333	551.1876
549.3307	551.1399
549.4018	551.177
549.8112	551.4494
550.0806	551.8184
550.3066	551.9076
550.6477	552.2951
550.8278	552.4636
550.9406	552.5225
550.9588	552.5588
551.4098	552.9969
551.4347	553.0728
551.531	553.1344
551.6935	553.3683
551.9274	553.6673
552.0743	553.6408
552.8341	554.3702
553.1231	554.6766
553.2414	554.8453
554.0526	555.4189
554.5691	555.9827
554.8937	556.506
555.1825	556.752
555.4681	557.0833
555.7779	558.0978
555.9009	558.1433
555.9848	558.1247
556.1727	557.7894
556.3558	558.1068
556.4458	558.1729
557.0128	558.4722
557.0774	558.6898
557.4122	559.0093
557.6167	559.0741
557.7349	559.3798
557.7879	559.3348
558.0451	559.9102
558.0921	559.9553
558.0937	559.9812
558.5299	560.1645
558.5677	560.3431
558.826	560.1785
558.9439	560.6068
559.3513	560.9383
559.418	561.0613
559.59	561.1593
559.6565	561.2674
560.1865	561.8017
560.4002	562.1167
560.4369	562.1943
560.468	562.4291
560.4985	562.3743
560.9065	562.4362
561.1782	562.8198
561.2401	562.9295
561.6182	563.0769
561.895	563.3451
562.0196	563.689
562.107	563.8769
562.2066	563.795
562.2329	563.8498
562.589	564.0409
562.7042	564.3362
563.4749	565.0985
563.6747	565.4044
564.4355	565.9215
565.4912	567.2554
565.6089	567.0474
565.6894	567.3442
566.0139	567.6033
566.2241	567.7059
566.2739	567.864
566.367	568.0567
566.5643	568.003
566.9017	568.4077
567.2505	568.9862
567.3366	568.9296
567.9795	569.4021
568.0927	569.5576
568.2469	569.7615
568.5169	570.1275
568.6908	570.2355
568.8539	570.4596
569.0453	571.0526
569.069	570.9741
569.1207	570.7976
569.4476	571.2058
569.5067	571.1936
569.955	571.4356
570.1879	571.7845
570.2344	572.0191
570.2751	572.2357
570.3364	571.9959
570.3585	572.1712
571.1245	572.6187
571.9641	573.557
572.046	573.6593
572.1182	573.6712
572.4891	574.1895
572.6753	574.2242
572.8043	574.3897
572.8585	574.4517
573.1781	574.5575
573.4158	575.0201
573.4923	575.525
573.5011	575.5199
573.5779	575.4327
573.6106	575.4563
574.9946	576.7339
575.0116	576.5884
575.0697	576.8053
575.2674	576.8851
575.6735	577.1408
576.4491	578.0976
576.9174	578.301
577.1274	578.5739
577.2627	578.9545
577.4596	578.8893
577.7347	579.3351
577.9345	579.5905
577.9722	579.5999
578.178	579.9422
578.2755	579.929
578.287	580.1581
578.5888	580.2673
578.9697	580.667
579.2558	580.7065
579.3908	580.9907
580.0118	581.6139
580.471	582.1165
580.516	582.311
580.5971	582.3989
580.9002	582.3934
581.5772	582.9733
581.9301	583.3316
583.9136	585.6579
583.9622	585.7792
584.0053	585.7302
584.581	586.2632
584.7265	586.2183
584.865	586.4823
584.8844	586.4413
585.2206	587.0197
585.3745	587.1074
585.5476	587.2573
585.6056	587.2377
585.7872	587.4067
586.5101	588.0376
586.7053	588.3894
586.7775	588.4774
586.9572	588.6336
586.9828	588.7971
587.2627	588.846
587.4993	588.8892
587.607	589.1171
587.8199	589.3307
588.0269	589.7573
588.1005	589.769
588.3307	590.0582
589.6902	591.2137
589.9135	591.5759
590.279	591.9244
590.4822	592.0688
590.6261	592.2303
590.7004	592.1486
590.9505	592.596
591.1087	592.903
591.1132	593.0365
591.2789	592.7739
591.3591	593.0719
591.4318	593.0849
592.1338	593.5151
592.4194	593.9457
592.4421	593.9993
593.01	594.533
593.0935	595.044
593.1038	594.9318
593.2989	595.3283
593.6302	595.3488
593.9845	595.528
594.4081	595.9677
594.8902	596.3177
595.0352	596.4021
595.2394	596.8086
595.322	597.2091
595.3744	597.3097
595.5266	597.3746
595.8529	597.9818
595.904	597.901
596.0587	597.8628
596.8046	598.455
597.0199	598.4763
597.5184	599.1124
597.6387	599.2013
597.6415	599.3071
597.8437	599.3564
597.8716	599.5396
597.987	599.6099
598.0818	599.5588
598.2998	599.6997
598.4181	599.7416
599.3696	600.8836
599.5802	601.0611
599.7907	601.3079
600.5274	602.0402
600.6886	602.1941
601.0613	602.6021
601.8502	603.5336
601.8732	603.804
601.988	603.7493
602.1292	603.7478
602.525	603.9586
602.6444	604.2374
603.0483	604.3915
603.7149	605.3063
603.8142	605.4253
604.0247	605.5482
604.5694	605.9011
604.7064	606.2774
604.7352	606.4479
604.9637	606.6783
605.0652	606.715
605.1349	606.5544
605.3414	607.0987
605.3946	607.1652
605.8322	607.1343
606.0235	607.9901
606.0261	608.057
606.0286	607.756
606.6492	608.0952
606.7926	608.2639
606.8982	608.7196
606.9972	609.0542
607.0111	609.3094
607.0694	609.8195
607.2022	609.202
607.2055	609.7512
607.2597	609.5256
607.4047	609.8518
607.5436	609.5717
607.6198	609.8646
608.0387	609.9642
608.4052	609.9155
608.8394	610.4658
608.8953	610.5225
608.9701	610.3787
609.2157	610.862
609.3237	610.9749
609.4932	611.0837
609.586	611.2746
610.0612	611.7599
610.1213	611.5651
610.372	612.139
610.5121	612.4723
610.7371	612.7369
610.7923	613.0251
610.8281	612.9527
610.8509	612.7511
611.1357	613.0367
611.8071	613.312
612.1638	613.7368
612.2725	613.6651
612.4241	614.0937
613.5635	615.1848
613.7419	615.2068
614.2134	615.7554
614.5173	616.1211
614.5506	616.2722
614.6274	616.2847
614.6499	616.4954
614.8458	616.746
614.8738	616.6944
615.1196	616.9293
615.2188	616.8276
615.8735	617.303
616.0871	617.7905
616.4935	618.2161
616.5226	618.4604
616.7607	618.4619
616.8215	618.6097
617.2568	619.0088
617.7401	619.3192
618.4434	619.945
619.1761	620.9834
619.2196	620.8568
619.2556	621.0405
619.6166	621.1526
619.874	621.4964
619.9544	621.4276
620.5983	622.2701
620.6714	622.3631
621.18	622.8453
621.5332	622.9978
621.7655	623.5121
621.8254	623.6101
621.839	623.7119
622.2336	623.8968
622.2426	624.0118
622.5668	624.0102
622.7859	624.416
623.2951	624.763
623.5685	625.2042
623.9424	625.6304
623.9446	625.5335
624.6639	626.1843
624.7917	626.2844
624.8232	626.5171
625.4404	627.099
625.6076	627.1483
625.9115	627.7958
625.926	627.886
626.0238	628.0893
626.4552	628.0292
626.8814	628.3792
627.0911	628.7344
627.4965	629.179
627.9284	629.2912
628.0849	629.6673
628.3292	629.9732
628.3826	630.5537
628.3939	630.331
628.4211	630.0846
628.6543	630.4452
628.7597	630.544
629.1585	630.8899
629.6184	631.2144
629.7861	631.6415
629.909	631.763
629.9358	631.7032
630.0621	631.8216
630.3822	631.8751
630.7545	632.4429
630.8218	632.416
630.895	632.5844
631.3031	632.9015
631.3177	633.0648
631.5084	633.0438
631.8495	633.3919
632.2133	633.867
632.6554	634.3709
632.6891	634.6452
632.8504	634.5351
633.2302	634.8913
633.4007	634.9435
633.4576	635.0964
633.8448	635.4342
633.9253	636.0073
633.9673	635.736
633.9895	635.8422
634.1306	635.9254
634.186	636.0264
634.748	636.3848
634.8141	636.4751
635.1285	636.9738
635.3869	636.9354
635.5908	637.0798
636.1318	637.658
636.8328	638.3823
637.2117	638.7804
637.257	638.8497
637.3426	638.8697
637.5499	638.9595
637.6981	639.2852
637.7406	639.2843
637.9265	639.6783
638.1495	639.6021
638.3643	639.9096
638.4287	640.0804
639.224	640.7656
639.385	640.8217
639.8738	641.415
639.952	641.6549
640.0169	641.7177
640.2352	641.9763
640.2398	641.8446
640.4053	642.3959
640.4366	642.2684
640.4945	642.4681
640.9526	642.994
641.0447	642.9278
641.1552	643.0017
641.5017	643.1058
641.8505	643.5241
642.1088	644.125
642.1754	643.9755
642.2012	644.0801
642.2566	644.0587
642.4434	644.3576
642.8716	644.3676
643.1121	644.7423
643.4081	644.9239
643.6401	644.9887
643.7585	645.3984
643.7934	645.4539
643.8437	645.5842
644.29	645.9177
644.8931	646.4396
644.9483	646.7264
645.078	647.0632
645.1798	646.9246
645.2544	646.9866
645.3335	646.9634
645.5355	647.142
645.5451	647.2347
645.7032	647.3912
646.2852	647.8665
646.5525	648.0896
646.5546	648.2999
646.6831	648.1539
646.77	648.4922
647.3224	649.0755
647.5545	649.1192
647.5695	649.2954
648.1262	649.7611
648.3007	649.9246
648.3175	650.1044
648.6125	650.1034
648.7525	650.3063
649.1001	650.4745
649.6041	651.1583
649.8391	651.2919
650.5244	652.0091
651.1225	652.5407
652.0072	653.7498
652.3563	654.0621
652.5401	653.9211
653.2148	654.8263
653.6751	655.5048
653.7977	655.3365
654.3401	655.9123
655.438	657.2956
655.4493	657.239
655.4675	657.4138
655.7687	657.5016
656.0618	657.7614
657.2596	659.0675
657.2634	659.0649
657.3829	658.9054
657.7006	659.5024
657.809	659.4722
657.852	659.4714
658.5585	660.0568
659.2254	660.7739
659.6082	661.229
659.7174	661.3888
660.4242	661.8557
660.5515	662.1452
660.7311	662.1319
661.1151	662.6622
661.6638	663.1388
661.7932	663.4279
662.9145	664.4576
663.9896	665.6842
663.9945	665.5247
664.8907	666.385
665.3082	666.7561
665.5936	667.2993
666.13	667.5589
666.2641	667.8312
666.6791	668.031
667.37	668.9378
667.498	669.2502
667.6636	669.6766
667.6991	669.7733
667.7873	669.7255
667.9278	669.8131
668.5418	670.1671
668.8819	670.4569
668.913	670.6675
669.0595	670.7336
669.633	671.4072
670.0242	671.8302
670.2686	671.8488
670.9705	672.516
671.4361	672.8397
671.5891	673.1872
671.6757	673.484
671.8617	673.7709
672.0314	673.7447
672.2719	673.9075
672.5088	674.166
672.5156	674.397
672.6357	674.5487
672.725	674.8623
672.7614	674.665
672.7911	674.8742
673.4783	674.9148
673.7548	675.3983
673.7963	675.4667
674.1479	675.6796
675.0405	676.729
675.1356	676.7196
675.3313	676.8237
676.0199	677.4906
676.6611	678.1458
676.873	678.517
676.9082	678.5351
676.9481	678.8525
676.9573	678.8103
677.2188	679.34
677.2857	679.3188
677.4861	679.3729
678.9649	680.5191
678.9787	680.5366
679.0842	680.5615
679.3128	680.7276
679.522	681.1971
680.1858	681.5983
680.6648	682.2386
681.6115	683.2483
681.6987	683.3741
681.7386	683.4714
682.2015	683.9193
682.2438	683.9463
682.3811	684.1723
683.2962	684.8695
683.6792	685.2745
683.9703	685.8393
684.1157	685.858
684.5017	686.3608
684.5035	686.3605
684.7247	686.4989
684.7452	686.4487
684.8289	686.7088
684.8771	686.7194
684.8944	687.0744
685.027	686.8217
685.2116	686.9523
685.2397	687.0842
685.8484	687.3963
685.9343	687.707
686.058	687.6001
686.2563	688.0226
686.2744	687.8454
686.8562	688.4879
687.1123	688.5778
687.2235	688.9237
687.2919	689.0013
687.4841	689.2314
687.513	689.2127
688.6349	690.2441
688.7006	690.3502
689.2548	691.0629
689.377	691.1681
689.5349	691.1624
689.5576	691.3434
689.804	691.365
690.1276	691.6151
690.4542	691.9737
691.0241	692.5763
691.0711	692.8998
691.1963	692.7347
691.4322	693.0177
691.595	693.1845
692.2182	693.6646
692.345	693.7716
692.3987	693.8332
692.5855	693.9565
693.0096	694.6745
693.2656	695.0239
693.2988	694.9552
693.3777	694.9673
693.6875	695.3657
693.965	695.5996
694.1227	695.7558
694.5775	696.1299
694.6343	696.1646
694.9541	696.4717
695.6919	697.1818
695.7702	697.3453
696.0373	697.6829
696.1317	697.9386
696.341	697.8563
697.4692	698.9293
697.7525	699.4242
697.9989	699.7556
698.0027	699.612
698.1577	699.7079
698.7661	700.0965
698.895	700.5415
699.2619	701.0672
699.2655	701.0361
699.2694	700.9724
699.2844	701.2731
699.8453	701.3741
701.0401	702.6777
701.2446	703.1443
701.2451	702.9248
701.2743	703.1454
701.4992	702.9255
701.7078	703.4153
702.1094	703.8326
702.2209	703.9215
702.5184	704.3983
702.6475	704.4687
702.8754	704.8165
703.0142	704.4774
703.0957	704.8305
703.2837	704.8652
704.1137	705.7524
704.2207	705.7565
704.4222	705.9197
705.1956	706.8587
705.3684	707.0154
705.5249	707.317
705.5689	707.2805
705.676	707.1281
706.1111	707.532
706.89	708.5999
706.9794	708.6791
707.0601	708.7927
707.2071	709.2728
707.2172	709.0394
707.3579	709.2726
707.3917	709.1495
707.5099	709.2975
707.7797	709.3856
708.0373	709.5355
708.3332	709.9907
708.3383	709.9097
708.9306	710.6543
709.0721	710.5633
709.1024	710.7664
709.2901	710.9827
709.3506	711.1175
709.7488	711.792
709.7867	711.5218
709.8354	711.5354
709.8925	711.9132
710.7435	712.2333
710.861	712.6989
710.8661	712.5002
710.9291	712.8036
711.8269	713.3944
712.2298	713.9375
712.3617	714.1369
712.3657	714.1148
712.7597	714.272
712.9285	714.4624
713.0494	714.8327
713.0738	714.8017
713.3414	714.8674
713.6503	715.0486
713.7577	715.2377
713.9216	715.4908
714.0365	715.7463
714.2085	715.7089
714.5625	716.24
714.7437	716.3572
714.9326	716.5663
715.0624	716.6655
715.4771	717.254
715.4989	717.2509
716.219	717.9807
716.7197	718.2847
716.9769	718.4918
717.68	719.5626
717.7076	719.3465
717.881	719.4553
718.6454	720.3086
719.1045	720.6361
719.2106	720.9342
719.2363	720.7832
719.3743	720.9524
719.6523	721.136
719.6818	721.2097
720.1937	721.6914
720.591	722.1011
720.8744	722.8027
720.8982	722.6746
721.2369	722.7031
721.4655	722.9427
722.3482	724.2177
722.3936	724.1926
722.5002	724.2605
722.8802	724.3738
722.8933	724.6044
723.115	724.7515
723.2159	724.7211
723.6876	725.3582
723.9769	725.7426
724.1246	725.9485
724.1746	726.1556
724.1801	726.1375
724.7377	726.3854
725.0403	726.4038
725.539	727.0535
725.6779	727.0157
725.7962	727.6013
725.8639	727.6773
725.8695	727.5225
725.9923	727.7383
726.3043	728.0623
726.3142	728.1293
726.4174	728.3585
726.469	728.3814
726.5334	728.6851
726.5793	728.5066
726.7233	728.7228
726.949	729.0977
727.1263	729.4184
727.1266	729.4285
727.1847	729.8888
727.236	730.2509
727.2423	729.4401
727.4384	730.0148
727.5397	730.2105
727.7957	730.0411
728.0769	730.1388
728.2815	730.2858
729.049	730.6089
730.0297	731.7002
730.0739	731.693
730.7723	732.1219
730.8773	732.6047
730.9068	732.9183
730.9157	732.8297
731.0046	732.9576
731.1966	733.1091
731.2021	733.0451
731.5797	733.2146
731.6543	733.4975
731.7303	733.8288
731.9681	734.0125
732.0467	733.8341
732.8025	734.712
732.8201	734.5963
732.9302	734.8994
733.041	735.0584
733.21	734.7158
733.9662	735.3834
734.0333	735.6731
734.2092	735.7441
734.3834	736.1831
734.4482	736.2296
734.5216	736.5812
734.7633	737.0333
734.7818	736.8194
734.8544	736.8551
734.9218	737.1349
735.2306	737.0689
735.6556	737.381
735.7397	737.6335
735.7819	737.7225
735.8003	737.8289
735.8192	737.6889
735.9052	737.9451
736.8164	738.6239
736.8765	738.6336
737.1701	738.8677
737.3436	738.9852
737.4051	739.4195
737.4307	739.4422
737.6118	739.3799
738.421	739.7992
738.5436	740.1992
739.0277	740.6233
739.2924	740.8317
739.3032	740.9739
739.5881	741.3066
739.6373	741.0776
740.1652	741.5324
740.3399	741.8854
740.6809	742.2477
740.8967	742.4825
741.3975	742.9173
741.4532	742.9976
741.5747	743.0003
741.8224	743.4524
741.9116	743.5892
742.0537	743.7084
742.5305	744.1645
743.2985	744.6783
743.3806	744.9435
743.7457	745.3639
743.7909	745.347
744.1816	745.9124
744.2733	745.9503
744.3134	746.0365
744.9478	746.419
745.0014	746.6723
745.1555	746.7184
745.1801	746.9368
745.2142	747.0719
745.2402	746.7911
745.6403	747.0257
745.8025	747.242
745.9156	747.3419
747.098	748.6045
747.1103	749.0187
747.3182	748.9713
747.8382	749.5797
747.8433	749.5028
748.0686	749.6657
748.2979	749.7737
748.3021	750.1055
748.4384	750.1535
748.5331	750.0623
748.8309	750.4595
748.8678	750.4988
749.245	750.8279
749.5826	750.9965
749.754	751.3937
749.785	751.514
749.8356	751.5738
749.9177	751.6644
750.5366	752.0873
750.76	752.4275
750.8057	752.293
751.0872	752.8149
751.1304	752.8534
751.4817	753.0874
751.8358	753.3414
752.2456	753.6739
752.2973	753.8037
752.5794	753.9445
753.2411	754.8265
753.4287	754.9331
753.6041	755.189
753.6911	755.1872
753.7933	755.501
754.1552	755.9583
754.2331	756.0446
754.4502	756.1136
754.472	756.1744
754.7357	756.6189
754.8625	756.7725
754.8821	756.756
754.949	757.0409
755.439	757.2264
755.9602	757.7186
755.9696	757.91
756.1931	757.9135
756.4195	757.9088
756.9592	758.5596
757.0582	758.6572
757.2991	758.81
757.7585	759.2422
758.3165	759.773
758.5132	760.1276
758.5623	760.2662
758.8107	760.7109
758.8148	760.3818
759.1494	760.7868
759.2965	760.7955
759.5299	760.9097
759.7747	761.17
760.4458	761.9506
760.7191	762.1665
760.9316	762.5693
761.3821	762.94
761.5338	763.2709
761.5755	763.1267
761.6938	763.6279
761.7163	763.5733
762.08	763.7618
762.3568	764.1368
762.4056	764.613
762.469	764.6007
762.469	764.4864
762.8561	764.6558
762.9316	764.8505
762.97	764.9375
763.302	765.5125
763.3129	765.3226
763.4208	765.9048
763.5493	765.9437
763.5826	765.8455
764.2247	765.9089
764.3876	766.1146
764.4182	766.0487
764.841	766.3912
765.1909	766.6779
765.4543	767.1479
765.693	767.169
765.8698	767.3261
766.633	768.3158
766.8505	768.2175
767.5132	769.3535
767.6964	769.3272
767.7595	769.4229
767.9335	769.446
768.0954	769.8675
768.2458	769.8192
768.8976	770.6525
768.9371	770.6824
769.1773	770.885
769.8156	771.3047
770.1151	771.7492
770.1286	771.727
770.4609	771.9301
771.0476	772.7818
771.124	772.7913
771.235	773.1693
771.2667	773.1594
771.2675	773.0134
771.4489	773.4345
771.9568	773.3623
772.0981	773.6703
772.1543	773.7205
772.8043	774.2897
772.9903	774.6365
773.171	774.6682
774.2196	775.5957
774.4347	776.0012
774.4907	775.967
774.9246	776.4206
775.1731	776.6724
775.7348	777.5037
775.8532	777.6636
775.9731	777.7864
776.2083	778.0644
776.2963	778.3242
776.3772	778.3023
776.624	778.2346
777.0443	778.6016
777.1325	778.8727
777.1861	778.9358
777.3693	779.0995
777.4689	779.2239
777.7679	779.1529
777.8396	779.5625
778.0219	779.8788
778.0328	779.7136
778.1403	780.0781
778.1807	779.9752
778.3827	780.077
779.2848	780.9212
779.4341	780.9109
779.7531	781.2229
779.8741	781.379
779.886	781.571
780.287	781.9338
780.2936	781.8732
780.4743	782.1546
780.943	782.3763
781.0369	782.5041
781.1784	782.7338
781.4118	782.8087
781.6951	783.1912
782.6259	784.2641
782.6403	784.3583
782.7909	784.5846
782.8617	784.7419
782.9552	784.7014
783.0078	784.7428
783.0664	784.8701
783.5965	785.3361
783.7106	785.1864
783.7444	785.5963
783.81	785.4662
784.3138	785.7674
784.5408	786.2456
784.5815	786.2726
784.639	786.082
784.948	786.419
785.0586	786.4154
785.3613	787.0805
785.4389	787.1338
785.7907	787.1654
786.2722	787.8693
786.3579	787.993
786.7985	788.6035
786.8229	788.6939
786.9076	788.7304
786.9554	788.9419
787.0812	788.9264
787.3845	789.3422
787.4882	789.3193
787.4913	789.0895
788.01	789.6315
788.0405	789.7822
788.3031	790.0774
788.6532	790.2911
788.6983	790.3402
788.8575	790.4106
789.1151	790.7618
789.4611	790.9734
790.0633	791.5113
790.2017	791.9049
790.3789	791.8776
790.6298	792.4873
790.6331	792.6241
790.6426	792.5777
790.726	792.5463
791.6638	793.3111
791.715	793.3496
791.7154	793.6007
792.4216	793.8432
792.5548	794.1075
792.8815	794.4751
792.9468	794.3958
793.6215	795.0969
793.9769	795.5016
794.1818	795.8544
794.4592	796.0372
794.7352	796.2323
794.9079	796.5597
795.0665	796.7807
795.2205	796.8147
795.4963	796.9325
795.6693	797.0865
795.7481	797.3315
796.1878	797.5443
796.6371	798.1398
796.735	798.4525
796.8611	798.4859
797.2669	798.8989
797.3311	798.9814
797.589	799.0958
797.706	799.2728
797.7968	799.7515
797.9128	799.7292
798.1001	799.8654
798.5737	800.1742
798.7456	800.2151
798.8482	800.4021
799.3981	800.865
799.5147	800.9125
799.5711	801.0944
800.4028	801.8824
800.8066	802.2328
801.0065	802.5925
801.0622	803.0914
801.0767	802.9673
801.1275	803.0859
801.3381	803.2653
801.3446	803.4984
801.9779	803.5645
802.167	803.6598
802.4424	803.8981
802.7756	804.504
802.784	804.2936
802.8655	804.4522
803.6443	805.2682
803.7219	805.4677
803.8323	805.9198
803.9281	805.9188
804.0121	806.1487
804.1685	806.0739
804.2581	806.1746
804.3757	806.383
804.4873	806.5322
804.5803	806.5137
805.0015	807.0418
805.198	806.9453
806.2277	807.6415
806.6716	808.224
806.9277	808.5919
807.7362	809.2513
808.3457	809.8243
808.6152	810.1944
808.6912	810.2821
809.2327	811.0026
809.2351	810.9529
809.3919	811.3624
809.4207	811.2129
810.0243	811.5965
810.1635	811.7269
810.5737	812.1634
810.6317	812.2884
811.0106	812.6753
811.0489	812.5699
811.2806	812.7539
811.3786	812.8977
811.7256	813.1225
811.8822	813.3458
812.0675	813.907
812.2509	813.8598
812.3673	813.8049
812.726	814.3617
812.8378	814.2028
813.0223	814.6318
813.7187	815.1748
814.1064	815.9848
814.1695	815.9302
814.2569	816.2949
814.5131	816.6695
814.5384	816.75
815.4056	817.2219
815.4792	817.1243
815.9078	817.4661
816.2019	817.656
816.3878	818.0217
816.6417	818.0666
817.2357	818.8171
817.3887	818.792
817.7325	819.3547
817.8223	819.5851
818.2677	819.612
818.7818	820.2886
818.9082	820.4673
819.2121	820.7684
819.6403	821.0831
819.8786	821.3855
820.226	822.1492
820.4253	822.3205
820.7428	822.8343
821.0016	822.7657
821.071	822.8516
821.4299	823.0588
821.7172	823.4539
822.0156	823.7925
822.0375	823.6282
822.1461	823.6527
822.6674	824.5051
822.7192	825.4345
822.752	824.9313
822.7654	825.3117
822.7723	825.4497
822.7864	824.8965
822.788	825.4095
822.8088	825.4522
823.3097	825.3858
823.9418	825.6771
824.032	825.6661
824.1308	825.684
824.6387	826.0886
824.8087	826.2434
824.9104	826.5551
824.9661	826.756
824.9699	826.8957
825.1173	827.1577
825.3084	827.2925
825.4661	827.2432
825.5419	827.351
826.1411	827.7966
826.3058	827.9604
826.5071	828.1336
827.0244	828.8925
827.0903	828.5852
827.1754	828.9079
828.184	829.8521
828.2857	829.8071
828.5842	830.2798
828.6303	830.2871
829.0856	830.6746
829.3088	830.9981
829.3671	831.016
829.6611	831.2129
829.8559	831.3412
829.8928	831.6742
829.9686	832.0353
830.0766	831.9317
830.8338	832.2648
830.9635	832.4514
831.1121	832.7016
831.1769	832.6835
831.2517	832.9611
831.4619	833.1757
831.6405	833.4979
831.7245	833.4852
831.7804	833.2705
831.9159	833.5531
832.0535	833.6111
832.4242	834.1302
832.4848	834.0112
832.6486	834.2167
832.8477	834.2914
832.9055	834.5138
833.0628	834.8253
833.0831	834.6929
833.5307	835.2973
833.6463	835.2455
833.785	835.3083
833.9618	835.6408
834.0035	835.7009
834.1046	835.9989
834.1909	836.0258
834.7438	836.4361
834.8352	836.4872
834.9007	836.6144
835.0852	836.6151
835.5115	837.1077
835.5371	837.2849
835.5971	837.8084
835.7271	837.9544
835.7585	837.5963
835.7743	837.7892
835.8032	837.8307
835.9326	837.9337
837.2421	838.8959
837.4035	839.0856
837.668	839.2295
837.9213	839.4547
839.5118	841.3361
839.514	841.3387
839.5265	841.4288
839.6839	841.7346
839.8088	841.9824
839.8388	842.1179
839.8748	842.0555
840.0315	842.3799
840.1273	842.6246
840.2252	842.6149
840.2572	842.7394
840.2988	842.4955
840.6218	842.9642
840.6669	842.9336
840.8823	843.3451
840.9244	843.2046
841.1482	843.3885
841.3158	843.4296
841.573	843.4596
842.0744	843.5847
842.42	844.0052
842.742	844.4152
842.8471	844.3085
842.9535	844.3391
843.2581	844.9989
843.321	845.2418
843.6354	845.4022
843.8212	845.3608
844.3168	846.0509
844.4286	846.0029
844.7562	846.5944
844.8309	846.5527
845.1245	846.6222
845.3064	846.9595
845.353	846.9669
845.5865	847.0697
845.8389	847.3602
846.098	847.6418
846.1719	848.0272
846.291	847.8754
847.0431	848.8625
847.106	848.9131
847.4097	848.9669
847.5342	848.9854
847.6127	849.2929
848.4871	850.4064
848.6014	850.5331
848.6182	850.6776
848.7157	850.6325
850.1834	851.8101
850.9759	852.4165
851.0886	852.705
851.2155	853.1875
851.2265	853.2892
851.2735	853.033
851.4193	853.419
851.9337	853.417
852.1549	853.7287
852.7693	854.2884
853.1175	854.6244
853.5047	855.1917
853.5104	855.0978
854.2196	855.8296
854.2354	855.903
854.4664	856.0883
854.5215	856.5071
854.5391	856.4943
854.7063	856.9363
854.749	856.85
854.8026	857.028
854.9919	857.3265
855.0047	857.3018
855.1877	857.2455
855.338	857.2972
855.5797	857.6448
855.5817	857.5983
855.7586	857.6047
856.021	857.5844
856.1471	857.7214
856.5044	858.0558
856.653	857.9878
857.6408	859.2323
858.083	859.545
858.3201	859.9231
859.2357	860.8678
859.394	860.9068
860.1294	861.5917
860.3071	861.8858
860.3542	861.829
861.2631	862.6969
861.3576	862.798
861.4574	862.8263
862.099	863.6447
862.1472	863.7216
862.35	863.945
862.7435	864.3483
862.7636	864.4653
862.9438	864.6961
863.0068	864.764
863.5538	865.1629
863.6905	865.3171
864.3628	865.9155
864.5419	866.1034
864.5756	866.3481
864.7875	866.4533
865.0975	866.746
865.1431	866.7825
865.3932	866.913
865.4631	867.1885
865.9814	867.3878
866.1297	867.7417
866.4149	868.1969
866.453	868.2224
866.4912	868.5404
866.5384	868.7319
866.8854	869.32
866.9401	869.3244
867.1076	869.3868
867.2326	869.4845
867.3934	869.6217
867.5863	869.8147
867.6242	869.8841
867.6408	869.8812
867.9412	869.7412
868.9996	870.7509
869.1614	870.7431
869.2801	871.1148
869.4276	871.1695
869.4908	871.2235
869.833	871.5414
869.9501	871.8036
870.2223	871.7028
870.3348	871.8705
870.8844	872.5273
871.253	872.7342
871.4469	873.1072
872.655	874.1957
872.716	874.272
873.0269	874.6255
873.0405	874.6954
873.1826	874.9604
873.2722	875.0484
873.7118	875.4068
873.7467	875.4975
874.1225	875.8787
874.1616	875.7053
874.3225	875.9226
874.5945	876.2412
874.6611	876.5203
874.7045	876.5756
874.944	876.5193
875.2499	876.8207
875.3131	876.8321
875.3948	877.0007
875.5996	877.2027
876.0894	877.8949
876.1099	877.7358
876.2691	878.0405
876.4533	878.2703
876.7341	878.2535
876.9337	878.6112
877.0124	878.6843
877.4383	879.0771
877.686	879.4643
877.7383	879.2069
877.9034	879.2657
878.0272	879.4946
878.9869	880.6328
879.5162	881.0902
880.7121	882.4301
880.8659	882.2595
881.0435	883.0124
881.0469	882.8976
881.0734	883.0161
881.2029	883.1815
881.6478	883.5227
881.6639	883.5927
882.3504	883.9222
882.3653	883.8692
882.9249	884.4623
882.9923	884.7695
883.0314	884.9648
883.0723	885.0073
883.1603	885.1507
883.3328	885.3313
883.406	885.2349
883.4389	885.3323
883.6189	885.4236
884.5579	886.1038
885.1339	886.8304
885.3773	887.2644
885.3941	887.2588
885.4905	887.4837
885.7741	887.8386
885.9164	888.1443
885.9183	887.9284
885.9322	888.0608
886.2417	888.4613
886.3459	888.4343
886.364	888.6449
886.3912	888.5092
886.5144	888.2799
887.1549	888.6376
887.5467	889.3045
887.6196	889.4097
887.6224	889.5913
887.7682	889.5506
887.8918	889.7693
888.245	889.7999
888.7954	890.6791
888.8138	891.1612
888.8262	891.0341
888.8522	890.9031
888.8859	891.2685
888.9079	891.0985
889.442	891.3305
889.8717	891.5461
889.8735	891.795
889.8897	891.6597
889.9738	891.8567
890.458	892.0603
890.913	892.3871
891.0153	892.4716
891.4142	893.1801
891.4688	893.4241
891.4787	893.5455
891.5962	893.7249
891.7841	893.7824
892.1583	893.8315
892.4711	894.2388
892.6162	894.2236
892.9591	894.6265
893.0593	894.6874
893.2451	895.2536
893.2949	895.3787
893.4309	895.5273
893.7507	895.5324
894.2985	895.7278
894.368	896.021
894.4527	896.2369
894.7266	896.4575
895.1699	896.5936
895.2183	896.8392
895.6719	897.2609
896.3581	897.7478
897.093	898.7485
897.1068	898.7933
897.5159	899.1289
897.5409	899.333
897.6462	899.209
897.9183	899.3192
898.2207	899.7128
898.2669	899.9311
898.8187	900.475
899.6611	901.0777
900.1157	901.677
900.419	902.2483
900.5461	902.7288
900.5463	902.7649
900.724	902.615
901.8104	903.3693
901.8278	903.4874
901.9142	903.5095
902.1046	903.7957
902.4393	904.109
902.4912	904.154
902.9306	904.413
903.1553	904.5652
903.3392	904.8077
903.5379	905.1038
903.629	905.3578
903.7356	905.3262
903.8586	905.5433
903.8731	905.6584
903.9798	905.7984
904.0587	905.8409
904.672	906.005
904.8682	906.503
905.3731	906.8959
905.6579	907.0498
906.0443	907.7175
906.5102	908.1181
906.513	907.9616
906.9125	908.6147
907.0834	908.974
907.0933	909.2072
907.1433	909.365
907.1457	909.386
907.257	909.4165
907.2981	909.4355
907.5334	909.2752
908.0209	909.8199
908.1201	909.8532
908.4362	910.0205
909.0061	910.7038
909.017	910.6814
909.1102	910.7785
909.2641	910.7867
909.3483	910.9035
909.4749	911.1452
909.6495	911.2785
909.9621	911.6504
910.1093	911.8267
910.4384	912.2772
910.4825	912.2852
910.5546	912.2883
910.6436	912.5943
911.0002	912.6482
911.3766	913.0037
911.4711	912.909
912.0281	913.4643
912.1036	913.9404
912.1659	913.8059
912.2262	914.0432
912.3697	914.0723
913.0083	914.4889
913.041	914.6851
913.781	915.3954
914.168	915.7986
914.3089	915.8883
914.6034	916.1348
914.7008	916.4874
914.7079	916.5658
914.7366	916.6237
914.8709	916.7678
915.0127	916.7681
915.8044	917.3068
915.8644	917.516
916.5463	918.1871
916.821	918.249
917.0744	918.6052
917.1894	918.6752
917.5136	919.0458
917.6591	919.2526
917.7156	919.3597
918.3633	919.8226
918.5107	919.8858
918.633	920.3295
918.6833	920.5773
918.7293	920.6907
918.7904	920.7166
919.3336	920.9966
920.1214	921.7273
920.1339	921.9007
920.1762	922.065
921.129	922.6365
921.3014	922.7881
921.4508	922.9236
921.6395	923.3436
922.0391	923.5263
922.1832	923.8097
922.3429	923.8984
922.4589	924.0735
922.6809	924.4331
922.7241	924.4509
922.7648	924.4893
923.6103	925.001
923.8399	925.4161
923.9612	925.2739
924.2748	925.6575
924.514	926.1847
924.8277	926.5654
925.3822	926.8648
925.6267	927.1347
925.8075	927.3283
926.4096	927.8604
927.2316	928.7581
927.347	928.9063
927.7139	929.431
927.7672	929.5373
927.8415	929.683
927.9968	930.2352
928.0011	929.8349
928.0882	930.347
928.1277	930.2369
928.2384	930.1876
928.5309	930.3288
928.9484	930.5543
929.5898	931.1347
929.8441	931.3972
930.029	931.4441
930.6999	932.2622
930.9402	932.6712
930.9657	932.7842
931.0274	933.166
931.0732	933.1184
931.0765	933.372
931.0971	933.2226
931.2987	933.1935
931.7553	933.5009
931.9522	933.681
931.9538	933.7429
932.0783	933.7361
932.1954	933.9184
932.3556	934.1816
932.9886	934.5367
933.0924	934.4623
933.3016	934.9414
934.0772	935.5922
934.2596	935.7161
934.4752	936.0624
934.5933	936.0469
934.7779	936.2058
934.8128	936.3244
934.9098	936.5452
935.6057	937.0479
935.8724	937.5221
935.951	937.532
936.0956	937.6637
936.3595	937.6896
936.6196	938.0502
936.7268	938.5741
936.7534	938.7415
936.9084	939.124
936.9268	939.6362
937.0407	939.3489
937.0955	939.3671
937.1051	939.2987
937.2362	939.672
937.4945	939.593
938.1199	939.6238
938.1598	939.8835
938.8905	940.376
939.1293	940.7014
939.3086	940.9178
939.8094	941.4176
940.4203	941.9219
940.5015	942.0461
940.705	942.3817
940.7416	942.1914
940.8669	942.5037
941.1543	942.6127
941.34	942.9956
941.3892	943.3156
941.3975	943.3554
941.4608	943.4526
941.4814	943.472
941.9805	943.5452
942.1417	943.7343
942.8958	944.6613
943.3423	944.9025
943.5786	945.0672
943.6278	945.462
944.4539	945.854
944.6793	946.0958
945.0185	946.6317
945.5387	947.1884
945.575	947.0373
946.1328	947.7377
946.2671	947.9209
946.6253	948.2025
946.7716	948.3842
946.8493	948.3651
947.0692	948.6013
947.8397	949.3247
948.1504	949.6214
948.8879	950.4951
949.4736	950.8659
950.0491	951.7258
950.0802	951.8014
950.2212	951.889
950.3924	951.8867
950.6009	952.3443
950.7121	952.3216
950.9605	952.4916
951.3266	953.0638
951.6238	953.182
951.8845	953.4137
952.7241	954.2782
952.8607	954.3033
953.2096	954.8588
953.3265	955.0712
953.4061	955.1674
954.2153	955.8186
954.3523	955.9045
955.1028	956.677
955.1072	956.7587
955.4918	957.1507
955.6182	957.0608
955.8419	957.396
956.5929	958.3071
956.7283	958.2671
956.82	958.6071
956.9392	958.6484
957.0152	958.9758
957.0416	959.2563
957.0472	959.2675
957.1182	959.324
957.317	959.3244
957.47	959.3577
957.4834	959.5479
958.5187	959.9437
958.709	960.0757
958.9999	961.0095
959.0244	961.2035
959.0411	961.2913
959.0518	961.1329
959.1811	961.3623
959.3722	961.4696
959.5691	961.6115
960.2606	962.1396
960.7886	962.2789
961.1751	962.6548
961.4997	963.2355
961.5036	963.2826
961.5592	963.3268
962.5365	964.0972
962.6485	964.1952
962.8	964.2618
963.4257	964.9719
963.4988	965.0962
963.7151	965.2689
963.8712	965.4551
964.1975	965.9336
964.3815	965.9269
964.8259	966.1863
964.9102	966.3612
965.3302	966.9857
966.3855	968.1458
966.6865	968.1652
966.7334	968.5761
966.8553	968.6312
967.7538	969.3459
968.5394	970.2563
968.5676	970.2615
969.1097	970.4851
969.3691	970.8516
969.6123	971.2151
969.789	971.1677
969.9477	971.5235
970.3227	971.6496
970.5784	971.957
970.7941	972.3881
970.8492	972.5029
971.0792	972.5412
971.3768	972.8153
971.5917	973.0987
971.8337	973.3063
972.096	973.6107
972.6736	974.1599
972.6933	974.1135
973.0203	974.4743
973.4697	975.2709
973.5553	975.2677
974.1256	975.6147
974.5529	976.2153
974.6312	976.2914
974.6607	976.4323
974.7049	976.4111
975.0423	976.7911
975.1199	976.7946
975.5992	977.2757
975.6328	977.3942
975.656	977.6822
975.8052	977.6687
975.9719	977.7806
976.6766	978.3447
976.9907	978.4985
977.2012	978.5584
977.4174	978.956
977.7034	979.421
977.7205	979.2769
978.2023	979.5707
978.3656	979.9628
978.656	980.2297
978.7328	980.9172
978.8387	980.8728
979.0282	980.6972
979.2348	980.9862
979.3037	981.17
979.3106	981.2411
979.3388	981.534
979.5172	981.6082
979.5262	981.3268
980.8362	982.3387
981.1163	982.7006
981.4702	983.0098
981.6868	983.3099
982.0116	983.893
982.0135	983.6867
982.1668	983.8582
983.2342	984.6657
983.7884	985.6077
983.8878	985.5561
983.9737	985.4568
984.0671	985.7666
984.2647	985.6464
984.7646	986.4592
984.932	986.6222
984.9845	986.8299
985.1619	986.6476
985.4416	987.1686
985.4699	987.3732
985.6018	987.6479
985.6235	987.6769
985.7927	987.6885
985.8273	987.7997
985.8994	987.9621
986.3853	987.8886
986.7313	988.1895
987.0536	988.8163
987.0692	988.7034
987.4298	988.9422
987.4579	989.1179
987.6263	989.1165
987.7314	989.3253
987.9716	989.5713
988.0847	989.5669
988.197	989.678
988.6805	990.1563
989.1568	990.7378
989.2661	990.9596
989.2957	990.9629
989.4877	991.0493
989.6111	991.2601
989.6564	991.3643
989.799	991.6337
990.2853	991.8378
990.8336	992.5094
991.7308	993.5537
991.7557	993.5525
991.9524	993.8739
991.9702	993.7888
992.2363	994.0064
992.3397	994.1272
992.4528	994.2866
992.7771	995.003
992.8499	995.333
992.8947	995.1735
993.0159	995.2988
993.0885	995.3359
993.3407	995.4426
993.5645	995.6974
993.6684	995.8601
993.9845	995.9856
994.0072	996.4588
994.0246	996.2755
994.1908	996.4188
994.2079	996.5381
994.2887	996.648
994.7875	996.773
994.8824	996.6968
995.0511	996.8636
995.4966	996.8484
995.6067	997.1853
995.9819	997.5215
996.1411	997.6721
996.4775	998.1798
996.5398	998.0149
996.6661	998.3425
996.7686	998.4541
996.972	998.6599
997.0021	998.7409
997.454	999.0605
997.6646	999.3819
997.7206	999.5107
997.9635	999.6891
997.9671	999.6734
998.0391	999.8815
998.0944	999.7888
998.1762	999.9445
