0.5057	1.9456
0.7514	2.1841
1.1365	2.6767
2.0806	3.5476
2.2888	3.8875
2.5675	4.025
2.8299	4.3252
3.0057	4.4022
3.2326	4.8891
3.2936	5.1028
3.5575	5.0624
3.8304	5.2116
4.474	6.005
4.5137	6.0075
4.637	6.2107
4.7893	6.3037
4.8318	6.4844
4.8396	6.41
5.1341	6.4979
5.3148	6.8492
5.4034	7.1479
5.4501	7.4153
5.5021	7.3284
5.6375	7.6098
5.708	7.6948
5.8858	7.7816
6.2331	7.9631
6.256	7.7566
6.5887	7.9706
6.8767	8.4296
6.9333	8.5132
7.1394	8.7054
7.301	9.366
7.3833	9.4201
7.6303	9.6826
7.6629	9.7588
7.6706	9.7715
7.7209	9.7628
7.8252	9.9438
7.8443	10.0484
8.0443	10.0514
8.1458	10.0933
8.2283	10.1796
8.831	10.2475
9.0666	10.6134
9.1552	10.711
9.2781	10.7465
9.3816	10.8275
9.3974	10.933
9.7114	11.0326
10.9305	12.56
10.9691	12.4249
12.0752	13.6338
13.1621	14.634
13.3604	14.9527
13.4046	14.985
13.5229	15.0975
14.2219	15.8958
14.2666	15.9921
14.3202	16.0875
14.6644	16.095
15.5202	17.2168
15.5419	17.2653
15.5605	17.3706
15.5929	17.3833
15.9684	17.5987
16.0664	17.6139
16.5767	18.0631
17.3038	18.6254
19.2892	20.7351
20.0916	21.4424
20.2881	21.7779
20.419	21.8891
21.0218	22.414
21.1778	22.7788
21.3197	23.0294
21.333	22.9888
21.4067	23.3071
21.523	23.4738
21.6179	23.6977
21.9079	23.783
22.1731	23.9021
22.7923	24.1305
22.9695	24.6009
22.9804	24.5994
23.2685	24.8288
23.4273	24.971
23.5113	24.8988
23.6238	25.1484
23.7681	25.1592
23.8683	25.4046
24.0198	25.7828
24.0523	25.6725
24.1317	25.7433
24.2625	25.8684
24.4489	26.0622
24.5386	26.2142
24.5943	26.3422
24.7685	26.3547
25.2944	26.9065
25.3289	27.1373
25.3928	27.3547
25.4295	27.3337
25.4584	27.4925
25.6201	27.3217
25.7799	27.5805
25.8351	27.5032
26.1661	27.6411
26.1718	27.848
26.4946	27.9388
26.7526	28.2625
26.993	28.5172
27.0646	28.7188
27.6905	29.0926
28.072	29.6873
28.1349	29.6519
28.8971	30.3716
28.9065	30.3682
29.0754	30.4456
29.4409	30.8737
29.4823	31.0841
30.3054	31.8104
30.3571	31.9106
30.4577	32.0816
30.4934	32.2101
30.7774	32.6869
30.8237	32.6307
30.9238	32.6204
31.1008	32.6231
31.3798	32.8155
31.594	32.929
31.8949	33.3465
32.5693	34.0479
32.5959	34.0569
32.7662	34.1584
33.0378	34.5072
33.0779	34.7044
33.2342	34.6812
33.3649	34.8762
33.494	35.1611
33.5087	35.1594
33.9977	35.4304
34.6063	36.1814
34.961	36.3216
35.1852	36.5989
35.3127	36.8163
35.3603	36.8253
35.4399	37.0951
35.6388	37.0327
35.7128	37.245
35.9888	37.3827
36.0683	37.7243
36.309	38.0425
36.5104	38.2447
37.0013	38.5253
37.3258	38.8373
37.6574	39.1167
37.6894	39.2982
38.0189	39.5772
38.2287	39.7821
38.597	40.4169
38.6392	40.4409
38.7781	40.4256
39.4672	41.0448
39.849	41.2778
40.4189	41.8018
40.5585	42.2036
40.6066	42.3591
40.73	42.1963
40.8834	42.4821
41.1114	42.6528
41.2203	42.7038
41.331	42.9093
41.397	42.858
41.9634	43.328
42.5669	44.1286
42.7231	44.2753
42.9942	44.453
43.1478	44.6556
43.4276	44.7975
43.6058	45.1563
45.2095	46.6967
45.2823	46.9695
45.36	47.0105
45.9868	47.4614
46.1261	47.6252
46.1518	47.8188
46.7765	48.1768
47.3526	48.8918
47.3725	49.0701
47.438	49.1127
47.5877	49.2429
47.6692	49.3008
47.9129	49.6727
47.9657	49.7675
47.9874	49.7025
48.4034	49.8688
48.5281	50.1551
48.5719	50.9433
48.5944	51.0154
48.604	51.0499
48.7849	51.3051
48.8249	51.489
48.8668	51.6108
48.9439	51.8019
48.9937	51.7937
49.0461	51.732
49.1111	51.7984
49.3863	52.2156
49.3909	52.1595
49.4032	52.1271
49.9613	52.411
50.1458	52.6515
50.3986	52.5146
50.8753	53.0138
51.2686	53.3956
51.3914	53.4337
51.4038	53.5445
51.4426	53.4461
51.5722	53.433
51.745	53.7116
51.7616	53.5986
52.0802	53.9812
52.2256	54.0304
52.3653	53.9732
52.9298	54.3083
53.3501	54.674
53.6105	55.1334
53.6557	55.3857
53.6888	55.47
53.7776	55.5435
53.8312	55.717
54.2054	55.7706
54.2584	55.9027
54.7835	56.2771
55.2199	56.6207
55.5325	56.8801
56.2848	57.8353
56.675	58.0032
57.3519	58.8641
57.4815	59.0176
57.6618	59.1606
57.6763	59.1133
57.8221	59.3766
58.0289	59.6253
58.1571	59.75
58.4423	59.9188
58.4619	60.0515
58.6358	60.629
58.6711	60.5373
58.9088	60.7011
59.0873	60.6233
59.8642	61.3069
59.8762	61.5566
60.242	61.6781
60.882	62.4047
61.0062	62.4723
61.2795	62.8649
61.5714	63.1171
61.7938	63.274
62.0388	63.4983
62.0572	63.559
62.3322	63.6793
62.9933	64.5727
63.4186	64.9677
64.0864	65.5176
64.2116	65.7092
64.2752	65.8219
64.4332	66.1084
64.4346	66.1426
65.2129	66.7615
65.2153	66.6655
65.4922	67.071
65.7234	67.2903
65.9885	67.4863
66.1811	67.738
66.2524	67.7834
66.5011	67.8752
66.6268	68.2494
67.6363	69.1006
67.7683	69.1038
67.9271	69.6264
68.0761	69.6582
68.3162	69.87
68.3522	69.9854
68.7584	70.1712
68.8932	70.5781
68.9611	70.7625
68.9852	70.9497
69.0125	70.8688
69.4395	71.0133
69.4574	71.113
69.7908	71.6553
69.8362	71.4931
70.0107	71.6593
70.0249	71.728
70.3584	71.7481
70.4705	71.8759
70.7006	72.2838
70.7612	72.2905
70.8023	72.2895
71.1067	72.4678
71.1924	72.7543
71.2922	72.8198
71.4828	72.929
71.5158	73.142
71.7194	73.2779
71.7222	73.3773
71.8901	73.3275
72.0359	73.6034
72.173	73.9928
72.3069	73.839
73.0536	74.356
73.2719	74.9109
73.7209	75.1191
73.984	75.4246
74.1883	75.5435
75.226	76.705
75.5161	77.0834
75.6492	76.9834
75.8755	77.2449
76.4587	77.8671
76.6096	78.0978
76.8225	78.239
77.1258	78.641
77.1857	78.7747
78.6371	80.2141
78.6425	80.2998
78.6852	80.226
79.2151	80.8452
79.2521	80.7297
79.2729	80.8417
79.5608	81.3688
79.7062	81.4706
79.7089	81.522
80.3887	81.9774
80.5933	82.4135
81.0014	82.6828
81.5346	82.9873
81.8078	83.2544
81.8564	83.2476
82.6166	84.1281
82.7217	84.5615
82.7858	84.6575
82.8103	84.6315
83.2209	84.892
83.8966	85.4338
83.9326	85.5252
84.327	85.819
84.4333	86.1307
84.495	86.3116
84.5313	86.2145
85.4846	87.1863
85.5438	87.206
85.6547	87.2877
86.1441	87.6652
86.268	87.5889
86.9022	88.6405
86.9289	88.6544
86.9818	88.5872
87.2814	88.8638
87.4673	88.7921
87.747	89.6273
87.7719	89.6585
87.8778	90.016
87.9664	90.1254
88.0566	89.9879
88.0783	90.1746
88.3883	90.3414
88.6594	90.4328
88.6784	90.2907
89.3458	91.0141
89.3512	90.8788
89.4563	90.9596
89.6279	91.3111
89.7777	91.4043
89.8759	91.3954
90.2475	91.6583
90.3581	91.7478
90.4944	92.1932
90.5001	92.1058
90.6129	92.2598
91.0235	92.5408
91.2533	92.7248
91.2971	92.9008
91.4852	92.9302
91.873	93.6386
91.8858	93.5166
91.8945	93.4898
92.1924	94.0606
92.2099	93.9841
92.3951	94.309
92.4073	94.5498
92.4182	94.4283
92.4726	94.3836
92.51	94.5415
92.722	94.7219
92.9142	94.7353
93.0032	94.6662
93.4936	95.01
93.5636	95.2338
93.7016	95.3202
94.0755	95.5981
94.1322	95.523
94.3327	95.8547
94.4559	96.0982
94.5151	96.0049
94.8065	96.3616
94.8315	96.4723
94.9921	96.5158
95.3656	96.8961
95.6751	97.0688
96.0248	97.4614
96.2383	97.808
96.4062	98.5169
96.4161	98.3667
96.5557	98.642
96.5835	98.7571
96.7129	98.8683
96.7219	98.9016
96.7235	98.8583
97.2347	99.1096
97.2689	98.9892
97.5568	98.9717
98.4231	100.0537
99.0882	100.6079
99.539	100.9916
99.6608	101.0132
99.7604	101.4005
99.7874	101.4441
100.3528	101.768
100.888	102.2699
101.0771	102.5143
101.5084	103.084
101.834	103.3636
101.9338	103.4648
102.2069	103.7328
102.598	104.1987
102.6678	104.0939
103.4785	104.8522
103.7212	105.3392
103.7714	105.3448
103.9215	105.331
104.0502	105.4761
104.2892	105.6744
104.4583	105.9542
104.4609	105.8688
104.8295	106.4085
105.0203	106.5098
105.7582	107.4942
105.8879	107.6891
107.0037	108.8298
107.0831	108.9182
107.329	109.3073
107.371	109.2688
107.4215	109.117
107.9317	109.4748
108.019	109.7908
108.0403	109.7987
108.0877	109.8088
108.1137	109.8852
108.1896	110.1694
108.4631	110.1794
108.5752	110.4425
108.6341	110.5733
108.8649	110.6347
108.9061	110.8893
109.0261	110.7482
109.1335	110.7797
109.3891	110.9726
110.0246	111.5509
110.0299	111.5547
110.3576	112.0199
110.3806	112.2273
110.4742	112.1923
110.4745	112.1178
110.4817	112.1994
110.8101	112.4019
111.0923	112.852
111.1107	112.8164
111.3684	113.0303
111.3767	113.0255
111.5474	113.0692
111.8323	113.2977
112.1197	113.5715
112.3787	113.92
112.71	114.1465
112.7404	114.3233
112.9802	114.5857
113.2199	114.6599
113.7126	115.0974
114.5044	116.104
114.539	116.0198
114.8026	116.3684
114.9336	116.3872
115.32	116.6461
115.5677	117.0425
115.609	117.4136
115.6348	117.5539
115.8679	117.5818
116.0818	117.6445
116.683	118.3927
116.6935	118.2215
116.7487	118.3575
116.8893	118.4141
117.11	118.7871
117.17	118.7541
117.6447	119.2947
117.6472	119.2159
117.9689	119.4767
118.0254	119.6821
118.1892	119.8337
118.4156	119.7894
118.5952	120.5891
118.6177	120.4872
118.679	120.6609
118.7075	120.7967
118.7745	120.6831
118.8531	120.7588
119.5611	120.9519
119.591	121.024
119.9585	121.4477
120.0172	121.5653
120.7934	122.2761
121.1166	122.5035
121.3217	122.8444
121.3409	123.0238
121.357	123.0443
121.8263	123.2457
122.089	123.5271
122.613	124.1569
122.8356	124.4808
123.0869	124.5432
123.2779	125.4056
123.2973	125.3397
123.318	125.4886
123.3438	125.4776
123.4422	125.5422
123.6941	125.789
123.7454	125.8408
123.7817	126.0474
123.9569	126.0617
124.8384	126.1773
125.0107	126.5338
125.1826	126.619
125.2881	126.6339
125.7653	127.26
126.1034	127.6606
126.2431	127.9516
126.2862	128.0074
126.2909	127.9703
126.4845	128.1025
126.4997	128.1916
126.8599	128.2928
127.87	129.4488
128.1521	129.7348
128.2185	129.9999
128.3021	129.9948
128.7212	130.2775
129.021	130.5412
129.0646	130.6228
129.6885	131.2175
129.8458	131.23
130.6723	132.2843
130.6879	132.355
131.1966	132.649
131.2524	132.8668
131.3908	132.7531
132.0749	133.6908
132.6205	134.2188
132.645	134.33
132.6889	134.1519
132.9088	134.3737
133.0921	134.5221
133.8069	135.2947
134.1848	135.7417
134.4218	136.0084
134.439	136.1089
134.6157	136.1628
134.7121	136.3042
134.7871	136.4073
135.1789	136.6792
135.1938	136.7953
135.2106	136.7998
135.5569	137.0872
136.4111	137.9838
136.4694	138.2012
136.6228	138.0952
137.8703	139.6068
137.8982	139.797
137.9232	139.5893
138.0418	139.645
138.4014	139.8396
138.4813	139.9212
139.6048	141.0926
139.702	141.1978
139.8258	141.1724
139.9766	141.6772
140.1962	141.8026
140.1972	141.8224
140.8007	142.3668
140.8513	142.4451
141.0512	142.6123
141.1031	142.7624
141.145	142.8552
141.2702	143.0855
141.3622	143.2584
141.5798	143.7376
141.6069	143.5234
141.7901	143.8381
141.8517	143.8874
141.9631	143.8988
142.477	144.106
142.5147	144.2412
142.7407	144.1989
143.4579	145.0665
143.4629	145.0898
144.0062	145.4677
144.3774	145.7796
144.5554	146.1379
144.6849	146.0832
144.898	146.4317
145.2965	146.8262
145.4073	146.8241
145.4434	146.966
145.525	147.2649
145.6977	147.4596
145.7499	147.5982
145.8375	147.4026
147.0981	148.4845
147.4696	149.186
147.4825	149.3126
147.5266	149.3694
147.708	149.4009
147.8221	149.429
148.4627	149.9439
148.4839	150.167
149.5753	151.125
149.5967	151.0369
149.9786	151.3999
150.7617	152.2565
150.7893	152.6259
150.8845	152.786
151.2449	152.8464
151.371	152.9566
151.4687	153.0873
151.5425	153.3346
151.5673	153.324
151.9366	153.5793
152.4102	153.8935
152.4947	154.3654
152.5228	154.4793
152.6344	154.6731
153.0303	154.8457
153.0674	154.9896
153.3512	155.0469
153.6286	155.1764
153.6331	155.1933
153.8456	155.4028
154.0788	155.6184
154.2374	155.5979
154.3219	155.7328
154.3598	155.8659
154.5321	155.9545
154.7505	156.4055
154.763	156.3695
155.1793	156.606
155.2306	156.8392
155.7311	157.0907
156.0148	157.7963
156.0486	157.8125
156.115	158.0068
156.3632	157.9971
156.4116	158.137
156.7235	158.2116
156.8148	158.4079
156.8887	158.4203
157.1661	158.7986
157.238	159.1493
157.3226	159.1782
157.3764	159.2137
157.4265	159.4558
157.5214	159.2852
157.8299	159.5442
158.0879	159.589
158.3542	159.8239
158.7409	160.3202
158.8261	160.5045
159.0669	160.392
159.2131	160.8634
159.2668	160.9737
159.3324	161.1088
159.4416	161.1985
159.6012	161.1259
159.841	161.2983
160.0632	161.7258
160.4066	161.9822
160.4939	162.0993
161.3206	162.8533
161.5119	163.2086
161.5146	163.0628
161.5951	163.4021
161.6892	163.4334
162.5588	164.0984
162.6429	164.1326
162.8606	164.2402
162.933	164.6854
163.0356	165.0164
163.1238	164.9632
163.1778	165.1286
163.2619	165.1671
163.5645	165.2268
163.7951	165.5161
163.8413	165.4605
164.0146	165.8594
164.1371	165.7432
164.156	165.899
164.544	166.2036
164.6179	166.5375
164.7041	166.7545
164.8283	166.6137
164.8395	166.73
165.5718	167.3594
165.63	167.31
165.6708	167.5119
165.7822	167.6056
165.9681	167.5146
166.1811	167.6928
166.4964	167.9244
166.5174	168.2051
166.6544	168.1575
166.7159	168.2174
166.92	168.5191
167.1588	168.6518
167.3476	168.8839
167.5287	168.9354
167.7675	169.2245
167.8004	169.3237
168.0842	169.4875
168.3782	169.8782
168.4852	169.9369
168.6971	170.2926
169.2095	170.7629
169.3951	170.9911
169.4123	171.1179
169.5629	171.0081
169.9979	171.4361
170.6819	172.3881
170.7774	172.5726
170.8753	172.8666
170.908	172.7709
171.0626	172.7565
171.8164	173.2823
172.0966	173.7587
172.1017	173.5723
172.7088	174.0487
173.0244	174.8078
173.2001	174.822
173.2382	174.9696
173.588	175.1241
173.7199	175.0535
173.8147	175.1987
174.026	175.4733
174.3805	175.6842
174.5993	176.1143
174.6624	176.114
174.8448	176.3358
174.8709	176.6235
175.4087	176.7798
175.5108	177.0924
175.5622	177.0146
175.7355	177.1853
176.6305	178.3322
176.6573	178.4026
176.957	178.7498
176.9855	178.7553
177.1505	178.9729
177.7095	179.1858
177.8079	179.1131
178.0403	179.5429
178.1952	179.7407
178.5511	180.0861
178.8859	180.4087
179.0478	180.5984
179.2189	180.7215
179.2911	180.8565
179.3717	180.7816
179.7121	181.2498
179.7271	181.2102
179.8898	181.4036
179.9511	181.6129
180.1459	181.8924
180.146	182.0209
180.2081	182.0058
180.4588	182.3099
180.6439	182.6773
180.7874	182.7498
180.8032	182.6786
180.8713	182.8871
180.9041	182.8392
180.9293	182.9071
181.2573	183.1113
181.3037	183.032
181.5604	183.4248
181.6051	183.4009
181.7527	183.6244
183.1074	184.6522
183.151	184.8892
183.3674	184.8069
184.5647	185.9102
184.7282	186.1961
184.856	186.2934
184.9625	186.4479
185.3925	186.8734
185.5338	187.1503
185.76	187.2558
185.9377	187.3644
186.0684	187.5584
186.248	187.6222
186.3939	187.9451
186.5269	187.8764
187.0055	188.3925
187.4295	188.8011
187.6583	189.4165
187.6818	189.4341
187.7631	189.5353
187.8141	189.5488
187.9567	189.7218
188.2963	189.7512
188.313	190.0267
188.3758	189.9098
188.6062	190.0929
188.7683	190.2564
189.3256	190.9798
189.3387	191.0424
189.7235	191.0743
189.9916	191.4897
190.1253	191.7409
190.2821	191.8258
190.4427	192.0128
190.485	192.0714
190.7095	192.1594
191.2037	192.678
191.3605	192.9458
191.3747	192.9617
191.5963	193.2534
191.6808	193.2781
191.7428	193.3094
192.2145	193.7767
192.4244	193.9191
192.9456	194.3389
193.2907	194.7785
193.3023	194.8636
193.6391	195.1431
193.6486	195.2814
193.8686	195.4942
193.9268	195.7125
193.9632	195.8878
194.0686	195.8914
194.14	196.0646
194.3852	196.1304
194.4155	196.2375
194.4701	196.1597
194.6385	196.2261
195.1399	196.6097
195.1948	196.7064
195.2813	196.9055
195.2977	196.7726
195.5037	197.3009
195.5374	197.1153
195.6757	197.4225
195.8613	197.8333
195.8929	197.8933
195.9351	197.7664
196.0834	198.0305
196.2083	198.216
196.5071	198.1331
197.2978	198.704
197.6028	199.1715
197.6168	199.173
197.7616	199.3297
198.346	199.8073
198.348	199.9692
198.7688	200.2752
199.1226	200.669
199.5436	201.0393
199.8019	201.2071
199.8474	201.4673
199.8955	201.4694
200.605	202.1505
200.6509	202.1943
200.7387	202.429
201.0648	202.3969
201.1854	202.7346
201.2172	202.85
201.2234	202.8294
201.2469	202.8892
201.497	203.1401
201.7678	203.3225
201.8499	203.4987
202.2432	203.6586
202.555	203.951
203.0076	204.4298
203.0852	204.7861
203.0945	204.6702
203.3631	204.847
204.1765	205.5675
204.5066	206.1084
204.5517	206.1937
204.6535	206.3562
204.8452	206.5738
204.8621	206.6041
205.3001	206.6543
205.773	207.3308
206.6083	207.9117
206.8462	208.2153
207.243	208.8207
207.2596	208.8801
207.2639	208.8991
207.3665	208.9412
207.6397	209.2336
207.8068	209.2805
208.6071	210.2772
208.7483	210.5707
209.0428	210.4992
209.2575	210.9035
209.2945	210.8093
209.6325	211.0308
209.9767	211.4906
209.9848	211.3904
210.2038	211.8141
210.2362	211.9335
210.2738	211.7055
210.7011	212.2026
210.8543	212.4387
211.0016	213.0268
211.2139	213.0872
211.2951	213.1994
211.5735	213.1122
212.2351	213.7891
213.5965	215.3414
213.6493	215.5039
213.692	215.381
213.9348	215.5069
214.0576	215.7004
214.1922	215.611
214.462	215.9471
215.1615	216.7028
215.3057	216.8545
215.655	217.143
215.6553	217.3276
216.2152	217.7372
216.7129	218.1178
216.9858	218.5184
218.3974	219.9626
218.4152	220.0162
218.5954	220.1224
218.6648	220.1098
219.0939	220.5904
219.7328	221.2104
219.8128	221.4614
219.816	221.4593
219.8336	221.5572
219.9719	221.7214
220.1269	221.5982
220.5062	221.8504
221.5439	223.1272
221.5587	223.0223
221.8438	223.4127
221.9962	223.4944
222.0793	223.4955
222.5793	224.1417
222.6005	224.4865
222.6444	224.4334
222.7203	224.4045
223.5227	225.0946
223.963	225.5073
224.4152	225.8564
224.5549	226.1145
224.9252	226.5783
224.9553	226.7452
225.0018	226.9717
225.0429	227.1208
225.0431	226.9127
225.5232	227.1682
225.5468	227.2886
225.9248	227.5587
225.9332	227.4748
226.0153	227.714
226.2947	227.6409
226.6189	228.1176
226.9423	228.5641
227.2292	228.6882
227.9314	229.668
227.9492	229.6499
227.9626	229.7922
228.1787	229.816
228.6657	230.2241
228.7195	230.1281
228.821	230.3959
229.0075	230.3968
229.0777	230.7007
229.1309	230.6382
229.4702	230.9684
229.5297	231.0526
229.5542	231.0785
229.9167	231.4509
230.1928	231.8078
230.454	231.9848
230.5235	232.1148
230.705	232.2026
230.8099	232.7171
230.8378	232.8127
230.8853	232.8623
231.109	233.0553
231.2345	233.2613
231.3096	233.3196
231.463	233.5432
231.7035	233.7054
231.7581	233.8039
232.2845	233.6569
232.462	234.0379
232.4877	234.0055
232.6414	234.3249
232.6795	234.276
232.7943	234.6083
232.9693	234.8319
232.9815	234.7564
233.1228	234.9391
233.1931	235.0243
233.5889	235.2083
233.6494	235.1203
233.867	235.3032
234.3209	235.7705
234.4105	235.903
235.03	236.6543
235.1587	236.8267
235.2174	236.6591
235.5618	236.9265
235.6975	237.1505
235.7714	237.1558
236.1871	237.8241
236.2404	237.7819
236.4399	237.8215
236.7014	238.1322
237.4011	238.8669
237.5066	238.9575
237.8679	239.4077
238.2206	239.6479
238.4119	239.9562
239.1292	240.7124
239.4988	241.0399
240.0737	241.606
240.1029	241.5203
240.2982	241.8818
240.477	242.1981
240.6021	242.1887
240.7748	242.1997
241.5831	242.9907
242.1869	243.583
242.2302	243.6898
242.5115	243.9729
242.7398	244.6811
242.7426	244.6745
242.7557	244.5303
242.807	244.8555
243.1692	244.9516
243.2498	244.8211
243.8601	245.3144
243.9804	245.5503
244.4427	245.9447
244.7234	246.2682
244.8539	246.456
245.0049	246.588
245.0303	246.6803
245.2878	246.9092
245.5794	247.1778
245.91	247.4733
246.0793	247.5575
246.1389	247.7285
246.237	247.8279
246.4133	248.0703
246.4509	247.9712
247.147	248.5385
247.1832	248.8258
247.3129	248.7429
247.5498	249.0101
247.6492	249.1085
247.823	249.6185
247.8616	249.7439
247.8929	249.8639
248.0318	249.7754
248.279	249.9998
248.767	250.1406
249.0718	250.902
249.0885	251.1907
249.1353	251.107
249.1487	251.2761
249.2676	251.4254
249.2774	251.5004
249.4526	251.6297
249.5638	251.5611
249.8981	251.7545
250.3783	251.8498
250.65	252.1961
250.7925	252.5886
250.8613	252.6749
250.879	252.6739
250.996	253.0318
251.1794	253.1281
251.2456	253.2936
251.2758	253.4963
251.3331	253.4406
251.5417	253.6118
251.6987	253.7503
252.0004	253.9729
252.3272	254.2372
252.4716	254.2821
252.5826	254.377
252.7868	254.5883
253.2344	254.641
253.8274	255.4572
253.8874	255.5356
254.088	255.6161
254.4633	255.9534
254.773	256.4493
254.9495	256.4626
254.9686	256.6401
255.1732	256.8122
255.5508	257.0333
255.5836	257.1764
255.9524	257.4357
256.2346	257.7479
256.326	257.718
256.4594	257.9615
256.4595	257.904
256.7629	258.19
257.1688	258.752
257.2796	258.6488
257.39	258.7726
257.5932	259.1295
257.728	259.2004
257.9732	259.5214
258.1722	259.7193
258.2015	259.8255
258.4846	259.9823
258.5965	259.9816
259.1092	260.5643
260.1267	261.547
260.4168	261.7733
260.5055	262.0576
260.8404	262.4769
260.8439	262.3674
261.008	262.5858
261.1358	262.5955
261.4361	262.9666
261.5118	263.0449
261.601	263.3756
261.6288	263.2875
261.7937	263.369
262.3521	263.9974
263.159	264.5312
263.6252	265.1606
263.7044	265.3438
263.7207	265.2741
264.1492	265.6441
264.5193	265.9636
264.751	266.0884
264.83	266.3684
265.19	266.7968
265.2325	266.8452
265.6726	267.1929
265.675	267.2802
265.8027	267.3821
266.0062	267.5126
266.079	267.5969
266.3742	267.8265
266.838	268.2756
266.9452	268.5024
267.0291	268.4552
267.4755	269.0455
267.5284	269.1191
267.7134	269.0805
268.1639	269.4975
268.4266	270.0367
268.4466	270.0656
268.4729	270.219
268.6581	270.2028
268.8634	270.4625
269.0365	270.5867
269.2469	270.9145
269.3739	271.034
269.3757	270.9358
269.7061	271.1478
269.9001	271.3348
269.9491	271.6322
270.01	271.5889
270.1518	271.9546
270.3537	272.5395
270.3732	272.6636
270.4174	272.5559
270.4948	272.7045
270.5489	272.858
270.5523	272.8475
270.6117	272.8728
270.7014	273.11
270.8164	273.1844
270.9282	273.0484
270.9414	273.0238
271.3429	273.4022
271.3701	273.4175
271.562	273.2909
271.7743	273.308
272.0348	273.4283
273.1302	274.4516
273.2733	274.8399
273.2766	274.8256
273.5757	275.1381
273.7586	275.2077
273.888	275.2642
273.9927	275.4998
274.0483	275.6147
274.1125	275.6833
274.2172	276.0626
274.3382	276.2087
274.5347	276.3877
274.5523	276.3813
274.9165	276.4201
275.0522	276.4639
275.092	276.563
275.4215	276.788
275.6622	277.0268
275.8448	277.2259
276.3487	277.8503
276.3547	277.8733
276.5195	278.2815
276.6106	278.4761
277.1858	278.6069
277.7952	279.3089
277.8149	279.559
277.8757	279.5691
278.1339	279.7922
278.4327	280.063
278.4653	279.9317
279.277	280.8207
279.7163	281.4765
279.7185	281.3831
279.8069	281.5802
279.9281	281.6069
280.1724	282.1221
280.3101	282.2078
280.4068	282.0913
280.4767	282.2096
280.4883	282.2646
280.881	282.4186
281.0239	282.5985
281.1011	282.6932
281.4656	282.9963
281.4769	283.264
281.6105	283.5189
281.6632	283.4658
281.7503	283.4658
282.2429	283.7905
282.2704	283.9665
282.33	284.0666
282.459	284.3124
282.524	284.4575
282.6591	284.425
283.0045	284.5206
283.4907	285.02
283.8596	285.3744
283.8923	285.411
284.171	285.8999
284.3228	285.7296
285.1981	286.6054
285.2381	286.6988
285.5208	286.8686
285.759	287.2588
285.8204	287.3268
285.858	287.4048
286.3791	288.4351
286.5329	288.7058
286.5333	288.7683
286.6234	288.7804
286.6583	288.7632
286.7023	288.8936
287.1146	289.1008
287.1374	288.9344
287.4726	289.1898
287.4747	289.2669
287.6985	289.4832
287.7237	289.4245
287.9745	289.5949
288.4819	290.0093
289.021	290.7467
289.1935	291.0286
289.3554	291.1361
289.9787	291.5925
289.9984	291.543
290.1102	291.7118
290.193	291.6616
290.654	291.9992
290.858	292.268
291.1082	292.5851
291.6864	293.1654
291.9982	293.4798
292.1884	293.7771
292.1926	293.8232
292.565	294.1587
292.6664	294.177
292.8344	294.3893
292.8949	294.3573
293.1	294.528
293.6569	295.1577
294.5855	296.1711
294.6466	296.339
294.6587	296.3617
294.7364	296.5947
295.035	296.4562
295.2895	296.6265
295.4534	297.0082
295.5879	297.1056
295.7455	297.2842
295.794	297.5354
295.9819	297.3996
296.3246	297.9364
296.8676	298.3595
296.9335	298.507
297.0092	298.9057
297.0477	299.0814
297.1593	299.2257
297.206	299.2829
297.372	299.3457
297.838	299.4883
298.1357	299.5202
298.1971	299.725
298.4133	299.8306
298.5485	300.2682
298.7969	300.3811
298.9945	300.4929
299.4967	300.8936
299.6506	301.4013
299.6755	301.2734
299.7369	301.3742
300.0641	301.6218
300.6125	302.0745
300.8461	302.3414
301.0062	302.4503
301.2175	302.8109
302.4006	303.7695
302.6003	304.0628
302.9345	304.3108
303.0435	304.5888
303.2422	304.6066
303.6882	305.1028
303.9498	305.2778
304.2076	305.6107
304.4655	305.9396
304.7269	306.0987
305.0861	306.4232
305.5314	306.8419
305.7641	307.2247
305.866	307.2993
306.0902	307.6138
306.0975	307.7815
306.5038	308.055
306.96	308.2675
307.4892	308.9626
308.2528	309.6697
308.3063	309.7637
309.0937	310.7614
309.1111	310.6824
309.3464	311.2282
309.422	311.4124
309.4457	311.4416
309.5323	311.5181
309.5582	311.47
309.7098	311.5841
309.7177	311.5007
310.402	311.8724
310.4618	312.0639
310.4939	312.2775
310.7824	312.3416
310.809	312.4567
310.9843	312.5403
311.5324	313.008
312.1811	313.718
312.1972	313.7388
313.3674	314.7743
313.6556	315.1941
314.0528	315.6122
314.1339	315.5052
314.4168	315.8524
314.67	316.2698
314.6778	316.2114
314.9045	316.3344
315.1007	316.4111
315.4056	316.8967
315.7577	317.1055
315.893	317.3664
316.0278	317.4384
316.2169	317.6338
316.5899	318.1723
316.6542	318.1232
316.7741	318.1875
316.8399	318.5419
316.9266	318.442
316.9634	318.7004
317.162	319.0856
317.2494	319.1152
317.3228	319.2824
317.3995	319.1911
317.5584	319.2211
317.6695	319.257
317.9981	319.3886
318.0962	319.7147
318.097	319.8011
318.2952	319.6843
318.9421	320.2502
320.1363	321.585
320.5422	321.8951
320.7122	322.1108
320.8428	322.4217
320.8562	322.3996
320.8616	322.6735
321.1756	322.7761
321.296	322.9664
321.5146	322.9901
322.3069	323.7332
322.4823	324.0362
322.5893	324.0641
322.944	324.4863
323.3266	324.8912
323.8142	325.3842
324.0872	325.4614
324.1958	325.6963
324.2143	325.8706
324.9177	326.3315
324.9809	326.5475
325.1068	326.6218
325.3024	326.9501
325.4587	326.9463
325.7646	327.2721
326.0183	327.5717
326.1215	327.739
326.124	327.5468
326.4015	327.9332
326.561	327.8838
326.7833	328.1419
327.3942	329.1626
327.3996	329.2829
327.9465	329.3832
328.576	330.1235
328.6623	330.0488
329.2252	330.8543
329.5456	331.0832
329.6472	331.056
330.1812	331.6816
330.2183	331.7591
330.2684	331.9738
330.2897	331.8659
330.8159	332.2501
330.8747	332.328
331.1848	332.5624
331.7756	333.2429
331.8143	333.3057
332.1716	333.5338
332.2464	333.85
332.3352	333.8697
332.846	334.3745
333.1857	334.6708
333.2636	334.6653
333.653	335.0688
334.18	335.6836
334.4374	335.9667
334.4598	336.1918
334.704	336.0924
334.8364	336.3402
335.1771	336.784
335.2336	336.7091
335.3163	336.835
335.9923	337.5877
336.4369	337.8145
336.6686	338.1969
336.7915	338.3661
337.2139	338.6636
337.752	339.4957
338.1991	339.5217
338.3069	339.6476
339.0459	340.657
339.157	340.7064
339.4034	340.8972
339.7547	341.282
339.7999	341.4149
339.8193	341.4727
340.0004	341.5142
340.3103	341.8784
340.3564	341.9146
340.5427	342.1209
341.15	342.7089
341.3691	342.8899
341.4412	343.2546
341.6447	343.2571
342.0334	343.4593
342.862	344.2448
343.4028	344.8936
343.4717	345.1269
343.9411	345.299
344.1515	345.5802
344.2816	345.9476
344.5709	346.2173
344.6152	346.3553
344.7618	346.6722
344.8955	346.7058
344.9262	346.8145
345.0564	346.6638
345.4699	347.0722
345.5486	347.1831
345.7989	347.3457
346.105	347.5711
346.1504	347.6141
346.6479	348.5051
346.66	348.4784
346.664	348.6166
346.6803	348.713
346.6831	348.6018
347.0914	348.8574
347.2106	348.8422
347.2806	348.9834
348.0994	349.6256
348.256	350.0375
348.2722	349.9252
348.3252	349.9302
348.6204	349.9545
348.9033	350.4434
349.0664	350.3909
349.448	351.1295
349.4715	350.9693
349.7642	351.2153
349.8133	351.4235
350.2642	351.7744
350.2767	351.8645
350.3725	351.8773
350.6504	352.1944
351.2651	352.8468
351.3369	352.7752
351.5092	352.9425
351.5777	353.1355
351.6502	353.1578
352.1854	353.5235
352.2894	353.9063
352.3271	353.8103
352.4894	354.0004
353.3516	354.8812
353.5629	354.9904
353.667	355.227
353.7358	355.5031
354.4407	355.9896
354.5639	356.025
354.6221	356.0748
354.8348	356.3927
354.8404	356.5918
355.1184	356.6967
355.1371	356.814
355.311	357.091
355.4298	357.1587
355.4543	357.1371
355.6735	357.3474
355.8038	357.3857
356.0369	357.6395
356.2801	357.8695
357.0049	358.3085
357.2846	358.7626
357.7784	359.153
358.0626	359.7011
358.084	359.717
358.3052	359.7539
358.4718	359.983
358.5431	360.4055
358.7534	360.6459
358.7596	360.6616
358.8366	361.0116
358.9537	361.0088
359.0662	360.9798
359.2642	361.0001
359.4517	361.0397
359.7966	361.3709
359.831	361.3254
360.2896	361.6857
360.4566	361.9466
360.5409	361.997
360.7107	362.1375
361.0368	362.5483
361.2619	362.5738
361.3597	363.22
361.4504	363.2469
361.9199	363.3976
362.0643	363.6406
362.5489	364.0165
362.8663	364.3693
363.4922	365.0384
363.5844	365.118
363.663	365.1208
363.8147	365.5156
363.8285	365.4209
364.2102	365.7406
364.2826	365.9022
364.447	366.1373
364.5313	366.049
364.661	366.2757
364.7071	366.4181
365.3072	366.6962
365.3999	367.0536
365.6494	367.0984
365.8623	367.372
366.0847	367.4891
366.3551	367.8572
366.6575	368.1759
366.8471	368.2126
367.3181	368.8022
367.3577	368.9966
367.5329	369.4713
367.6327	369.5295
367.7626	369.6937
367.969	369.599
368.0226	369.838
368.8227	370.4777
368.8541	370.6797
369.0589	370.8556
369.1439	370.8769
369.3778	371.1432
369.3892	371.2771
369.4195	371.3759
369.5444	371.4338
369.831	371.656
369.9245	371.7131
370.0932	371.7824
370.3847	371.8031
370.4975	372.0715
370.6411	372.2227
371.0724	372.4774
371.4993	373.1745
371.5036	373.157
371.7082	373.1991
371.9063	373.4322
372.1425	373.5667
373.3108	374.8193
373.3493	375.0388
373.7388	375.3887
373.9295	375.5977
373.9534	375.6014
374.268	375.7547
374.546	376.1509
374.5635	376.419
374.5772	376.4232
374.7364	376.415
375.0222	376.4866
375.2643	376.6884
375.3559	376.8396
375.6481	377.2461
376.0182	377.5029
376.1687	377.6472
376.7286	378.1956
376.8332	378.3232
377.3522	378.6965
377.6248	379.2904
377.6379	379.2176
378.0544	379.4825
378.1326	379.6311
378.1665	379.7364
378.2726	379.8231
378.3582	380.0287
378.396	380.1086
378.5231	380.2237
379.2382	380.9819
379.2387	380.9201
379.3437	381.1625
379.6216	381.2243
380.081	381.5459
380.3298	381.8837
380.489	382.0839
380.7008	382.2011
380.992	382.4283
381.0897	382.4719
381.3105	382.8036
381.5019	382.9609
382.3294	383.7637
382.3777	383.9032
382.5728	384.0704
382.6492	384.2761
383.3785	385.0347
383.3919	384.9529
383.4473	384.9838
383.6466	385.0213
384.2943	386.0518
384.3153	386.1156
384.3309	386.2886
384.3849	386.1558
384.9529	386.437
385.2018	386.8134
385.2921	386.8075
385.5466	387.0534
385.5907	387.0358
386.2334	387.9017
386.5678	388.1485
386.725	388.1731
387.161	388.6322
387.1757	388.8495
387.2761	388.9472
387.3425	389.1322
387.5263	389.1215
387.9934	389.5312
388.1031	389.6429
388.2316	389.6868
388.6289	390.2861
388.6658	390.366
388.6839	390.2844
389.3141	390.8792
389.3737	390.8701
389.3799	390.8916
389.6847	391.2238
390.2491	391.8343
390.3609	392.3128
390.3907	392.4549
390.4667	392.5305
390.5929	392.5957
390.9392	392.6847
391.2374	392.7382
391.7691	393.4298
391.8451	393.4734
392.2039	393.7703
392.2251	393.8746
392.3571	393.934
392.4059	394.1616
392.442	394.1665
392.7229	394.1445
392.859	394.4639
392.9023	394.5549
393.1769	394.6398
393.4831	394.7871
393.853	395.2129
394.1289	395.5551
394.2544	395.6791
394.3143	395.8444
394.6145	396.3598
394.6166	396.3875
394.6539	396.502
394.6691	396.6267
394.7434	396.667
395.1679	396.8486
395.4978	396.9866
395.584	397.1937
395.6724	397.2953
396.1711	397.5453
396.3702	397.9212
396.8286	398.7062
397.0344	399.0095
397.057	398.9399
397.1503	399.2368
397.3768	399.0328
397.8924	399.2824
397.9908	399.366
398.0974	399.5188
398.2183	399.76
398.2386	399.8874
399.0846	400.5049
399.4373	401.1953
399.5936	401.1275
400.0871	401.6725
400.1528	401.6802
400.4402	401.7549
400.6069	401.9086
400.8644	402.2384
401.5523	403.0998
401.9393	403.3712
402.6477	404.135
402.7368	404.1133
403.3399	405.1442
403.3522	405.1862
403.8532	405.4227
403.8597	405.6358
404.0542	405.8609
404.0569	405.7945
404.0904	405.8038
404.7967	406.4707
404.8428	406.5926
404.943	407.1024
405.0577	407.3244
405.0659	407.3525
405.0965	407.4311
405.3403	407.9883
405.3896	407.9675
405.439	407.9685
405.4563	408.0864
405.5115	408.2261
405.5306	408.2484
405.5566	408.205
405.5878	408.3017
405.7621	408.2714
406.1904	408.6005
406.369	408.6677
406.7766	408.8319
407.024	409.1506
407.14	409.3377
407.1772	409.3896
407.3661	409.7149
407.3858	409.5895
407.4608	409.6246
407.7951	409.9025
408.3161	410.3994
408.3498	410.2428
408.5629	410.4643
408.6902	410.5387
408.6957	410.6171
409.1211	410.7964
409.4574	410.8976
409.9308	411.4074
410.0914	411.4354
410.2166	411.6887
411.0341	412.3886
411.6082	413.0598
412.3547	413.7958
412.5879	414.0221
412.6892	414.1356
413.0613	414.4253
413.191	414.7208
413.2511	414.6228
413.5183	414.889
413.6676	415.0147
413.8744	415.2698
413.9308	415.5553
414.0279	415.7395
414.0499	415.7336
414.169	415.6347
414.3495	415.7239
414.7634	416.4197
414.8646	416.6751
414.8664	416.6674
414.9007	416.5254
415.2514	416.6173
415.69	417.0867
415.7926	417.2275
415.9545	417.4687
415.9802	417.5323
416.0236	417.7117
416.2635	417.919
416.3274	417.9679
416.45	418.0012
416.5047	418.2552
417.0342	418.499
418.0113	419.362
418.342	419.8892
419.1298	420.4671
419.355	421.148
419.3557	421.1032
419.4031	421.1604
419.4994	421.3687
419.5737	421.4725
419.6674	421.6277
419.8266	421.8134
419.8828	422.0504
419.9019	422.0381
420.258	422.404
420.2773	422.383
420.4345	422.654
420.6282	422.9366
420.6535	422.8807
420.6883	422.9979
420.7249	422.9156
420.752	423.0018
420.8648	423.183
420.9662	423.0222
421.2025	423.3573
421.2717	423.1784
421.7145	423.4237
421.9787	423.376
422.1393	423.5477
422.3674	423.7853
422.518	424.0142
422.6706	424.2328
422.7692	424.2625
422.8991	424.4983
423.1445	424.8337
423.2447	424.9573
423.3233	424.9816
423.7413	425.4108
423.7912	425.4635
423.854	425.6237
424.0226	425.575
424.6663	426.2789
424.7116	426.3512
424.7542	426.4741
424.9025	426.4785
425.6343	426.9423
425.8068	427.122
425.9617	427.3567
426.0144	427.4441
426.1589	427.8544
426.1769	427.9811
426.3452	427.9923
426.427	428.1963
426.4453	428.0585
426.7959	428.3275
427.1193	428.6364
427.3533	428.8137
427.758	429.3226
427.785	429.3877
427.9052	429.3474
428.5707	430.3721
428.6414	430.2717
428.8563	430.2653
429.2425	430.6469
429.3239	430.8028
429.6687	431.4271
429.6953	431.4533
430.0887	431.5503
430.243	431.6007
430.6071	432.0748
430.83	432.2799
430.8916	432.4165
430.9016	432.3825
431.1771	433.107
431.219	433.0844
431.2322	433.2813
431.3076	433.4484
431.3848	433.3971
431.512	433.5583
431.683	433.7861
431.7352	433.7375
431.8592	433.991
432.2474	434.1757
432.2606	434.295
432.8487	434.3967
432.903	434.4176
433.2065	434.7783
433.45	434.8248
434.0767	435.6042
434.3738	435.9336
434.5383	436.0271
434.7719	436.0861
434.8846	436.279
434.9485	436.4445
435.1839	436.7389
435.1875	436.7364
435.3657	436.8885
435.4191	437.048
435.6938	437.2705
435.8632	437.3551
435.9847	437.3891
436.2463	437.6798
436.3597	437.8866
436.4487	437.9822
436.5297	438.0128
437.1337	438.7668
437.1566	438.5844
437.5772	439.1439
437.707	439.4458
437.824	439.7107
437.8863	439.9285
438.0412	439.9398
438.0689	439.9727
438.1375	439.9689
438.4837	440.1359
438.5146	440.2196
438.9484	440.5768
439.0223	440.482
439.4866	440.9285
439.623	441.3161
439.8337	441.3369
440.2398	441.6994
440.5148	442.2382
440.54	442.5902
440.5827	442.6477
440.6591	442.6479
440.8145	442.6189
440.8758	442.6829
441.643	443.07
441.6829	443.2015
442.1825	443.5316
442.5226	443.8977
442.9851	444.3785
443.5655	445.3705
443.5937	445.4355
443.6869	445.4417
444.1835	445.5493
444.7962	446.3289
444.8556	446.2772
444.9893	446.5568
445.0154	446.5304
445.2163	446.6849
445.3014	446.6359
445.7162	447.3178
445.7548	447.4251
446.319	447.7804
446.3444	447.8056
446.9663	448.5237
447.4262	448.7865
447.8505	449.4803
448.8629	450.2023
449.1817	450.7342
449.3558	450.7746
449.3855	450.8336
450.5528	451.8843
451.0359	452.6631
451.6063	453.0782
451.6261	453.0801
451.8181	453.4148
452.0571	453.5329
452.121	453.578
452.2266	453.7421
452.4752	454.0041
452.6421	454.2783
452.6829	454.2665
452.7822	454.4019
452.8868	454.4899
453.2689	454.6146
454.2779	455.6342
454.4713	456.0863
454.5034	455.9809
455.1678	456.707
455.3119	456.8466
455.6554	457.122
455.9362	457.2763
456.7078	458.0698
456.7884	458.1843
457.0498	458.6096
457.2801	458.6165
457.5588	458.9513
457.6153	459.213
457.8459	459.4865
457.9403	459.448
457.9813	459.6353
458.7418	460.3371
459.6529	461.1103
459.7464	461.5165
459.9682	461.446
460.2817	461.9257
460.4445	462.073
460.8596	462.4186
461.3968	462.7757
461.4697	463.1374
461.5257	463.0203
462.0157	463.448
462.7811	464.2653
463.2189	464.5488
463.3785	464.8382
463.7687	465.2313
463.8339	465.5203
463.8548	465.6663
463.9753	465.7018
464.1725	465.5969
464.4661	465.9292
465.5958	467.1924
466.1405	467.6885
466.2123	467.8913
466.3593	467.8193
466.5678	468.0356
466.7786	468.1526
467.2279	468.5636
467.8094	469.2172
468.0555	469.4379
468.2749	469.6812
468.8419	470.2501
469.0156	470.5688
469.7588	471.2881
469.8882	471.4808
470.1687	471.5941
470.4755	471.896
470.7637	472.1497
471.2383	472.7624
471.3687	472.817
471.4519	472.7724
471.7409	473.1491
471.8947	473.3241
472.0588	473.5209
472.1776	473.539
473.2809	474.655
473.354	474.9708
473.4608	474.857
473.9098	475.4602
474.3477	476.0584
474.4765	476.295
474.5311	476.3012
474.7816	476.482
474.9331	476.5345
475.0297	476.714
475.3563	476.7437
475.6813	477.1379
475.7835	477.2751
476.1001	477.6053
476.2386	477.8388
476.2666	477.843
476.4494	478.164
476.5235	478.1487
476.917	478.3744
477.1506	478.6464
477.451	478.9038
477.7094	479.1527
477.7351	479.3078
477.8786	479.3599
477.9222	479.4453
478.1969	479.6139
478.8765	480.3079
479.4304	480.8005
480.3794	481.7218
480.6965	482.2115
480.8103	482.5712
480.9427	482.8864
481.1605	482.8217
481.3816	482.7893
482.0675	483.5844
482.1747	483.6403
482.9132	484.5154
483.8418	485.2687
483.9228	485.5169
484.0946	485.5552
484.4319	485.7664
484.5518	486.5356
484.6124	486.685
484.6704	486.7147
484.757	486.8124
484.9217	487.1117
484.9367	487.0018
484.998	487.0712
485.1075	487.2739
485.3327	487.2959
485.7019	487.6362
485.7969	487.7458
485.9824	487.6589
486.1447	487.7668
486.4143	488.046
486.6918	488.1688
486.7396	488.3846
486.8971	488.273
487.8029	489.3127
488.1669	489.4899
488.278	489.9616
488.5576	490.0852
488.6554	490.0913
489.2367	490.6183
489.6379	491.0662
489.7008	491.1661
489.8986	491.4265
490.0023	491.6991
490.0034	491.6051
490.158	491.9181
490.2262	491.9325
490.3062	492.0453
490.3362	492.1937
490.7002	492.627
490.7053	492.595
490.765	492.6087
490.8431	492.5384
491.0751	492.5523
491.7493	493.2643
493.0238	494.3764
493.5389	495.0357
493.7126	495.2353
493.8362	495.2423
493.9034	495.7516
493.9244	495.8861
493.9518	495.7562
494.0391	496.012
494.1212	496.2
494.2359	496.3333
494.2929	496.6013
494.497	496.5889
494.6115	496.7189
494.7185	496.8478
495.1201	496.9079
495.5736	497.2684
495.6105	497.2452
495.8171	497.4507
495.9292	497.4858
495.9456	497.4816
496.5307	498.3026
496.6326	498.4038
496.671	498.3906
496.6791	498.4344
497.1052	498.6235
497.2128	498.6255
497.3642	498.9522
497.4018	498.8143
497.6806	499.0729
497.993	499.3372
498.3255	499.9631
498.4242	500.4473
498.4888	500.5916
498.49	500.6629
498.5183	500.629
498.6932	500.9713
498.7579	500.8085
498.8912	500.9698
499.0386	500.9684
499.3936	501.1149
500.0165	501.5382
500.0298	501.4567
501.2131	502.5704
501.7567	503.2037
502.0165	503.5137
502.5728	503.9901
502.7139	504.1213
502.9719	504.5375
503.6961	505.1192
504.0298	505.5451
504.2818	505.6623
504.3456	505.7812
504.5866	506.1715
504.6059	506.1592
504.7933	506.22
505.07	506.7011
505.0917	506.7052
505.3613	506.98
505.3699	506.843
505.563	506.972
506.5207	507.9226
506.7452	508.1624
507.7633	509.4406
507.8037	509.6073
507.8111	509.6285
507.8902	509.6513
507.8967	509.5163
508.1893	509.6632
508.4943	509.9014
508.7897	510.3198
508.8445	510.5322
508.8519	510.4562
509.1064	510.6804
509.1581	510.674
509.5849	511.2209
509.5984	511.4467
509.6175	511.3466
509.867	511.5543
509.9713	511.7212
510.1227	511.7931
510.5858	512.1219
510.9717	512.5325
511.1877	512.8083
511.2137	512.9379
511.322	513.2806
511.3525	513.2249
511.4227	513.3198
511.5645	513.1848
511.9577	513.2933
512.4126	513.8363
512.7383	514.2231
512.8394	514.3099
513.0609	514.549
513.316	514.879
513.3282	514.9037
513.6453	515.2031
513.8009	515.3545
514.0346	515.721
514.0688	515.6417
514.1683	515.8708
514.321	515.984
514.3553	516.0096
514.4379	516.1705
515.3069	516.8192
515.512	517.0281
515.6401	517.2129
515.7013	517.5314
515.7062	517.4945
515.7179	517.4181
515.722	517.4208
516.1284	517.6726
516.3274	517.8579
516.333	517.8978
516.7132	518.4135
516.7608	518.402
516.7776	518.4587
517.115	518.5357
517.3227	518.7898
517.5674	519.1127
517.7069	519.1512
517.9161	519.3553
517.9627	519.5609
518.0828	519.7264
518.8318	520.4378
518.8539	520.4801
519.0846	520.6384
519.5643	521.0584
519.7969	521.3177
519.9469	521.4221
520.0664	521.4096
520.1888	521.6214
520.2846	521.8489
520.2916	521.9623
520.405	522.1032
520.4789	522.3815
520.616	522.4925
520.6492	522.3373
520.9253	522.7963
521.1519	523.1776
521.203	523.377
521.2319	523.3639
521.5453	523.4623
521.7108	523.3969
522.0099	523.4219
522.7862	524.1559
522.9747	524.3263
523.0571	524.4283
523.2127	524.689
523.2245	524.724
523.4229	524.7984
523.7209	525.1002
524.052	525.6657
524.1271	525.5848
524.1348	525.8005
524.3466	525.672
524.4478	526.1154
524.4853	526.1728
524.5679	526.3108
524.7455	526.4373
525.0874	526.6685
525.1176	526.8098
525.361	526.7442
525.5844	526.9857
526.1274	527.4904
526.3635	528.0296
526.4994	528.1393
526.5633	528.327
526.6266	528.4582
526.7422	528.5174
526.7926	528.6818
526.9977	528.7677
527.3631	528.9115
527.8381	529.2624
527.9214	529.4167
528.3101	529.6697
528.6832	530.2052
529.0411	530.401
529.2815	531.0602
529.3453	531.3932
529.3859	531.4769
529.4022	531.3393
529.5304	531.6068
529.5915	531.7087
529.8572	531.8692
530.2903	531.9599
530.5175	532.0862
530.964	532.3292
532.4531	533.9535
532.6187	534.2632
532.7131	534.4585
533.4699	535.0144
533.7268	535.2064
533.7667	535.1412
534.0398	535.6049
534.0497	535.6015
534.1106	535.9208
534.223	535.7584
535.4496	536.8979
535.6588	537.1929
535.99	537.503
536.8151	538.2886
537.5168	538.9143
537.8882	539.2159
538.0143	539.4457
538.7188	540.2466
539.0801	540.4384
539.3385	540.6891
539.4297	541.0905
539.5054	541.3034
539.5088	541.1618
539.9065	541.4522
540.1034	541.5718
540.4215	541.8598
540.4882	542.0855
540.5907	541.9412
541.0364	542.5962
541.2147	542.7233
541.473	542.8481
542.3868	543.8169
542.6527	544.0383
542.7032	544.3258
542.7493	544.2957
542.9021	544.3844
543.3464	544.7846
543.897	545.3795
544.1734	545.6878
544.3906	546.0055
544.6865	546.1924
544.895	546.5089
544.9504	546.4913
545.3354	546.7882
545.8936	547.3143
546.436	547.9763
546.8066	548.2083
547.6104	549.1566
547.6698	549.4569
547.805	549.5916
547.9436	549.6052
548.9074	550.5494
548.9149	550.4675
549.6493	551.2068
549.9783	551.7271
550.2688	552.133
550.2714	552.0877
550.4727	552.0861
551.0946	552.4384
551.2	552.6619
551.323	552.8824
551.4925	553.1709
551.5463	553.1448
551.683	553.2106
551.8411	553.2683
552.3924	553.9881
552.824	554.3566
553.0254	554.4542
553.1847	554.6597
553.4452	554.8162
553.7348	555.2947
553.9731	555.4535
553.9823	555.5233
554.5958	556.0713
554.7657	556.1652
555.0867	556.7613
555.116	556.6418
555.4519	556.9756
555.6235	557.1889
555.824	557.4917
555.8443	557.7311
555.9161	557.7101
556.1082	557.9258
556.324	557.8796
556.7063	558.1087
556.8937	558.4414
556.9307	558.5331
557.253	558.8494
557.3179	558.9088
557.3273	559.0493
557.4806	559.1258
558.3781	559.7636
558.6526	560.2009
558.9341	560.4449
558.9936	560.4836
559.3189	560.9033
559.3702	560.9746
560.0725	561.5201
560.6585	562.1392
561.0242	562.5754
561.3138	563.2585
561.4181	563.5888
561.4236	563.6124
561.4548	563.4608
562.2738	563.6909
562.7163	564.0566
562.9274	564.5291
563.0333	564.6683
563.0728	564.88
563.1681	564.9944
563.532	565.3509
563.6774	565.2663
563.6932	565.3736
564.3763	565.7153
565.0831	566.5615
565.2114	566.601
565.2366	566.6326
566.2241	568.018
566.308	568.0742
566.7479	568.143
566.8401	568.3954
567.0582	568.4429
567.4381	568.7469
567.5919	569.1005
567.7697	569.318
568.3485	569.7877
568.4044	569.8549
568.8044	570.3511
568.87	570.2104
569.543	571.0284
569.5947	571.3436
569.7244	571.5485
569.8857	571.8125
569.9265	571.8846
570.0904	571.9988
570.2045	572.2453
570.4612	572.4495
570.5983	572.6535
570.8316	572.7247
570.986	572.9454
570.9871	572.8185
571.1525	572.7444
571.5808	573.1644
571.642	573.3225
571.684	573.3779
571.8121	573.5857
571.8167	573.6656
572.0143	573.5362
572.2994	573.7477
572.4827	573.9362
573.0258	574.5066
573.1683	574.6488
573.3983	574.9947
573.8566	575.3088
574.0528	575.6455
574.0631	575.7492
574.1575	575.9668
574.4225	576.1758
574.6134	576.4702
574.7364	576.6235
574.7557	576.8082
574.9006	576.966
574.9143	576.8811
575.0037	576.9421
575.2649	577.1652
575.3545	577.1442
575.4075	577.0534
576.1391	577.651
576.1595	577.952
576.2527	578.0036
576.4013	578.025
576.9924	578.4735
577.0963	578.7881
577.2553	578.9799
577.7054	579.2397
577.992	579.3552
578.2952	579.8466
578.5399	580.0257
578.7246	580.4129
578.9156	580.4454
579.1555	580.8207
579.2332	580.8982
579.3125	581.1391
579.3386	581.0893
579.3784	581.2627
579.6923	581.3165
579.9493	581.3981
579.9828	581.6125
580.3796	582.2871
580.4223	582.1944
580.4374	582.3211
580.7295	582.191
581.009	582.5411
581.877	583.3196
582.1126	583.6089
582.466	584.0573
582.4672	583.9426
582.8055	584.4129
582.8273	584.3124
582.9981	584.4697
583.3266	584.8931
583.4859	584.9081
583.7429	585.4639
583.744	585.4085
583.8164	585.4222
584.2747	585.6911
584.3359	585.8232
584.371	585.9652
584.8589	586.3311
584.9662	586.3516
585.552	587.0933
585.6261	587.1964
586.4291	588.0233
586.4557	588.1365
586.9472	588.4778
587.0567	588.7995
587.1437	588.8698
587.1999	589.0627
587.4557	589.1249
587.8825	589.3797
588.0571	589.4996
588.2318	589.7708
588.3049	589.9461
588.369	590.0979
588.413	589.9133
588.7186	590.1144
588.8105	590.1632
588.885	590.3254
589.0024	590.3676
589.1206	590.605
589.2437	590.7181
589.9022	591.4676
590.08	591.6097
590.1262	591.6714
590.2112	591.746
590.8774	592.4007
591.0042	592.4999
591.2986	593.1023
591.3243	592.982
591.801	593.4657
592.2714	593.6305
592.416	593.8793
592.7794	594.1802
593.2065	594.8813
593.21	594.8063
593.5013	594.8916
593.5785	594.9931
594.2679	595.7716
594.2943	595.8491
594.7977	596.3353
594.9761	596.3819
595.6922	597.2392
595.7571	597.4712
595.8719	597.64
596.0622	597.6535
596.2451	598.102
596.408	598.0012
596.4513	598.1939
596.6886	598.3315
596.6911	598.3926
596.9413	598.451
597.852	599.509
597.885	599.3295
598.2743	599.7442
598.4018	599.849
598.6085	600.1405
599.1408	600.6733
599.2756	600.9095
599.3147	600.9809
599.5005	601.1703
599.6186	601.3599
599.7843	601.9911
599.7879	602.075
599.8284	602.1521
599.9161	602.3324
600.0538	602.6222
600.0652	602.5548
600.1032	602.46
600.1455	602.6778
600.1948	602.7987
600.4239	603.0018
600.721	603.134
600.8778	603.2222
600.8902	603.1415
600.948	603.2248
600.9669	603.3009
600.9751	603.1781
601.322	603.3295
602.225	603.654
602.46	604.0282
602.672	604.3665
602.6766	604.2178
602.7686	604.2482
603.2958	604.7375
603.3486	605.0908
603.4493	605.015
603.607	605.1787
604.1957	605.6859
604.2459	605.8593
604.2496	605.9751
604.6144	606.0465
604.8274	606.2085
605.0197	606.4229
605.1904	606.8481
605.2348	606.995
605.3526	607.1857
605.5717	607.1757
605.7552	607.292
605.8673	607.4855
605.9788	607.7447
606.1322	607.8674
606.1389	607.8904
606.1782	608.1946
606.2254	608.209
606.5226	609.0434
606.5303	609.06
606.6703	609.1062
606.7595	609.348
606.812	609.2735
606.8571	609.4371
606.9458	609.5161
607.3315	609.779
607.4215	609.7543
607.5067	609.9368
607.5293	609.8108
607.7752	609.9978
607.8575	610.2568
608.294	610.7671
608.3608	610.7957
608.365	610.7235
608.4761	610.7307
608.5585	610.9329
608.7607	610.9728
608.9043	611.0347
608.9344	611.0096
609.6928	611.5435
609.7177	611.4373
610.5323	611.9104
611.5329	612.987
611.7277	613.0787
611.7959	613.4153
612.8883	614.9146
612.8979	615.1094
612.9079	615.2067
612.9433	615.1917
613.0187	615.4776
613.0364	615.4001
613.0925	615.4248
613.1329	615.4221
613.1785	615.3447
613.2311	615.5148
613.3472	615.4782
614.0882	615.7289
614.5874	616.0482
614.8116	616.1859
614.8882	616.3945
615.9183	617.5014
615.9459	617.7446
615.9604	617.6581
616.0438	617.8363
616.3633	617.8765
616.5357	617.9254
616.6113	618.4052
616.6454	618.4934
616.8468	618.4874
616.8727	618.501
616.9219	618.6127
617.1274	618.5801
617.4047	618.9677
617.5809	619.1674
617.7279	619.1555
617.746	619.3274
617.8753	619.4447
618.1573	619.6657
618.3222	619.8867
618.6017	619.9063
619.0847	620.6623
619.1278	620.7657
620.283	621.8313
620.7981	622.6782
620.8004	622.7788
620.8326	622.7542
620.9383	622.9929
620.9879	622.9082
621.0396	622.9472
621.6524	623.0395
621.6867	623.3491
621.8007	623.2292
622.1461	623.6535
622.5912	623.9494
622.8466	624.426
622.939	624.282
623.3748	624.7393
624.0378	625.4798
624.1444	625.509
624.2342	625.7351
624.4296	625.8869
624.8983	626.4509
625.2785	626.7296
625.5236	627.0113
625.5621	627.3637
625.5648	627.199
625.9681	627.4743
626.2321	627.948
626.383	627.7769
626.7423	628.124
627.1419	628.6215
627.39	628.9564
627.4959	628.9553
628.4244	629.8672
628.6956	630.4225
628.7345	630.291
628.9852	630.549
629.0177	630.6823
629.1117	630.7108
629.678	631.0914
630.1807	631.8383
630.2052	632.0616
630.2273	631.9788
630.3324	632.2737
630.4187	632.286
630.5641	632.3933
630.5664	632.5907
630.7524	632.5884
630.8178	632.6569
630.995	632.6363
631.3418	633.1869
631.4514	633.266
631.581	633.2637
631.9394	633.4842
632.0545	633.4174
632.3625	633.9121
632.7244	634.2735
632.8153	634.4314
632.905	634.3669
633.0406	634.5478
633.1019	634.9323
633.1796	634.9061
633.3389	635.2777
633.3968	635.2405
633.4776	635.4175
633.6388	635.6489
633.9185	635.6285
634.0188	635.6194
634.4622	636.0459
636.1583	637.4755
636.2582	637.8511
636.339	638.0022
636.5162	638.0535
636.6131	638.0439
637.0951	638.5387
637.4121	638.9991
637.5704	639.0759
638.7213	640.197
638.9848	640.5639
639.5751	641.0974
639.5992	641.3419
639.7354	641.2689
639.9266	641.2886
640.1103	641.5988
640.3323	641.8563
641.1361	642.6135
641.9159	643.5089
642.7654	644.3156
643.4777	645.2783
643.5232	645.4724
643.532	645.4631
643.6274	645.4866
643.8384	645.5031
644.4012	645.9903
644.4668	645.9339
644.5553	646.1856
644.6647	646.1464
645.0595	646.7392
645.1477	646.7844
645.2004	646.919
645.7315	647.3167
646.1505	647.6093
646.4673	647.7827
646.8089	648.2015
646.9444	648.2994
647.6239	649.2129
648.5876	649.9969
648.8745	650.3397
649.0138	650.5714
649.0139	650.6828
649.1108	650.6253
649.3314	650.7407
649.4619	650.7911
649.9112	651.404
650.0635	651.5909
650.0856	651.7005
650.2164	651.8073
650.3554	651.8602
650.8498	652.464
650.8504	652.4086
651.2725	652.897
651.284	652.7693
651.2965	652.9989
652.0508	653.5878
652.5501	653.9491
652.5575	654.1244
652.8755	654.4155
653.0353	654.6021
654.3671	655.69
654.459	655.8668
654.6657	656.4602
654.6863	656.3267
654.7754	656.4169
655.0788	656.5219
655.3311	656.8756
655.418	656.965
656.0317	657.5629
656.1324	657.7986
656.2254	657.9891
656.2517	657.8637
656.5745	658.1262
656.7253	658.1394
656.8784	658.3663
657.1005	658.6719
657.1973	658.6687
657.232	658.9336
657.3272	658.9113
657.9212	659.2345
658.4773	659.9902
658.4922	660.0846
658.7754	660.2608
658.9845	660.4343
659.6209	661.0077
659.759	661.2974
660.0874	661.5793
660.0967	661.8423
660.1476	661.7385
660.3564	661.9227
660.9804	662.406
661.7685	663.2261
661.7689	663.4068
661.8913	663.5276
662.0617	663.4325
662.2781	664.0519
662.3192	663.988
662.3412	663.9066
662.4463	663.9805
663.4693	665.0258
663.6938	665.1941
664.0619	665.5188
664.2121	665.8585
664.2549	666.0014
664.3242	666.3149
664.4182	666.3918
664.7337	666.7373
664.8414	666.7146
664.8473	666.7762
665.2462	666.9261
665.4779	666.8872
665.5733	667.1859
665.5977	667.2001
665.7325	667.3197
665.8197	667.4282
665.9849	667.4141
666.2303	667.7666
666.2502	667.775
666.7487	668.2765
666.8085	668.2777
667.0741	668.6806
667.5892	669.1606
667.6229	669.2945
667.6497	669.3735
667.8317	669.3166
668.0776	669.662
668.1398	669.7196
668.5905	670.0809
669.6447	670.9724
669.8557	671.3923
670.2086	671.6798
670.4457	671.8252
670.9164	672.3762
671.0005	672.8603
671.101	672.9562
671.1666	672.8749
671.4409	673.0229
672.0758	673.5225
672.3012	673.8021
672.44	673.8266
673.0315	674.5664
673.5155	675.0316
673.7232	675.2711
673.9567	675.6166
674.1204	675.5909
674.5182	675.9638
675.1281	676.4791
675.7821	677.2703
676.5228	678.039
676.6364	678.0536
677.0108	678.4889
677.0455	678.6821
677.1202	678.561
677.3818	678.8746
677.6265	679.192
677.8284	679.5058
677.889	679.439
678.0694	679.4956
678.3305	679.6727
678.4345	679.955
678.5678	680.0695
679.2176	680.9063
679.242	680.71
679.9083	681.5232
680.0085	681.7196
680.0702	681.6448
680.4356	681.9531
680.5469	682.1821
681.3066	682.7933
681.6798	683.1741
682.2997	684.0031
682.3701	683.8504
683.083	684.4511
683.501	685.0059
683.5327	685.1779
683.8165	685.2854
684.0515	685.7448
684.6077	686.0113
684.8767	686.5509
684.8819	686.5134
685.5949	686.9845
685.7939	687.4875
686.5207	687.9585
686.8346	688.4693
686.9003	688.3557
687.4005	689.0148
687.6002	688.9433
687.7497	689.2949
687.9014	689.4649
688.4682	689.8401
689.3009	690.893
689.9218	691.6148
689.9486	691.5598
689.9679	691.5757
689.9909	691.6667
690.9199	692.4333
690.9493	692.7553
690.9774	692.5979
691.5099	693.044
692.2489	693.7048
692.8929	694.3004
693.0867	694.6327
693.3177	694.8123
693.5579	694.9654
693.7048	695.0366
693.8313	695.2818
694.0588	695.5514
694.3011	695.7963
694.4513	695.7755
694.537	696.1304
695.5817	696.9121
695.8995	697.2978
695.9838	697.352
696.312	697.785
696.5694	697.8837
696.9968	698.3811
697.1068	698.5738
697.1617	698.5652
697.3232	699.02
697.4606	698.9538
698.3637	699.7275
698.9214	700.4263
699.0479	700.3902
699.148	700.6028
699.5184	700.9385
699.7184	701.2336
699.9503	701.3971
700.0917	701.5932
700.3769	701.7189
700.5108	702.2977
700.5142	702.3909
700.5333	702.4461
700.6713	702.515
700.8321	702.6887
700.8887	702.8764
700.9379	702.7031
701.2509	702.9064
701.4356	702.9888
701.897	703.3034
702.0678	703.5989
702.3817	703.7033
702.6674	704.2287
702.6678	704.1943
702.8496	704.3494
702.9618	704.4339
703.2373	704.831
703.2609	705.0858
703.3522	705.1308
703.8324	705.2689
704.3463	705.8752
704.6559	706.2166
704.6787	706.255
705.275	706.8429
705.4365	706.9126
705.6419	707.1692
705.7565	707.425
705.8339	707.4922
706.3538	707.9015
706.5413	708.0387
706.5879	708.132
707.0139	708.3748
707.3216	708.8092
707.4455	708.9826
707.4675	708.9154
708.213	709.7658
708.2957	709.728
709.1227	710.6356
709.3564	710.6844
709.5288	710.881
709.9371	711.3679
710.0236	711.6327
710.3419	711.7768
710.5457	712.1398
711.5336	712.8865
712.0192	713.851
712.0329	713.7951
712.446	714.1024
712.4618	714.0622
712.5518	714.0786
712.7522	714.4506
712.7911	714.2858
713.4613	714.8139
713.5334	715.0097
714.7411	716.3221
714.9116	716.5388
715.101	716.6007
715.4681	716.9218
715.7397	717.4555
715.7688	717.5871
715.7821	717.6391
715.8199	717.6804
716.0117	717.8326
716.2042	717.9007
716.5023	718.3537
716.5321	718.4308
716.6219	718.606
716.632	718.6661
716.9915	718.8506
717.0745	718.7788
717.3975	718.958
717.6153	719.1011
717.7478	719.1048
718.089	719.487
718.3681	719.8222
719.6334	721.4496
719.6742	721.4422
719.7331	721.3887
720.0267	721.4711
720.2494	721.7643
720.4779	722.0281
720.8487	722.2716
720.9276	722.3504
721.2284	722.8106
721.2419	722.6651
721.4098	722.729
721.7317	723.3307
721.9038	723.3866
722.0706	723.5509
722.1897	723.6937
722.2324	723.7585
722.3946	724.3647
722.401	724.4404
722.4552	724.4844
722.466	724.5363
722.5727	724.5464
722.618	724.4919
722.9728	724.4665
723.5602	725.2828
723.6162	725.2607
723.6483	725.2741
723.911	725.3657
724.4777	725.9608
724.9142	726.4072
725.1342	726.6623
725.2167	727.2181
725.2177	727.1657
725.2893	727.3811
725.2976	727.3518
725.4025	727.5713
725.5147	727.6715
725.7613	727.6712
726.312	727.7671
726.4681	728.0439
726.5229	728.0737
726.9135	728.6126
726.9704	728.9411
726.9805	728.903
727.1941	728.7879
727.5604	729.1334
727.6297	729.288
727.6398	729.4624
727.7737	729.5428
727.7824	729.5309
728.0098	729.6827
728.1046	729.7303
728.1941	729.9011
728.6599	730.1727
729.0807	730.6019
729.6992	731.4236
729.7629	731.5129
729.8409	731.5147
729.8524	731.6057
730.1788	731.6335
730.2043	731.6696
730.5199	731.8612
730.7041	732.2181
730.7463	732.4329
730.7832	732.4789
731.2832	733.0016
731.3753	733.1994
731.4005	733.0748
731.5517	733.1751
731.8844	733.3597
732.7497	734.2044
732.9094	734.4415
733.2164	734.7859
733.2738	734.7377
733.5695	734.9327
733.9222	735.645
733.9327	735.6254
733.9408	735.6846
734.1316	735.7776
734.2336	735.9609
734.5429	736.3106
734.545	736.3084
734.8618	736.3677
735.3374	736.9121
735.3978	736.9279
735.4827	737.2018
735.5466	737.0006
736.2162	737.6858
736.4243	738.0083
736.543	738.1792
736.8679	738.3935
737.1259	738.5695
737.4711	738.9688
737.7714	739.2224
738.4068	739.889
738.435	740.1099
738.5756	740.2872
738.6985	740.1476
738.9202	740.5279
738.9363	740.4192
739.8037	741.3024
740.066	741.6287
741.1641	742.6617
741.3167	742.9471
741.4403	743.067
741.4959	742.9142
741.8114	743.3796
742.0169	743.6654
742.4764	744.0784
742.5982	744.0337
742.7599	744.2008
742.776	744.2021
743.1285	744.5542
743.3509	744.8368
743.5032	745.0136
743.5729	745.2634
743.8563	745.4646
744.5604	746.0473
744.6528	746.0829
744.8274	746.5354
744.9248	746.7777
744.9702	747.1646
745.0011	747.1454
745.0844	747.3573
745.1155	747.2554
745.1603	747.3571
745.2223	747.2742
745.2748	747.4816
745.6016	747.4631
745.8223	747.5634
746.1779	747.6115
746.6719	748.122
747.5108	748.9304
748.32	749.7143
748.4556	749.8382
748.7083	750.3729
748.7503	750.5212
748.7832	750.7825
748.7974	750.6309
749.1249	750.9227
749.158	751.1097
749.5154	751.2332
749.5495	751.3149
749.6385	751.4235
749.7404	751.5146
749.7541	751.4887
750.0524	751.6244
750.1087	751.8446
750.1498	751.7243
750.8799	752.2504
751.717	753.12
751.7693	753.2366
751.8898	753.5972
751.9951	753.7633
752.1102	753.6808
752.6026	754.2878
752.6664	754.3586
753.2314	754.5553
754.188	755.7937
754.2221	755.8755
754.4416	755.9089
754.478	756.0525
754.8403	756.328
754.99	756.6411
755.7148	757.3916
755.7201	757.3902
755.7372	757.3993
756.4038	757.8725
756.6819	758.0041
756.7978	758.418
756.9822	758.6349
757.1881	758.7291
757.2304	758.9005
757.5546	759.1656
757.782	759.2465
758.0549	759.7173
758.0996	759.7372
758.2135	759.7874
758.3478	760.2423
758.4245	760.3441
758.435	760.3453
758.631	760.6865
758.6713	760.8051
758.7119	760.8831
758.7528	760.6935
759.1521	760.8705
759.45	761.1539
759.5368	761.1824
759.8614	761.2886
759.9246	761.3475
760.0647	761.4614
760.5833	761.8958
760.9586	762.4115
761.2525	762.78
761.3119	762.9814
761.3246	762.9056
761.4129	763.1465
761.4315	763.037
761.9586	763.4767
761.9938	763.6027
762.5828	764.0314
762.615	764.145
762.6722	764.1355
762.8503	764.2148
763.0022	764.6024
763.2311	764.5786
763.3816	764.716
764.2779	765.921
764.3574	766.0148
764.6984	766.1382
764.8809	766.4699
765.5824	767.456
765.6438	767.3465
766.0057	767.7421
766.2567	767.9114
766.345	767.8695
766.8643	768.3478
766.9524	768.4373
767.2029	768.7972
767.6477	769.0264
768.0833	769.7918
768.0911	769.826
768.1406	770.015
768.2859	770.2233
768.3249	770.0416
768.3568	770.156
768.8357	770.4994
768.8544	770.5882
768.908	770.8586
768.9957	771.0043
769.0382	770.9688
769.4232	771.2469
769.9501	771.3304
770.107	771.6377
770.671	772.3808
770.6812	772.6274
770.7532	772.5803
771.0925	772.642
771.2779	772.7164
771.512	773.0692
771.8628	773.2496
771.9201	773.473
772.083	773.668
773.2575	774.603
773.8616	775.3482
774.0537	775.5116
774.1744	775.5998
774.4043	776.3983
774.4546	776.3431
774.6775	776.5489
775.0308	776.5468
775.612	777.0947
775.6631	777.3895
775.9251	777.4258
776.0389	777.655
776.1302	777.5589
776.5431	778.3091
776.6154	778.5168
776.6596	778.4317
776.8423	778.7093
776.8904	778.677
777.0095	778.7445
777.1019	778.7412
777.3153	778.9497
777.5959	779.2245
777.6304	779.1769
777.9874	779.4159
778.2628	779.7584
778.3283	779.8027
778.4911	779.8809
778.6225	780.0409
779.3506	780.9571
779.4362	781.4082
779.5397	781.4892
779.7311	781.545
780.6499	782.0074
780.8139	782.4347
782.1019	783.6156
782.3636	783.8307
782.6211	784.0638
783.1343	784.4656
783.2048	784.6453
783.2616	784.7135
783.6435	785.1782
784.0373	785.4214
784.4637	785.8501
784.7584	786.5456
784.7656	786.6591
784.7806	786.8723
784.8114	787.0028
784.9636	787.2476
785.1028	787.419
785.1039	787.4699
785.144	787.4095
785.3076	787.6598
785.3433	787.4657
785.503	787.5454
785.737	787.6102
785.9004	787.8545
786.5407	788.3622
786.5456	788.3701
786.6746	788.5407
787.0479	788.6569
787.2322	788.6636
787.2761	788.8725
787.5424	789.2117
787.5663	789.2091
787.6077	789.2293
787.7697	789.57
787.9089	789.4013
788.2405	790.0254
788.2469	790.0797
788.3493	790.3769
788.3541	790.3998
788.407	790.4148
788.4907	790.4527
788.6118	790.669
788.8228	790.9067
788.8523	790.8466
789.0681	791.3005
789.1509	791.2919
789.2132	791.321
789.215	791.5107
789.5453	791.8986
789.5808	791.9481
789.734	792.1652
789.9485	792.4199
790.0269	792.5168
790.0846	792.7645
790.1022	792.6792
790.1528	792.7087
790.302	792.9483
790.3519	792.9497
790.3792	793.0499
790.6922	793.2418
791.0675	793.529
791.0859	793.4532
791.1102	793.497
791.1265	793.7171
791.3584	793.7741
791.7844	794.1589
791.9795	794.112
792.0445	794.3087
792.1381	794.1024
792.3199	794.3049
793.0385	794.4967
793.0554	794.5936
793.2232	794.8249
793.6402	794.9776
793.7517	795.2312
793.7709	795.2439
793.984	795.4261
794.1966	795.7529
794.4172	795.844
794.5663	796.0001
795.0904	796.4895
795.1729	796.6865
795.2136	796.7463
795.5311	797.0648
795.6796	797.1193
796.3487	797.8759
796.8331	798.1418
797.0999	798.6816
797.1492	798.8886
797.5281	799.0099
797.6952	799.2229
798.1168	799.9584
798.3701	800.356
799.0453	800.4347
799.1203	800.6664
799.1806	800.6019
799.3927	800.8009
799.5684	801.2512
799.5854	801.3903
799.6177	801.4246
800.6158	802.0267
801.082	802.696
801.1115	802.6254
801.4298	802.9966
801.6955	803.2556
801.8653	803.2403
801.9574	803.5198
802.0646	803.4288
802.4584	803.9127
802.6844	804.0295
802.9379	804.3892
803.1493	804.5291
803.4046	804.7516
803.8613	805.3577
804.3074	805.939
804.3599	806.1214
804.5072	806.0708
804.9002	806.463
805.0559	806.4573
805.0793	806.5621
805.4675	807.0169
805.6361	807.0186
805.8136	807.4333
805.8311	807.4439
806.0167	807.5153
806.1599	807.5357
806.6675	808.1097
806.6822	808.1202
807.2634	808.7039
807.6762	809.0681
808.6308	809.9609
808.8186	810.3114
808.9617	810.3648
809.0047	810.452
809.3802	810.94
809.5966	810.9863
809.7786	811.2445
809.8401	811.4835
810.0703	811.4028
810.1685	811.6287
810.4094	811.7468
810.6251	811.9484
810.7108	812.0903
810.9245	812.2305
811.3819	812.6924
812.08	813.5623
812.0998	813.6784
812.4737	814.0202
812.8709	814.3066
813.0641	814.4909
813.1434	814.6244
813.1765	814.671
814.5623	816.0814
814.6952	816.2277
814.9241	816.5879
814.996	816.7419
815.0774	816.835
815.7027	817.3477
815.7151	817.3522
815.717	817.3462
815.8393	817.3741
816.2338	817.7733
816.6655	818.4108
816.6754	818.4891
816.7826	818.4089
817.24	818.8554
817.2591	818.8694
817.9435	819.4448
818.0416	819.4709
818.1075	819.6366
818.3196	819.899
818.3583	820.1319
818.361	820.3101
818.4355	820.4281
818.436	820.3828
818.4959	820.4889
819.3132	820.6895
819.6516	821.077
819.9834	821.546
820.4656	822.0587
820.509	822.1786
820.632	822.2931
820.673	822.1929
820.8448	822.3029
821.166	822.6714
821.2798	822.7097
821.4387	822.9875
821.6396	823.0862
821.7837	823.2328
821.9299	823.3507
821.9959	823.5896
822.0991	823.6514
822.1443	823.7589
822.3271	823.998
822.4372	824.11
822.5459	824.1562
822.8843	824.3719
823.2295	824.8139
823.305	824.8264
823.5306	825.0191
823.8971	825.3934
824.0256	825.5651
824.147	825.8357
824.1547	826.0285
824.1588	825.8605
824.224	826.036
824.373	826.0098
824.7998	826.2593
824.8552	826.4763
825.1277	826.7347
825.1836	826.6865
825.3969	826.8991
825.7236	827.2448
826.4588	827.9336
826.5535	828.0375
826.5634	828.0882
826.6484	828.3028
826.929	828.2823
827.071	828.3773
827.2893	828.8555
827.3715	828.7549
827.4972	829.0682
828.1339	829.7085
828.3672	829.7627
828.6819	830.0765
828.7724	830.3412
828.9764	830.5146
829.0517	830.5433
829.125	830.5465
829.2708	830.762
829.9063	831.2821
830.5154	832.0964
830.7612	832.271
831.0226	832.4951
831.1311	832.5413
831.5641	833.0934
831.6777	833.2658
831.8003	833.2524
831.9014	833.6106
831.9978	833.5825
832.1471	833.725
832.3731	833.8791
832.4439	833.9401
833.0143	834.4629
833.0718	834.6225
833.2959	834.8719
833.5363	834.9041
833.6642	835.2552
833.8403	835.3505
834.4474	836.2607
834.47	836.3696
834.4904	836.1523
835.0777	836.5697
835.6137	836.9568
835.7986	837.3874
835.9036	837.6725
835.9694	837.7045
836.2247	837.8195
836.9472	838.5657
836.965	838.4247
837.1561	838.7643
837.1725	838.7464
837.3443	838.6801
837.5605	839.0313
838.0166	839.6126
838.056	839.6126
838.3081	839.9659
838.4945	839.8635
839.0535	840.3778
839.1901	840.5354
839.3447	841.0454
839.4984	840.9915
839.668	841.1816
839.7204	841.4193
839.8504	841.4752
839.8706	841.5437
840.2729	841.6207
840.4945	841.8135
840.5894	842.0927
841.0596	842.6075
841.2035	842.7073
841.4208	842.9853
841.6275	843.1271
841.711	843.3298
841.8312	843.339
841.8924	843.3878
842.5339	844.111
842.9054	844.6009
843.0517	844.9289
843.0639	844.9363
843.193	845.3027
843.3055	845.3541
843.4607	845.5059
843.5576	845.5417
843.5671	845.7773
843.6147	845.6685
843.6574	845.6622
843.7186	845.7818
844.1505	845.8113
844.3161	845.8781
844.5002	846.0489
844.5072	846.0072
845.0331	846.5976
845.1012	846.5579
845.3597	846.6725
845.5124	847.0942
845.6091	847.1964
845.8516	847.2936
846.4981	847.8635
846.5554	848.0469
846.8164	848.312
847.1304	848.5609
847.4722	848.8713
847.5874	849.1091
847.6028	849.1726
847.7943	849.4151
848.0791	849.6149
848.2789	849.8863
848.3572	850.1344
848.3643	850.0135
848.6806	850.1618
848.7603	850.3027
848.8277	850.2487
848.9757	850.5379
849.3176	850.8511
849.4007	850.9041
849.4402	851.0193
850.1358	851.6528
850.2158	851.833
850.3947	851.8154
850.7674	852.1709
850.8042	852.35
850.8921	852.4143
851.1536	852.7472
851.1777	852.672
851.7246	853.1672
851.8336	853.4093
852.6366	853.9845
852.8893	854.4824
853.0927	854.5115
853.4688	855.0334
853.4978	854.9303
853.7392	855.2065
853.7485	855.3353
854.0451	855.347
854.2151	855.5423
854.3083	855.7147
854.7489	856.1919
855.27	856.6293
855.3899	856.7125
855.5481	857.1519
855.5682	857.2747
855.5786	857.2598
855.6492	857.4288
855.8149	857.5545
856.0041	857.7296
856.1785	857.9288
856.3985	857.9892
857.7221	859.2792
857.7935	859.4459
857.8618	859.4855
858.1472	859.7981
858.6468	860.1268
859.4801	860.9228
859.7483	861.4856
859.8701	861.7005
859.9659	861.975
860.3691	862.0204
860.4076	862.1571
860.7844	862.1615
861.0651	862.5561
861.1959	862.5917
861.4959	862.9703
861.5956	863.063
861.7817	863.1958
862.2617	863.5706
862.8441	864.3172
862.9519	864.4619
863.6587	865.1993
863.7402	865.2798
863.8156	865.3124
864.2725	865.814
864.4923	866.0075
864.7012	866.24
864.7253	866.6263
864.8181	866.8141
864.8183	866.7672
864.8244	866.7419
864.9015	866.7514
865.4644	866.9654
865.5962	866.9877
865.789	867.4905
865.889	867.538
866.0955	867.5958
866.4843	867.8473
866.5994	868.1243
866.9566	868.4573
867.7765	869.266
867.8273	869.5573
867.8325	869.8106
867.9407	869.7623
867.9432	869.8985
868.0379	869.8166
868.1296	869.9091
868.5862	870.0379
868.7723	870.3114
869.0113	870.5666
869.2943	870.8942
869.3309	871.0243
869.3586	871.0908
869.7669	871.1906
869.9761	871.3424
870.1774	871.6905
870.2776	871.8444
870.3647	871.7071
870.8483	872.4708
871.1476	872.6008
871.2304	872.8123
872.2877	873.8286
872.3344	874.0715
872.482	873.8799
872.8984	874.4297
872.9251	874.4339
873.498	875.0904
874.0911	875.651
874.2049	875.8201
874.2474	875.9488
874.3229	876.275
874.371	876.2322
874.4718	876.4819
874.4768	876.5993
874.4769	876.4925
874.566	876.567
874.5727	876.6023
874.8599	876.828
875.0731	877.0983
875.1574	877.0312
875.448	877.0963
876.3111	877.7676
876.7005	878.1701
876.7733	878.3128
876.9102	878.5246
877.5596	879.1144
877.5802	879.1427
877.915	879.2861
878.0953	879.5634
878.4697	879.9635
878.6801	880.2393
878.7232	880.3958
878.737	880.3105
878.7843	880.4772
879.4179	880.8854
879.5139	881.0368
879.6975	881.2267
879.9096	881.4139
880.1519	881.734
880.1541	881.7446
880.3213	881.8514
880.6579	882.1466
880.7606	882.489
880.9435	882.4057
881.195	882.7618
881.2148	882.8163
881.2975	883.0838
881.4359	883.3384
881.4645	883.3586
881.6528	883.4998
881.8762	883.4503
882.4291	883.9699
882.9239	884.451
883.0643	884.5728
883.1718	884.8047
883.1939	884.8109
884.4961	885.9921
884.54	886.0944
884.6688	886.2828
884.7274	886.3846
885.1516	886.7074
885.7458	887.1898
885.7974	887.3815
886.0754	887.4998
886.4813	888.0003
886.567	888.1105
887.1178	888.7963
887.1592	888.8239
887.6931	889.2148
888.0505	889.5582
889.0095	890.6162
889.0551	890.8154
889.0657	890.6301
889.2228	890.9325
889.3819	890.9404
889.5953	891.1622
889.6685	891.4123
889.7574	891.4714
889.9948	891.6359
890.0686	891.7042
891.2099	892.7756
891.3228	892.8505
891.5309	893.2496
891.5686	893.2444
891.8044	893.3499
892.6528	894.1824
892.834	894.2273
892.9352	894.5485
893.0208	894.526
893.2936	894.7796
893.3235	894.9387
893.9512	895.5189
893.9536	895.6346
894.1229	895.6546
894.458	895.7906
894.607	895.9265
895.0531	896.537
895.1003	896.6895
895.3525	896.6833
896.7689	898.3301
897.114	898.6291
897.3273	898.68
897.4539	898.9363
897.5108	899.1041
897.6566	899.1417
897.8458	899.1833
897.9676	899.365
898.0933	899.6943
898.1759	899.7785
898.4143	899.8426
898.6272	900.169
899.0015	900.7865
899.0174	900.8149
899.4214	901.1478
899.711	901.3248
899.9105	901.2597
900.2113	901.5616
901.1271	902.7007
901.1804	902.6749
901.449	902.8031
901.5371	903.1016
901.7847	903.1405
901.9831	903.5096
903.6595	905.1105
903.7004	905.1213
903.7933	905.4224
904.02	905.5499
904.1844	905.7487
904.4504	906.08
904.5147	906.0987
904.6656	906.3334
904.9071	906.6525
905.1451	906.7347
905.5615	906.9047
905.9642	907.4312
906.0646	907.71
906.1106	907.7822
906.1234	907.8344
906.1531	907.8834
906.5676	908.0008
906.8904	908.4084
907.1929	908.6906
907.8797	909.6043
908.2222	909.766
908.3306	909.8268
908.4572	909.9515
908.6777	910.0518
908.8726	910.441
908.9321	910.3399
909.2811	910.7634
909.5356	911.2906
909.5458	911.2763
909.5536	911.4045
909.9582	911.67
910.7658	912.2984
910.7929	912.3411
911.0492	912.602
911.4168	913.0299
911.529	913.032
912.1598	913.5892
912.3941	913.7252
912.5677	914.0664
913.008	914.5402
913.2558	914.7031
913.342	914.9187
913.42	915.0092
913.6616	915.2241
913.6628	915.2266
913.6687	915.3824
914.204	915.7692
914.498	915.916
914.8059	916.2077
914.9071	916.2251
915.7343	917.2696
916.1058	917.575
916.4211	917.7997
916.5804	918.1429
916.9165	918.4671
916.9349	918.5527
917.1421	918.7975
917.6212	919.1635
917.7589	919.2975
918.1362	919.7503
918.1501	919.7031
918.3952	919.9403
918.4533	920.1208
918.4983	920.1055
918.5537	920.2437
918.7434	920.1144
918.9966	920.4322
919.21	920.7792
919.217	920.79
919.5166	921.1058
919.6182	920.9469
919.7739	921.2018
920.0887	921.6507
920.2874	921.7816
920.2905	921.925
920.5498	922.0836
920.7735	922.1923
920.9145	922.3148
921.5809	923.2906
921.6967	923.3303
921.9111	923.4148
921.9435	923.3637
922.4471	923.8089
923.5528	924.9824
923.9021	925.5069
924.2153	925.935
924.2209	925.8084
924.2863	925.8938
924.387	925.9295
924.5755	926.1204
924.9051	926.4744
924.9548	926.635
924.961	926.5673
925.0954	926.6071
926.2068	927.7541
926.5787	928.1844
926.6316	928.1626
927.0133	928.5786
927.0139	928.6353
928.2491	929.8334
928.5821	930.0814
928.6171	930.3429
928.7332	930.2939
928.746	930.4872
929.2206	930.7564
929.3326	930.9133
929.4438	930.8502
929.6474	931.0814
930.0377	931.5033
930.2892	931.8148
930.8556	932.1881
931.0549	932.5669
931.144	932.6861
931.2488	933.1012
931.2499	933.0244
931.2635	933.1787
931.5241	933.0496
932.2361	933.6906
932.7456	934.1824
933.1291	934.5428
933.5601	935.0812
934.2885	935.6778
934.6608	936.1878
934.7568	936.6554
934.8009	936.7958
934.9662	936.7349
934.9885	936.9012
935.3483	936.8943
935.7047	937.2242
935.9466	937.3798
936.0207	937.5137
936.1658	937.838
936.8256	938.2681
936.89	938.3715
936.9566	938.4243
937.0596	938.4645
937.249	938.6076
937.3236	938.9002
937.3503	938.7941
937.536	938.9221
938.5584	940.1146
938.5707	940.1039
938.7923	940.3221
938.8086	940.4483
939.1067	940.49
939.3007	940.7859
939.3474	940.8053
939.6526	941.1199
940.2112	941.5775
940.7884	942.2448
940.8787	942.4449
940.9562	942.3062
941.7743	943.1444
942.3461	943.8661
942.5479	943.9009
942.599	944.0952
942.8121	944.2332
942.8838	944.2943
943.3129	944.8769
943.3805	944.8437
943.645	945.0722
943.7612	945.1731
943.9644	945.9864
943.9947	946.2322
944.0218	946.1024
944.0436	946.2662
944.1869	946.2333
944.4442	946.5714
944.6361	946.5257
944.6585	946.4433
945.1019	946.8952
945.1036	946.7027
945.2601	946.8496
946.5411	948.0476
946.868	948.1775
947.0548	948.5463
947.155	948.5705
947.3285	948.8418
947.458	948.8099
947.5263	949.1755
947.9398	949.4553
948.0846	949.4999
948.548	950.0197
948.7439	950.2979
948.9587	950.7215
949.0642	950.7882
949.3243	950.9826
949.3753	951.0814
949.4324	951.2876
949.4871	951.352
949.6683	951.558
949.9267	951.8614
949.9863	951.8501
950.002	951.858
950.1717	952.0894
950.2415	952.3464
950.5246	952.7072
950.5607	952.5195
950.5851	952.5624
950.7065	952.859
951.0703	953.1292
951.1042	953.2398
951.1153	953.3477
951.3726	953.4514
951.4146	953.44
951.4251	953.6219
951.5629	953.5332
951.9575	953.6139
952.1941	953.7882
952.3009	953.9246
952.885	954.3217
953.2816	954.8214
953.6609	955.1872
954.2057	955.5431
954.7288	956.215
955.208	956.6905
955.2858	956.7784
955.3484	956.9982
955.6173	957.122
955.869	957.4562
955.9353	957.6095
955.9939	957.7367
956.0452	957.7908
956.152	957.9916
956.5825	958.1222
956.6715	958.3167
956.849	958.4476
956.9899	958.7496
957.0301	958.7023
957.3905	958.7419
957.4841	959.2004
957.5933	959.0631
958.3465	959.9135
958.3644	960.0764
958.4443	960.2154
958.4638	960.2505
960.0723	961.4743
960.6862	962.3366
960.8384	962.2351
961.891	963.3907
961.9365	963.585
962.0133	963.5462
962.1524	963.697
962.41	964.1883
962.4604	964.0451
962.8044	964.1482
963.3641	965.0237
963.3787	965.1411
963.4072	965.1374
963.4599	965.1717
964.0199	965.5149
964.1115	966.1102
964.1273	966.0317
964.1743	966.2711
964.3575	966.3129
964.3799	966.4636
964.435	966.544
964.5455	966.6115
964.908	966.8384
964.9761	966.7425
965.0314	966.8667
965.2867	966.8702
965.5586	966.8924
965.6716	967.1922
965.8952	967.5044
965.9066	967.5597
965.9417	967.5711
966.4399	967.8902
966.5307	968.3575
966.5466	968.3256
966.5704	968.447
966.8023	968.3664
967.4576	968.7988
967.7688	969.2798
968.1962	969.6566
968.2688	969.8635
968.6867	970.2818
968.6869	970.3328
969.0371	970.4361
969.0998	970.4688
969.6554	971.267
969.7087	971.3006
969.9258	971.6503
969.9275	971.5646
969.9531	971.7068
970.8698	972.3435
971.93	973.4441
972.1201	973.6765
972.4897	973.9108
972.5343	973.9255
972.7752	974.4471
972.8382	974.4381
972.9914	974.4282
973.6687	975.1159
973.8164	975.3787
973.8328	975.4316
973.8463	975.5681
974.6255	976.0061
974.7632	976.1425
975.0845	976.7982
975.1004	976.9121
975.1165	977.0575
975.223	977.165
975.2541	977.2566
975.3005	977.2583
975.4574	977.4442
975.4957	977.5324
975.6618	977.7072
975.7728	977.863
976.0094	978.0152
976.0223	977.8729
976.1781	978.0199
976.2073	977.9747
976.9311	978.6092
976.9791	978.5733
977.0145	978.776
978.3424	979.7836
978.6551	980.2161
978.7644	980.4396
978.7975	980.649
978.907	980.6481
978.9161	980.6321
978.9354	980.7279
979.5067	980.9707
979.7227	981.3042
980.0028	981.4547
980.115	981.5516
980.4043	982.0283
980.8894	982.2911
981.2571	982.8113
981.598	983.0822
981.7336	983.3375
981.7513	983.3186
981.9757	983.3559
982.2863	983.7922
983.1069	984.5919
983.3647	984.9184
983.5074	984.9968
983.7636	985.2748
983.8391	985.5874
983.8607	985.4095
984.0047	985.8676
984.0904	985.7339
984.1027	985.7207
984.4526	986.1444
984.5238	986.0095
984.9225	986.3117
985.1434	986.5616
985.3438	986.8082
985.6786	987.1929
985.7691	987.5395
985.9205	987.4625
986.2325	987.8745
986.3666	987.9004
986.7189	988.0529
986.9733	988.4035
988.177	989.7686
988.2275	989.7796
988.4751	989.9008
988.6809	990.178
988.9504	990.3012
989.1468	990.5769
989.9295	991.3519
990.6101	991.9843
990.7896	992.4249
990.8969	992.435
991.4844	993.0055
992.7098	994.1062
992.8604	994.3246
992.9801	994.3192
993.3783	994.7483
993.4648	994.8149
993.8701	995.7355
993.8901	995.5782
993.8995	995.8382
994.096	995.8599
994.3528	995.8888
994.7265	996.1746
994.9625	996.2851
995.5508	997.0963
995.5609	997.333
995.5674	997.2382
995.9855	997.4341
996.4842	997.8381
996.916	998.4681
996.942	998.5997
997.1341	998.6478
997.3082	998.7307
997.9441	999.2753
998.2378	999.7153
