0.1568	1.8676
0.4956	2.1102
0.5116	2.0974
0.5924	2.2198
0.7523	2.3267
0.9367	2.7152
0.9632	2.6662
1.1838	2.8644
1.6161	3.0727
1.6818	3.0924
2.0759	3.478
2.2881	3.7562
2.3422	3.9427
2.3979	4.0181
2.4284	3.9734
2.7667	4.2769
2.8792	4.4455
3.2073	4.5379
3.6892	5.0799
3.7792	5.2243
4.1179	5.5291
4.3563	6.139
4.4204	6.0954
4.8757	6.264
5.0237	6.4015
5.3513	6.8558
5.4408	6.8892
5.6282	7.1757
6.1714	7.546
6.6137	8.1796
6.9369	8.4573
7.2121	8.7108
7.3521	8.6733
7.7525	9.1429
7.8248	9.3996
7.9496	9.4019
8.046	9.6641
8.3755	9.7717
8.6868	10.4643
8.6933	10.4303
8.7316	10.5338
8.7374	10.6823
8.7849	10.7959
8.8237	10.6488
9.0907	10.9532
9.3295	10.7503
9.5537	11.126
9.5783	11.0301
9.8756	11.6733
9.8758	11.5571
10.0751	11.5616
10.5569	12.0975
10.6297	12.2255
10.7409	12.2276
10.9427	12.2528
11.1676	12.8457
11.558	12.9568
12.2909	13.8869
12.2919	13.7724
12.473	13.8495
13.1093	14.6822
13.516	14.8735
13.8634	15.512
14.267	15.6453
14.3614	15.7795
14.9819	16.6019
14.9908	16.5161
15.3128	16.888
15.5377	16.9111
15.8128	17.3941
15.9093	17.586
15.9469	17.8198
16.04	17.7876
16.111	17.9549
16.5192	18.2877
17.1715	18.9566
17.1735	18.9045
17.2182	19.0016
17.2836	19.0328
17.4132	19.3316
17.485	19.5077
17.6607	19.7264
17.6917	19.6471
17.7719	19.7912
18.0658	19.8373
18.2908	19.8336
18.7021	20.0162
19.0711	20.5366
19.2739	20.6808
19.3678	20.9289
19.4045	21.1149
19.4144	20.8834
19.9609	21.4149
19.9855	21.5854
20.1928	21.8401
20.2378	21.7206
20.3628	21.7903
20.8145	22.2606
21.0355	22.4073
21.7101	23.2518
22.1649	23.6973
22.3233	23.7515
22.3606	23.8952
22.8374	24.3761
23.3577	25.16
23.3658	25.009
23.3937	25.1451
23.3944	25.167
23.6931	25.456
23.9768	25.6479
24.2631	25.9541
24.3526	25.979
24.9639	26.3331
25.2257	26.6818
26.1672	27.5414
26.306	27.8467
27.0856	28.4064
27.2589	28.6264
27.6618	29.0473
27.7641	29.2286
27.829	29.3408
28.0963	29.5956
28.1732	29.5901
28.2943	29.8348
28.2974	29.9361
28.8882	30.5218
28.8958	30.3624
29.65	31.09
29.7831	31.3263
29.8618	31.231
30.1799	31.7182
30.4603	32.1739
30.4764	31.9988
30.7754	32.1401
31.1312	32.9179
31.2041	33.0809
31.2073	33.1871
31.2646	33.0742
32.1599	33.5006
32.3535	33.9218
32.571	34.2189
33.4521	34.9271
33.7076	35.2573
33.7844	35.2827
34.4533	36.0954
34.5769	36.43
34.6787	36.2024
35.0934	36.6867
35.2846	36.8657
35.8724	37.3573
36.2784	37.7408
36.3187	37.8099
36.5759	37.942
36.6581	38.0042
36.8625	38.404
36.9105	38.6097
37.002	38.7369
37.0177	38.7649
37.1459	38.6599
37.3263	38.7448
37.5714	39.0122
38.0289	39.5076
38.1878	39.8323
38.3637	39.8784
38.6522	40.1168
39.029	40.5856
39.8019	41.2424
39.9861	41.8961
39.9978	41.7793
40.0004	41.8458
40.0527	41.8078
40.1173	41.9102
40.2633	42.0244
40.7986	42.1398
40.9367	42.3406
41.1135	42.5219
41.556	43.231
41.7521	43.3978
41.7563	43.3936
42.5959	44.2168
42.7101	44.107
42.883	44.3687
43.1001	44.7032
43.2993	44.8947
43.3514	44.8156
43.5031	44.9018
43.6941	45.079
43.7991	45.1891
43.8918	45.6343
43.9151	45.717
44.2156	45.7018
44.3599	45.9728
44.5492	46.1428
44.6111	45.9841
44.8584	46.1929
45.3395	46.8055
45.5068	47.1249
45.5552	46.9404
45.7862	47.1175
45.8814	47.2792
46.1044	47.6312
46.1468	47.7109
46.3381	47.9586
46.3525	48.1061
46.6497	48.4138
46.8128	48.5386
46.8333	48.4738
47.1962	48.6978
47.2634	48.7654
47.8953	49.3564
47.9738	49.3795
48.104	49.5975
48.3574	49.9735
48.3776	50.1474
48.4383	50.6069
48.6483	51.0127
48.6603	51.0072
48.8489	51.0806
48.8558	51.0206
48.942	50.9423
49.5909	51.3062
49.733	51.3778
49.8668	51.2577
49.9958	51.4583
50.224	51.6395
50.5816	51.9424
50.8677	52.2141
51.3526	52.7743
51.7452	53.1291
51.8673	53.327
52.0407	53.5533
52.118	53.7981
52.1783	53.792
52.5008	53.8457
52.6439	54.1717
52.7996	54.3522
53.1226	54.6125
53.6109	54.9523
53.8521	55.3868
54.2396	55.5537
54.517	55.8468
54.9173	56.3394
55.3404	56.859
55.4799	56.8962
55.7615	57.2512
56.1172	57.56
56.2801	57.7279
56.7936	58.6455
56.9531	58.7691
56.9719	58.7645
57.0699	58.6516
57.3145	59.017
57.7493	59.302
57.8275	59.4603
57.8954	59.5819
58.0637	59.5899
58.3064	59.8063
58.4048	59.8405
58.663	60.2706
59.083	60.6032
59.8948	61.4033
59.9987	61.5544
60.3892	61.9066
60.4993	61.9404
60.7884	62.1765
61.8163	63.2476
62.1564	63.7289
62.2382	63.7689
62.3718	63.6926
63.5833	65.0481
63.6513	65.1116
63.769	65.2692
63.9961	65.3151
64.6217	65.9234
65.2944	66.9426
65.3206	66.964
65.5919	67.522
65.6697	67.6325
65.6793	67.631
65.7738	67.7331
65.844	67.9277
66.01	68.0739
66.4048	68.3294
66.6081	68.3554
66.916	68.2843
67.1073	68.7834
67.1393	68.786
67.1611	68.8197
67.3091	69.1059
67.3148	69.0589
67.4047	69.3209
67.5095	69.5297
67.5334	69.3472
67.7616	69.5976
67.8125	69.6501
67.9904	69.9128
68.188	69.9584
68.2229	70.0285
68.9764	70.4589
69.0621	70.7815
69.0764	70.7814
69.7841	71.2513
69.8799	71.3793
70.1649	71.6004
70.4477	71.8584
70.8108	72.3112
70.9981	72.5281
71.2512	72.7971
71.2962	72.9303
71.4419	72.792
71.7281	73.1237
71.9571	73.5924
72.3847	73.9601
72.4491	74.198
72.4827	74.0041
72.6296	74.1614
73.0323	74.5458
73.0802	74.7124
73.5161	75.0466
73.5814	74.9715
73.8161	75.2306
74.0534	75.466
74.1572	75.885
74.1862	75.9515
74.2074	75.9996
74.4545	76.0592
74.8628	76.4063
74.8801	76.4495
75.1658	76.6922
75.5603	76.8744
76.0865	77.5559
76.4596	77.8541
76.5786	77.9081
76.6756	78.1136
76.9365	78.4852
77.2539	78.6598
77.5425	79.3163
77.598	79.4382
77.8027	79.5807
78.3662	79.8845
78.7467	80.0641
79.3434	80.7157
79.4397	81.0643
79.4709	81.0939
79.6939	81.2576
81.2709	82.7126
81.4636	82.7913
81.8001	83.1959
81.8894	83.3838
82.1095	83.4786
83.0027	84.6343
83.5842	85.0107
84.1306	85.6249
85.0354	86.6493
85.1376	86.719
85.3848	87.0474
85.7061	87.5511
85.7078	87.7853
85.768	87.8828
85.819	87.8335
85.8516	87.9917
85.874	87.7673
86.191	87.9715
86.2808	88.006
87.1157	88.6832
87.2837	89.1487
87.3687	89.1647
87.436	89.5157
87.4519	89.6049
87.5322	89.6882
87.5495	89.5632
87.6329	89.8405
87.8454	90.0413
87.8859	89.9124
87.9684	90.0337
88.0349	90.0987
88.2553	90.1004
88.4301	90.3564
88.9577	90.3639
89.0112	90.4982
89.0506	90.5793
89.3505	90.7597
89.4659	91.1951
89.4865	91.0441
89.5623	91.4665
89.7053	91.3999
89.9341	91.3402
90.2535	91.8454
90.4458	92.1912
90.7824	92.1932
91.0937	92.5566
91.4704	92.8269
91.7618	93.3371
92.2846	93.9001
92.831	94.2237
93.2469	94.7072
93.3936	94.7663
93.5349	94.9051
93.7661	95.5669
94.1888	95.6934
94.3438	95.6722
94.914	96.2404
95.3295	96.904
95.3708	96.9666
96.5772	97.8885
96.7052	98.2039
97.0479	98.603
97.4405	98.894
97.6511	99.2608
97.678	99.2715
97.9545	99.6387
98.0259	99.6167
98.1536	99.6786
98.4285	100.1973
98.4374	100.0796
98.7671	100.3654
98.7993	100.3526
99.0223	100.4838
99.2262	100.6235
99.4218	101.1183
99.4756	101.2406
99.4869	101.5327
99.5836	101.5522
99.5908	101.5826
99.7493	101.5822
100.278	101.6609
100.3868	101.9358
100.5016	101.8524
100.7428	102.2692
101.0034	102.3699
101.2636	102.8197
102.2327	103.5546
102.3996	103.8653
102.5905	104.0052
102.6108	104.2137
103.1269	104.8163
103.1353	104.7816
103.1746	105.0601
103.3858	105.58
103.4952	105.5713
103.5282	105.6339
103.7386	105.5986
104.1153	105.8166
104.4494	106.0406
104.4625	106.1509
104.6691	106.3935
104.8742	106.6735
105.3292	106.9023
105.3311	106.9367
105.6915	107.238
105.8068	107.4012
105.8805	107.5329
105.8952	107.5142
106.1755	107.6988
106.27	107.9034
106.4864	107.8846
106.7011	108.2294
107.1227	108.5032
107.2174	108.912
107.2888	108.8543
107.8727	109.5214
107.9475	109.5799
107.9809	109.638
108.132	109.6315
108.6235	110.1377
108.9993	110.4919
109.0462	110.5909
109.3705	110.9768
109.6023	111.0593
109.9468	111.521
110.0307	111.6414
110.0925	111.5513
110.1565	111.758
110.3545	111.9906
110.3855	112.0665
110.9685	112.3938
111.0747	112.8352
111.0963	112.8644
111.3179	113.09
111.3556	113.0492
111.4528	113.0986
111.5594	113.3981
111.8223	113.533
111.8394	113.5767
111.8773	113.5404
112.5847	114.0815
112.7294	114.1264
112.8625	114.5127
113.5881	114.9975
113.9131	115.2991
114.8321	116.2482
115.0609	116.6377
115.1434	116.7797
115.2104	116.8441
115.2664	116.9534
115.5104	117.3452
115.8965	117.6099
116.1181	117.7451
116.4332	117.845
116.6306	118.07
116.8879	118.2398
117.6755	119.1923
117.6879	119.2346
117.992	119.4647
118.5174	119.8706
118.8285	120.6528
118.86	120.6298
118.9995	120.6543
119.1375	120.7158
120.1115	121.7495
120.419	121.7273
120.8292	122.4714
120.8442	122.3421
121.3408	122.9595
121.5403	123.072
122.1166	123.8091
122.1552	124.0287
122.2282	124.2988
122.2325	124.1473
122.2773	124.2928
122.4786	124.2702
122.991	124.4063
123.1828	124.5456
123.5055	125.114
123.5452	125.2813
123.5931	125.6119
123.6844	125.6882
124.0622	125.729
124.3462	125.9094
124.4444	126.0789
124.4583	126.0998
124.6126	126.3149
124.8454	126.4626
124.9257	126.6421
124.9605	126.7628
125.1697	126.9332
125.1764	126.9673
125.2071	127.0461
125.2553	126.989
125.6721	127.4664
125.698	127.633
125.7136	127.7997
125.7398	127.6976
126.0156	128.0715
126.1934	128.218
126.3224	128.2956
126.3579	128.3633
126.37	128.5432
126.5564	128.5232
126.7164	128.5206
126.7491	128.5378
126.783	128.547
127.4187	129.0164
127.6834	129.0547
127.7193	129.142
127.9359	129.4324
127.9946	129.5602
128.2289	129.6104
128.4538	130.0353
128.5415	129.9685
128.6011	130.0243
129.0866	130.4399
129.1945	130.5736
129.3247	130.8927
129.3782	130.8113
129.6048	131.1578
129.9223	131.3808
130.6111	132.0178
130.7577	132.3017
130.8203	132.4601
130.9009	132.8702
130.959	132.9981
130.9992	133.054
131.1002	132.9529
131.2986	133.3841
131.356	133.5522
131.4618	133.6995
131.4975	133.7982
131.508	133.8393
131.6883	133.8901
131.749	134.0573
131.8365	134.1496
132.1707	134.1956
132.3307	134.2876
132.3801	134.4027
132.5579	134.4773
132.5751	134.3583
132.7512	134.5931
133.325	134.6592
133.6274	134.9538
133.7656	135.0719
133.8877	135.4468
133.9294	135.3833
134.0549	135.6574
134.5404	136.0989
134.6717	136.0879
134.7225	136.1831
135.3628	136.7655
135.649	137.2105
135.7531	137.1974
136.2794	137.804
136.8428	138.3242
137.0123	138.4255
137.6792	139.0247
138.1887	139.6721
138.4497	140.0859
138.5222	140.1655
138.6715	140.1806
138.763	140.2858
139.0031	140.6803
139.0171	140.6093
139.025	140.6831
139.2371	140.8488
139.5463	140.9785
139.7428	141.1342
140.5577	142.1991
140.5583	142.1628
141.2069	142.9182
141.2194	143.0485
141.2244	143.2526
141.2608	143.2895
141.8164	143.8694
141.9111	143.9601
141.9458	144.0133
142.1949	144.2982
142.4227	144.1442
143.918	145.4548
144.0461	145.5415
144.306	145.8898
144.3806	145.7345
144.6095	146.1809
145.0273	146.587
145.0441	146.711
145.2511	146.7294
145.2687	146.7814
145.5274	146.9589
145.7705	147.3125
145.9509	147.338
146.1163	147.6313
146.1873	147.7241
146.6247	147.9887
147.0534	148.6109
147.1803	148.5891
147.3973	148.9305
147.472	148.9568
147.6296	149.0346
148.0486	149.547
148.1137	149.5726
148.6824	150.001
149.0235	150.5004
149.1927	150.805
149.2309	150.8514
149.2692	150.9342
149.6436	151.272
149.6845	151.4685
149.6865	151.4575
149.7579	151.3574
150.064	151.4211
150.3177	151.7147
150.6184	152.2275
150.6647	152.2071
151.2159	152.7133
151.48	152.8334
151.6531	153.052
151.9356	153.3566
152.0145	153.4842
152.0986	153.6625
152.7036	154.0574
152.7756	154.3038
153.222	154.7751
153.6139	155.0386
153.7106	155.0916
154.216	155.6631
154.3384	155.7574
154.5564	155.9759
154.7724	156.1551
154.8744	156.3771
155.1029	156.4847
155.4131	156.9785
155.8631	157.4096
155.9645	157.454
156.2301	157.7549
156.5353	158.0299
156.842	158.5569
156.8708	158.4788
156.9265	158.4768
157.1755	158.762
157.3505	158.8825
157.517	159.1083
158.088	159.7192
158.1291	159.7673
158.1752	159.6916
158.4914	160.0286
158.5396	160.2423
158.5818	160.2092
158.6799	160.1476
158.998	160.4258
159.3422	160.7719
159.6402	161.1645
159.8606	161.3136
160.8804	162.5184
161.5187	163.0965
161.6049	163.185
161.6983	163.2583
161.8884	163.6544
161.961	163.7069
161.9643	163.5688
162.2866	163.6073
162.4845	163.7936
162.8416	164.3844
162.8511	164.5102
162.9295	164.872
163.0262	164.8078
163.0861	165.0319
163.1686	165.1562
163.3006	165.1801
163.7075	165.2286
163.7596	165.2798
163.8457	165.4564
163.9197	165.3851
164.6866	165.9956
164.9039	166.7219
164.9374	166.9235
164.9408	166.8315
164.9794	166.8861
164.9861	166.831
165.1653	166.9018
165.6203	167.1243
166.0393	167.5233
166.0707	167.6919
166.2988	167.6911
166.4544	167.8982
166.6386	167.9951
166.7975	168.1784
166.87	168.2042
167.0716	168.4387
167.2553	168.7167
167.5691	169.0221
167.8686	169.3576
168.3347	169.8657
168.4412	170.0564
168.7982	170.3608
169.4228	170.9112
169.5229	171.0982
169.9746	171.5267
170.0067	171.8476
170.0647	171.8983
170.1256	171.9134
170.1951	171.8943
170.498	171.9901
171.6447	173.1491
172.062	173.4648
172.499	174.0983
172.6505	174.0109
173.0962	174.5336
173.1235	174.5673
173.5448	174.882
174.2005	175.7665
174.4792	175.9425
174.5582	176.1543
175.4288	176.8315
176.1504	177.4986
176.3126	177.7079
176.509	178.0511
176.5416	178.0188
176.5989	178.3049
176.9402	178.4814
177.6722	179.0016
178.0841	179.532
178.3804	179.9666
178.7469	180.2594
179.1763	180.7935
179.1796	180.9657
179.1818	180.8468
179.4017	181.228
179.4748	181.1248
179.5355	181.2128
179.5522	181.1749
179.7945	181.3376
179.9416	181.6579
179.9859	181.8043
180.0479	181.6715
180.1453	181.779
180.4605	181.8084
180.9209	182.3153
181.3363	182.7414
181.3557	182.7854
181.5954	183.2031
181.6538	183.3329
181.6541	183.2621
182.0063	183.3314
183.1791	184.633
183.4104	184.874
183.441	185.1503
183.6673	185.2456
183.6762	185.3434
183.8574	185.4561
183.9454	185.6624
183.9492	185.5523
184.3502	185.7114
184.4156	185.8323
184.709	186.342
184.7287	186.6023
184.8603	186.6699
184.8948	186.6573
184.9521	186.7505
185.3457	186.7917
185.6502	187.1416
185.911	187.4788
186.2051	187.5935
186.3649	187.7957
186.7462	188.3077
186.7493	188.3006
186.8271	188.5557
186.8898	188.4975
187.5982	189.216
187.7656	189.3513
188.865	190.5321
188.9454	190.5918
189.1371	190.7012
189.1641	190.7396
189.6883	191.1272
189.9058	191.2872
190.163	191.5161
190.7651	192.2615
191.0778	192.5051
191.3974	192.7655
191.5442	193.1311
191.6461	193.3374
191.9958	193.4881
192.0333	193.5321
192.2815	193.8092
192.5393	194.107
192.8078	194.2541
193.3354	194.9836
193.3592	194.9866
193.4033	195.0728
193.4187	195.1567
193.7	195.1427
193.9123	195.6195
194.1155	195.6285
194.1263	195.7941
194.4694	195.9439
194.5034	196.2353
194.5093	196.2477
194.5937	196.2161
195.0856	196.6541
195.1031	196.647
195.1778	196.7106
195.2732	196.9233
195.3986	196.9897
195.4651	197.2765
195.4699	197.0706
196.4465	197.9516
196.7391	198.3314
197.8579	199.6074
197.9449	199.7177
198.0597	199.7634
198.2413	199.9869
198.5207	200.1668
198.7221	200.2092
199.1673	200.7454
199.6725	201.2636
199.9672	201.513
200.0644	201.5835
200.314	201.8581
200.5106	202.3798
200.5861	202.2458
200.6552	202.3654
200.6632	202.4235
200.9854	202.5252
201.0751	202.5399
201.3508	202.9291
201.6092	203.2325
201.6313	203.2737
201.6625	203.4589
201.7333	203.3666
201.8432	203.4883
202.4274	203.9922
202.588	204.1025
202.7466	204.1095
202.9645	204.4391
203.2031	204.7583
203.3879	204.7625
203.4237	204.8123
204.0988	205.5565
204.3902	205.9848
205.1747	206.7003
205.3018	206.8673
205.8829	207.2466
206.14	207.4847
206.274	207.8797
206.2869	208.0561
206.3502	208.029
206.805	208.5598
206.8313	208.5282
206.8937	208.6973
206.9818	208.6436
207.1009	208.7424
207.8495	209.4197
207.8785	209.2658
208.7739	210.2883
208.8099	210.4215
209.2625	210.7563
209.3711	210.9162
210.2718	211.5922
210.6496	212.0817
210.8474	212.5599
210.8726	212.7339
211.6596	213.1423
211.8101	213.1952
211.9682	213.5121
212.055	213.4876
212.1911	213.807
212.3572	213.9161
212.523	214.297
212.5971	214.2577
212.6762	214.3706
212.941	214.6018
213.2352	214.6817
213.4807	214.9537
213.7068	215.0779
213.901	215.4576
213.9821	215.4921
214.0372	215.7281
214.2526	215.595
214.5539	216.0666
214.6378	216.1782
214.6948	216.4325
214.7756	216.5518
215.572	217.1886
215.5806	217.0607
215.7829	217.2873
216.0357	217.5698
216.1129	217.5339
216.3129	217.6919
216.4912	218.0542
216.8023	218.1667
216.931	218.2528
217.0607	218.6055
218.0505	219.5051
218.1341	219.8743
218.2492	220.0436
218.2776	219.9951
218.389	220.3477
218.5823	220.5718
218.614	220.5375
219.0114	220.5626
219.2203	220.7307
219.7423	221.3556
219.8656	221.5803
220.0104	221.9683
220.0162	221.9416
220.0164	221.7866
220.1022	221.9005
220.7171	222.684
220.9576	222.881
221.284	222.9516
221.3858	223.1783
221.4781	223.0642
221.8933	223.4027
222.3185	223.6816
222.4016	223.9143
222.5299	223.942
222.6359	224.2297
222.723	224.2174
222.9291	224.6761
222.9664	224.7327
223.0059	224.7316
223.2791	224.9366
223.3825	224.8252
223.8437	225.2126
223.9374	225.4809
224.7251	226.2737
224.7433	226.3796
225.0488	226.5865
225.0772	226.8354
225.2098	226.9194
225.2694	226.9091
225.4806	227.0611
225.6645	227.238
225.702	227.2508
226.2364	227.814
226.5004	228.144
226.522	228.0481
226.792	228.1948
227.3481	228.676
227.5358	229.1102
227.5379	229.2514
227.6189	229.4524
227.64	229.5945
227.7862	229.5485
227.7898	229.5389
228.1658	229.9142
228.2437	229.8896
228.3333	229.9775
228.7298	230.1296
229.1063	230.6744
229.8095	231.3395
230.497	232.1893
230.5085	232.1567
230.8843	232.4442
231.0189	232.6369
231.0207	232.5825
231.762	233.1515
231.8947	233.58
231.9795	233.6546
231.9967	233.5493
232.3333	233.9211
232.3419	234.0209
232.5843	233.926
232.6532	234.3052
232.7301	234.4546
232.7939	234.7204
232.8505	234.8569
232.8949	234.8705
232.9474	234.9378
233.2606	235.0635
233.8348	235.4374
233.8886	235.4074
234.0859	235.7476
234.1086	235.6894
234.2163	236.0243
234.3802	235.8434
234.6931	236.2143
235.2207	236.7382
235.8805	237.318
236.8574	238.485
236.8973	238.8109
236.8979	238.7362
236.9163	238.9427
237.0624	239.1887
237.1913	239.2873
237.2136	239.1977
237.2342	239.1652
237.2729	239.4196
237.4883	239.3091
237.5549	239.3236
237.9239	239.7328
238.0229	239.7562
238.0236	239.6672
238.4011	240.1657
238.4568	240.0541
238.5598	240.0947
238.8032	240.3509
238.8087	240.5266
238.9593	240.5286
239.0534	240.6414
239.2949	240.9862
239.3835	241.1593
239.4911	241.254
239.5662	241.2446
239.8319	241.2186
240.1169	241.678
240.2972	241.8087
240.3406	242.0134
240.4778	242.1582
240.5518	242.0692
241.0274	242.5721
241.638	243.2287
241.8227	243.3315
242.1799	243.5711
242.5829	243.919
242.7404	244.3114
242.78	244.4778
242.9189	244.5612
243.5075	244.9136
244.2778	245.5824
244.5688	246.0
245.0674	246.6466
245.1963	246.7326
245.4092	246.9412
245.5596	247.4565
245.6968	247.5959
245.7298	247.7437
245.8019	247.7986
245.9721	247.7855
246.376	247.7852
246.877	248.2138
247.1677	248.7374
247.2966	248.7532
247.3283	249.0802
247.3774	249.1096
247.4928	249.2948
247.5371	249.359
247.8494	249.4994
247.8703	249.3223
248.2744	249.8281
248.4681	249.8975
248.5588	249.9759
249.0047	250.3967
249.4021	250.7794
249.5437	251.1761
250.4682	252.0711
250.702	252.1155
251.1051	253.0023
251.1539	253.0437
251.1643	253.0284
251.3755	253.2618
251.5022	253.2041
251.6672	253.1945
251.7942	253.4217
252.5421	253.9921
252.6818	254.2441
253.0127	254.5838
253.1035	254.5809
253.1971	254.7211
253.3066	254.8221
253.4356	255.0468
253.4968	255.0379
253.5536	255.2924
253.84	255.3425
254.0221	255.4658
254.3434	255.6655
254.44	255.8453
254.4935	256.0596
254.524	256.1082
254.6652	256.1329
254.8262	256.2835
254.8469	256.3852
255.7088	257.1237
255.9671	257.6003
255.9956	257.7407
256.9107	258.2939
257.0497	258.5362
257.2573	258.7534
257.8011	259.1723
258.5723	260.0632
258.6514	260.1855
258.6962	260.1342
259.0989	260.563
259.6757	260.9977
259.8345	261.3269
259.868	261.4723
259.9192	261.5162
260.3246	262.08
260.3365	262.1845
260.3383	262.291
260.5304	262.3954
260.8727	262.4822
261.2662	262.824
261.4029	262.7798
261.5748	262.9283
261.6532	263.2576
261.6749	263.0942
261.9921	263.626
262.7575	264.2344
263.4357	264.9099
263.713	265.2489
263.8591	265.2965
263.9868	265.6685
264.0107	265.6248
264.0189	265.7497
264.3243	265.9168
264.3945	266.1398
264.4957	266.2835
264.5168	266.3171
265.0142	266.4575
265.0934	266.6684
265.2745	266.7898
265.4161	266.8222
265.6615	267.1221
265.8998	267.29
265.9547	267.3448
266.1495	267.463
266.332	267.8906
266.7159	268.1832
267.7953	269.2264
267.8385	269.3077
268.178	269.7741
268.1947	269.7992
268.456	269.9212
268.6363	270.0615
269.0401	270.4823
269.2626	270.7324
270.046	271.5812
270.3694	271.8806
271.056	272.4184
271.3134	272.7533
271.345	272.9357
271.5355	272.8637
271.6686	273.307
271.688	273.3322
271.6959	273.4306
271.8748	273.3911
272.6883	274.2696
272.7442	274.2471
273.0453	274.6735
273.064	274.8713
273.0916	274.9285
273.1474	274.9139
273.172	275.0437
273.7463	275.1818
274.2098	275.7211
274.7973	276.1694
275.0095	276.5759
275.1671	276.5784
275.6098	277.1293
276.1954	277.6744
276.2849	277.9306
276.3531	277.9214
276.4899	278.0539
276.5204	278.0643
276.6707	278.1767
276.7976	278.3121
276.9737	278.5012
277.0855	278.687
277.2244	279.1011
277.2329	278.9985
277.2363	278.9656
277.3219	279.0559
277.6027	279.5041
277.6878	279.5782
277.6975	279.7489
277.7229	279.6014
277.7614	279.7067
278.0251	279.9128
278.3425	280.1747
279.1149	280.6662
279.1662	280.9065
279.2261	280.7419
280.2302	281.6903
280.2819	281.9371
280.4349	281.8703
280.6338	281.9817
281.1143	282.6151
281.158	282.8458
281.2382	283.0313
281.2435	283.0216
281.4849	283.0423
281.9558	283.5664
282.4788	284.0453
282.8796	284.2883
283.0208	284.5892
283.1072	284.7382
283.1213	284.8773
283.1753	285.0031
283.2672	285.1854
283.385	285.3765
283.4054	285.402
283.5194	285.2912
283.6193	285.2397
284.2887	285.8484
284.4059	285.9682
284.5364	285.95
285.1149	286.5326
285.2953	286.9608
285.3061	287.087
285.3344	286.9604
285.5539	287.1749
285.9929	287.5757
286.0398	287.6689
286.2532	287.7822
286.4704	287.8922
286.736	288.2134
286.7578	288.2449
287.0698	288.6594
287.3578	288.7298
287.9332	289.5305
287.9754	289.5463
288.1373	289.491
288.325	289.9745
288.333	289.7802
288.5113	290.0926
289.0328	290.5141
289.0539	290.4771
289.282	290.7143
289.4596	291.0554
289.5192	291.028
289.6039	291.1262
289.8961	291.3428
290.0362	291.4975
290.7111	292.4722
290.9064	292.8349
291.1306	293.0119
291.2053	293.1754
291.378	293.177
291.4152	293.1369
291.4642	293.3086
292.0366	293.5712
292.4745	294.0021
292.9492	294.4598
293.0633	294.6805
293.0904	294.7752
293.6442	295.1436
293.7087	295.2808
293.8257	295.3494
294.0214	295.4206
294.3411	295.7273
294.5163	296.0269
294.8707	296.4077
294.9251	296.5842
295.0169	296.4863
295.5568	297.0655
295.6869	297.0716
296.1332	297.7106
296.3319	297.9519
296.3779	297.8356
296.4981	297.9971
296.6658	298.0555
296.7836	298.3322
297.2004	298.7364
297.2543	298.8587
297.3776	298.8064
297.6412	298.9994
298.2285	299.6837
298.9086	300.3975
299.0322	300.4923
299.2086	300.6921
299.2383	300.8231
299.3204	300.8398
299.4633	300.9255
299.6387	301.1726
299.6718	301.421
300.3371	301.8458
300.5093	302.0439
300.6157	302.1516
300.766	302.2546
300.9316	302.4449
301.1185	302.7726
301.1449	302.6895
301.2075	302.8003
302.2779	303.9816
302.5992	304.0475
302.7103	304.3364
302.7403	304.3333
302.8378	304.5453
303.0838	304.4895
303.2634	304.8088
303.9896	305.3974
304.1067	305.5312
304.213	305.745
304.3811	305.8501
304.4828	305.9598
304.7425	306.0998
304.9888	306.4077
305.1227	306.5626
305.3211	306.872
305.3267	306.8767
305.5113	307.067
306.2146	307.7469
306.2427	307.9128
306.3171	308.0105
306.3225	307.9805
306.4929	308.1124
306.6442	308.1211
307.6516	309.0223
307.7186	309.1921
308.0541	309.574
308.5468	309.8624
308.6665	309.9857
309.2451	310.6684
309.3305	310.907
309.5538	311.1308
309.6312	311.2275
309.6555	311.4874
309.7574	311.4021
309.8271	311.6285
310.2335	311.7486
310.4357	311.9001
310.6642	312.441
310.6975	312.6655
310.7428	312.8573
310.8879	312.7699
310.9479	312.7425
310.9694	312.9464
311.6735	313.2093
311.7343	313.2159
311.8633	313.6272
311.9876	313.7544
312.0758	313.8139
312.2159	314.084
312.2212	313.9258
312.4642	314.1971
312.614	314.3398
312.6204	314.4266
313.0394	314.5224
313.1887	314.7233
313.337	314.8677
313.4016	314.9671
313.6637	315.0495
314.0385	315.6251
314.0659	315.8262
314.1213	315.8566
314.1905	316.0249
314.5105	315.9288
314.9014	316.2993
315.1826	316.5605
315.3407	317.0932
315.407	317.3812
315.4618	317.384
315.6227	317.4816
315.7532	317.3492
316.4526	317.8341
316.5804	318.0648
316.6966	318.1629
316.7525	318.61
316.7528	318.5556
316.7842	318.5611
316.8481	318.6876
316.8899	318.7714
317.33	318.8946
317.5179	318.9831
317.6964	319.445
317.7045	319.3398
317.7879	319.4813
317.9242	319.8992
317.9637	319.7793
318.0451	320.0203
318.0563	320.1501
318.2627	320.2281
318.2761	320.1993
318.4442	320.2094
318.5971	320.3366
319.1409	320.6788
319.3746	320.979
319.8791	321.3626
320.0969	321.5263
320.2136	321.6711
321.1816	322.6229
321.2587	322.8361
321.3262	322.867
321.5644	323.0788
321.8286	323.5704
321.8839	323.7754
321.9246	323.7206
322.1872	323.906
322.2269	324.0501
322.4972	324.1928
322.6429	324.5312
322.7734	324.9027
322.9251	324.9053
324.1477	325.4528
324.4534	326.0491
324.778	326.1773
326.2272	327.6982
326.3267	328.0555
326.4613	328.4974
326.4847	328.3427
326.7788	328.7697
326.8126	328.9005
327.0029	328.8533
327.1376	329.0432
327.2693	329.0473
327.5675	329.3072
327.6888	329.1547
328.6789	330.131
328.8933	330.4866
329.0915	330.5518
329.9092	331.2155
330.0456	331.5182
330.0584	331.6686
330.417	332.0502
330.4687	332.3378
330.4774	332.3554
330.4866	332.3976
330.5469	332.4172
330.8925	332.7444
331.0844	332.7251
331.41	333.0381
331.4178	333.0123
332.682	334.1335
332.7636	334.1682
333.2772	334.7843
333.3949	334.9459
333.4319	335.0458
333.5984	335.2349
333.8736	335.4269
334.0925	335.7226
334.1561	335.8558
334.1582	335.8133
334.4724	335.9011
334.7172	336.1547
334.9023	336.4473
335.6917	337.0371
335.7916	337.3257
335.9578	337.6614
335.996	337.6796
336.6716	338.1761
337.0184	338.3633
337.1646	338.5496
337.323	338.8532
337.5903	339.2432
337.6476	339.6069
337.6706	339.6042
337.8153	339.7445
338.0249	339.7679
338.3659	339.883
338.6251	340.2357
338.7614	340.5291
338.9407	340.6884
339.3086	340.8424
339.6171	341.1805
339.9434	341.4077
340.0051	341.4297
340.266	341.7386
340.3746	341.7573
340.4236	341.9691
341.0065	342.4975
341.1888	342.5465
341.282	342.7463
341.3265	343.0388
341.4889	342.9387
342.1337	343.7829
342.3852	343.8886
342.487	343.9544
342.5507	344.2815
342.595	344.1739
342.6561	344.3089
343.1343	344.5973
343.2421	344.8391
343.6165	345.2298
343.6723	345.1306
344.0941	345.4234
344.3126	345.7187
344.5972	346.0232
344.8329	346.3484
344.9062	346.3514
345.0114	346.5773
345.1184	346.5661
345.3281	346.7233
345.5305	347.1197
345.8755	347.3739
346.1487	347.5555
346.2659	347.8879
346.3925	348.0229
346.5731	348.0426
346.5962	348.1612
346.9671	348.4023
347.4649	349.1273
347.561	349.1107
347.5625	349.1758
347.9299	349.4426
348.0792	349.4798
348.409	349.9786
348.573	350.2243
348.6553	350.1621
349.2189	350.9843
349.2418	351.0113
349.2975	351.0791
349.3642	351.0805
349.4479	351.1828
349.6286	351.1503
349.895	351.5199
349.9093	351.4169
350.2424	351.5599
350.3459	351.7502
350.4984	351.9165
350.5732	352.2258
350.9122	352.4016
351.0906	352.5278
351.324	352.7853
351.4856	353.0115
351.5783	353.1529
351.6132	353.1886
351.6134	353.2494
352.3505	353.8325
352.3728	353.964
352.6921	354.3668
352.7438	354.5591
352.8166	354.6533
352.8204	354.4343
352.9947	354.7201
353.238	354.7676
353.8561	355.2776
354.2908	355.874
354.3629	355.7405
354.4504	355.9019
355.6063	357.2083
355.6482	357.3065
355.7675	357.3516
355.9319	357.2897
356.0444	357.5403
356.2257	357.7957
357.0974	358.4641
357.3239	358.877
357.3434	359.0417
357.4329	358.9829
357.4772	359.0721
357.8053	359.437
357.8359	359.6693
357.8695	359.4825
357.9764	359.752
358.4448	359.9955
358.641	360.1159
358.8548	360.3892
359.4605	361.407
359.5934	361.5286
359.5981	361.4787
359.6485	361.7247
359.685	361.6405
360.2055	361.9275
360.2682	362.0992
360.311	362.0157
360.8591	362.298
361.7798	363.2682
361.915	363.422
362.2121	363.8154
362.2858	363.9469
362.3894	364.1317
362.4101	364.0617
362.5668	364.2376
362.7723	364.5652
362.7978	364.6613
362.8107	364.6413
363.5638	365.0434
363.6234	365.4168
363.6803	365.5654
363.6975	365.5609
363.796	365.4468
363.8869	365.65
365.2211	366.7678
365.4797	366.907
365.6277	367.0491
365.9392	367.4734
366.0512	367.4615
366.2991	367.6729
366.7207	368.275
367.3397	368.729
367.7384	369.1377
367.8345	369.4534
367.9392	369.4999
368.3223	370.0432
368.3866	370.1334
368.4066	370.2491
368.7318	370.7849
368.7535	370.7999
368.8188	370.7662
368.8339	370.7715
368.8601	370.6864
369.1864	371.0712
369.6092	371.2219
369.7528	371.0648
370.0138	371.5287
370.6124	372.0544
371.1457	372.5829
371.393	372.8964
372.602	374.1043
372.9243	374.4128
373.3356	374.7917
374.1463	375.5479
374.1878	375.7353
374.3847	376.0102
374.3853	376.0157
374.7175	376.1695
374.8787	376.3052
374.9453	376.5896
375.0433	376.5181
375.3081	376.7689
375.4883	377.2619
375.4957	377.3018
375.5314	377.3293
376.2588	377.7427
376.4583	377.872
376.566	378.3101
376.5762	378.2377
376.7837	378.4605
376.9779	378.6022
377.1156	378.8071
377.4146	378.7928
377.608	379.222
377.7701	379.3019
378.1455	379.6655
378.1606	379.8111
378.1789	379.741
378.5393	380.0469
378.6501	380.0346
379.1415	380.7311
379.1623	380.7782
379.2377	381.1227
379.4311	381.1204
379.4381	381.1462
379.5802	381.3623
379.9765	381.4258
380.1375	381.4896
380.5609	381.9115
380.7473	382.1248
382.1227	383.6251
382.6213	383.9701
383.1319	384.5573
383.3851	384.8302
383.5787	385.0686
383.6889	385.0923
383.831	385.3375
384.2557	385.7935
384.3265	385.9638
384.4053	386.0049
384.612	386.1658
384.734	386.287
385.0244	386.4992
385.0883	386.6886
385.1164	386.6579
386.3921	387.9694
386.4519	387.866
386.7461	388.3745
386.7881	388.5253
387.4084	389.0044
387.7804	389.2101
388.2427	389.77
388.2709	389.7621
388.4561	389.8621
388.5538	389.9081
388.8517	390.3851
388.8733	390.3575
390.1936	391.562
390.9628	392.3447
391.4171	392.9219
391.5103	392.9812
391.9233	393.3662
391.9969	393.4489
392.3949	393.7385
392.4932	394.1413
392.5473	394.0966
392.9872	394.5076
393.0365	394.5337
393.171	394.6329
393.2916	394.8446
393.3832	394.7531
393.7	395.3991
393.8569	395.6162
393.9585	395.8887
393.9806	395.7124
394.017	395.9549
394.6427	396.27
394.6745	396.4456
394.7964	396.7332
394.912	396.674
394.9901	396.8586
395.4794	397.1386
395.5191	397.0365
396.295	397.709
396.4521	398.0039
396.7493	398.3166
397.0634	398.493
397.5511	399.1983
397.5653	399.1772
398.0275	399.3696
398.4311	399.9293
398.795	400.269
399.2976	400.8572
399.628	401.1802
399.9052	401.2826
400.0018	401.4639
400.1634	401.6308
400.2284	401.8863
400.3751	402.2256
400.4799	402.3688
400.5784	402.7087
400.6076	402.7814
400.645	402.7995
400.6646	402.8452
400.865	402.7446
401.7888	403.4404
401.8235	403.6889
401.8585	403.7739
402.0449	403.8841
402.075	403.852
402.2342	404.0269
402.6311	404.1157
402.9027	404.4717
403.051	404.5387
403.0586	404.539
403.1436	404.8509
403.3085	404.8683
403.3275	405.0553
403.5748	405.0948
404.0723	405.4958
404.2214	405.6655
405.3834	406.8386
405.7501	407.1599
405.9382	407.555
406.0239	408.0871
406.1704	408.2791
406.1955	408.2605
406.2371	408.2932
406.4099	408.3267
406.5921	408.4367
406.7445	408.3575
407.3431	408.817
407.5853	409.2323
407.6211	409.1275
408.3993	409.8946
408.7628	410.0758
409.1005	410.4849
409.3068	410.7478
409.3731	410.9127
409.5735	411.1039
409.7108	411.4351
409.9036	411.5344
410.0617	411.6332
410.0686	411.7673
410.622	411.9354
411.0302	412.4497
411.1283	412.6308
411.1911	412.7265
411.9577	413.3474
412.16	413.7343
412.1826	413.8092
412.6513	414.3248
412.7021	414.3793
412.731	414.3716
413.2611	414.7785
413.3713	414.8591
413.638	414.9603
413.9452	415.3039
414.2368	415.75
415.296	416.7873
415.6875	417.2753
415.7934	417.4514
415.8821	417.5489
415.9282	417.5768
416.152	417.6367
416.9239	418.4626
416.9993	418.5185
417.3954	418.8473
417.7305	419.3265
418.0174	419.554
418.2826	419.6873
418.4115	420.0293
418.4636	419.9462
419.6301	421.1181
419.7365	421.3132
420.4481	421.7865
420.684	422.2731
420.7255	422.3715
421.4143	422.9819
421.6554	423.1784
421.721	423.1723
421.7763	423.4371
422.0224	423.5026
422.1955	423.5389
422.2565	423.8561
422.3791	423.8866
422.6763	424.1296
422.9427	424.5116
423.1047	424.5998
423.2758	424.7213
423.4845	424.899
423.6333	425.0648
423.6894	425.2049
423.994	425.5284
424.4346	425.9967
424.9191	426.4733
425.0281	426.4845
425.0463	426.5702
425.1559	426.8081
425.3398	426.8175
425.4533	426.9708
425.4744	427.0923
425.7592	427.1913
426.4664	427.9591
426.5852	428.0749
426.8174	428.3307
427.0049	428.5329
427.1436	428.5824
427.4699	429.0264
427.614	429.059
427.6415	429.0384
428.9749	430.4682
429.1075	430.6696
429.7487	431.2975
430.3297	431.8149
430.4588	431.7972
430.5591	431.9895
430.5903	432.0374
431.4232	433.0157
431.7326	433.3931
431.9759	433.4627
432.3636	433.9808
432.8659	434.3038
433.2722	434.6855
433.3174	434.9046
433.8008	435.2812
434.0558	435.5526
434.2875	435.7638
434.6617	436.1054
434.9657	436.4141
435.0184	436.6002
435.4824	437.012
435.6452	437.0952
435.9721	437.6757
435.9777	437.8113
435.9859	437.8002
436.0905	438.1396
436.261	438.4526
436.4205	438.4448
436.7443	438.5876
436.8291	438.588
437.1472	438.9629
437.2648	438.9765
437.439	439.1905
437.8349	439.1352
438.2692	439.6404
438.7103	440.1863
438.7764	440.2474
438.9286	440.4395
439.297	440.834
439.3172	440.8943
439.4364	441.0927
439.4835	441.2842
440.1287	441.4504
440.3001	441.7027
440.3455	442.0497
440.4608	442.2866
440.4771	442.3982
440.4865	442.3104
441.0695	442.4937
441.2115	442.6962
441.3904	442.8399
441.5549	443.1618
441.6166	443.2225
441.8701	443.346
441.9968	443.6529
442.0112	443.7761
442.3361	443.7892
442.4375	444.1445
442.4989	444.3675
443.0054	444.6567
443.0405	444.6249
443.2009	444.8875
443.2658	445.1183
443.3804	445.1868
443.434	445.1225
443.8842	445.3555
443.9888	445.3674
444.3498	445.9756
444.3878	446.1913
444.3984	446.3365
444.42	446.2944
444.5291	446.3617
444.7613	446.2874
445.5603	446.8698
445.9201	447.3118
446.0443	447.6584
446.1965	447.6813
446.2201	447.8797
446.4234	447.7662
446.6278	448.1837
446.7786	448.3584
447.0043	448.34
447.0916	448.5862
447.3607	448.8891
447.8106	449.4173
448.4398	449.7399
449.1071	450.5918
449.1796	450.7575
449.2141	450.8496
449.4651	450.9659
449.5816	451.0772
449.7425	451.2688
450.6006	452.094
450.6881	452.1476
450.8916	452.3232
451.1599	452.5543
451.7063	453.1445
451.7679	453.3291
452.2954	453.8286
452.4215	454.0872
452.4264	454.1269
452.747	454.3826
452.8255	454.3844
452.9176	454.6519
453.0134	454.6795
453.7153	455.2755
454.6059	456.2138
454.661	456.1861
454.8185	456.4298
454.8719	456.4649
455.0066	456.3336
455.1557	456.6763
455.1628	456.8119
455.2489	456.8154
455.3821	457.0779
455.5829	457.259
455.8258	457.3926
455.8345	457.4826
455.8827	457.4758
456.9783	458.5307
457.5817	458.9655
457.9117	459.2997
458.3261	459.7087
458.7004	460.2333
459.2162	460.7798
459.4018	460.8632
459.7586	461.3574
459.9374	461.5372
460.0077	461.5761
460.2649	461.5933
460.6606	462.0975
460.7109	462.4275
460.7989	462.6328
460.8292	462.4592
461.0058	462.6469
461.2619	462.7942
461.3146	462.8893
461.4499	462.864
461.5594	463.1258
461.6787	463.1229
461.9452	463.2665
462.1458	463.5407
463.5959	465.0328
464.2596	465.6258
464.4527	465.9815
464.4655	466.0881
464.7634	466.2521
464.8387	466.3673
465.0004	466.5549
465.0657	466.61
465.0977	466.6826
465.4111	467.0268
465.5328	467.0648
465.6709	467.2443
465.9031	467.3615
466.016	467.5642
466.2368	468.0302
466.6496	468.2156
466.7694	468.3455
466.8107	468.5681
466.8536	468.5385
466.9114	468.6059
467.1383	468.9828
467.4792	469.2732
467.8387	469.24
468.2683	469.8345
468.4783	470.0259
468.5909	470.0743
468.7735	470.2669
469.0274	470.5957
469.6277	470.968
469.8039	471.5103
470.2518	471.6954
470.6393	472.1632
470.7628	472.2425
470.8518	472.2174
471.3977	472.937
471.4519	473.0468
471.7285	473.2728
471.8309	473.2608
471.9173	473.409
472.0384	473.4641
472.2119	473.7294
472.3152	473.8037
472.5011	473.8827
473.6366	475.3981
473.6595	475.5008
473.66	475.6438
473.8305	475.8014
473.904	476.0243
473.9319	475.9343
473.957	476.0038
474.0097	475.8761
474.325	476.1471
474.6166	476.2279
474.8934	476.2255
475.2317	476.6107
475.568	477.0514
475.6065	477.0273
475.7453	477.2775
476.0271	477.5776
476.1329	477.5761
476.3653	477.9375
476.7476	478.4349
476.8955	478.5993
477.3115	478.7753
477.4304	478.8587
477.733	479.2865
477.9283	479.7103
477.9733	479.8875
478.0028	479.901
478.2315	480.2491
478.2768	480.2355
478.77	480.5288
478.8563	480.4621
479.1241	480.588
479.6756	481.1445
479.7894	481.1571
480.473	481.8744
480.6033	481.9501
481.0612	482.4859
481.3163	482.9128
481.3249	482.9758
482.6608	483.9744
482.7596	484.2307
482.8684	484.3844
483.1068	484.4499
484.0263	485.4201
484.2212	485.8709
484.2431	485.976
484.2439	486.1268
484.4202	486.1641
484.4395	486.3789
484.4711	486.2304
485.1523	486.7288
485.9873	487.4564
486.9824	488.6489
486.9916	488.7728
487.1378	488.6596
487.2447	488.8459
487.4282	489.0333
487.4463	489.2371
487.7394	489.3924
487.8968	489.4509
487.9235	489.4179
488.4214	489.9029
488.6402	490.1815
488.6946	490.4394
489.2609	490.8286
490.1219	491.8363
490.1268	491.8457
490.1895	491.9855
490.2875	491.9612
490.9592	492.559
491.3189	492.7753
491.3429	492.8106
491.6641	493.4285
491.7141	493.344
492.3131	493.8512
492.3836	493.8331
493.0067	494.4964
493.288	494.7812
493.9652	495.3724
494.0755	495.6623
494.3698	495.9008
494.7537	496.0567
495.3453	496.8156
495.6261	496.9915
495.8615	497.2571
495.9871	497.6377
496.3315	498.012
496.3473	498.0551
496.5201	498.032
496.7503	498.2855
496.9553	498.4372
497.1393	498.7938
497.763	499.339
498.071	499.5747
498.4653	500.1594
498.4814	500.0637
498.7951	500.5334
498.7975	500.5446
498.7992	500.621
498.8737	500.9345
499.0649	501.079
499.109	501.1067
499.205	501.3149
499.2406	501.1322
499.5655	501.359
499.7686	501.5929
499.8341	501.5678
500.0358	501.695
500.2632	502.0051
500.3812	502.1191
500.3938	502.3545
500.4976	502.3544
500.7746	502.54
501.5211	503.0913
501.5358	503.0929
502.2876	503.7716
502.4828	503.8978
502.6448	504.0936
502.6881	504.1181
503.0409	504.4216
503.3691	504.8724
503.3994	505.0424
503.7567	505.216
504.0992	505.628
504.5505	506.0077
504.6007	505.9887
504.7597	506.2511
504.8298	506.4015
505.1192	506.686
505.6197	507.3297
505.6262	507.4394
505.6296	507.2557
505.8928	507.4738
505.9371	507.6629
506.4975	507.8898
506.6278	508.2205
506.6685	508.2855
506.7059	508.2409
507.3598	509.0738
507.368	509.1853
507.4612	509.2838
507.7462	509.1533
507.9168	509.3288
508.0025	509.4038
508.3597	509.6656
508.4747	509.867
508.8728	510.4557
508.927	510.6073
509.0008	510.5658
509.1876	510.735
509.41	510.9997
509.7542	511.2932
509.7786	511.2738
510.3079	511.6296
510.6619	512.2156
511.9062	513.3811
512.0678	513.737
512.3468	513.9038
512.9216	514.2742
513.1498	514.7026
513.2911	514.7981
513.4434	515.2947
513.4691	515.1709
513.5936	515.3065
513.6616	515.3311
513.9286	515.5849
514.0169	515.6729
514.4324	515.9682
514.5443	516.2932
514.7669	516.5621
514.7954	516.5248
514.8827	516.6315
514.89	516.6544
515.2015	516.8202
515.2063	517.0407
515.3468	516.8769
515.7716	517.1958
515.9333	517.4692
516.0596	517.4227
516.0971	517.6593
516.2725	517.6932
516.4198	518.0312
516.7765	518.3462
516.834	518.4022
517.2483	518.6133
517.34	518.981
517.3671	519.1099
517.3934	519.3677
517.4666	519.4613
517.4929	519.3162
517.5861	519.4206
517.6537	519.5245
517.6945	519.3932
518.0938	519.5715
518.4298	520.0724
518.4952	520.2565
518.5903	520.2372
518.8256	520.3789
519.0178	520.6742
519.0305	520.6792
519.5178	521.1664
519.8784	521.3902
520.2649	521.7177
520.5096	521.8536
520.7446	522.2623
521.1714	522.8164
521.2449	522.7722
521.4323	523.066
521.5121	522.9449
521.7323	523.0741
522.2552	523.71
522.307	523.9258
522.35	524.0733
522.3677	524.1506
522.4653	524.1688
522.9954	524.3524
523.204	524.596
523.3653	524.7817
523.5217	524.9821
523.5579	525.0614
523.8092	525.8465
523.8104	525.9131
523.8232	525.9307
523.8768	525.9249
523.9773	526.0203
524.2297	526.2963
524.2487	526.1283
524.5314	526.2121
524.6587	526.3202
524.8738	526.5238
524.9405	526.611
524.9881	526.8071
525.1433	527.0745
525.2656	526.8767
525.9579	527.3578
526.2335	527.5874
526.6369	528.1711
526.7157	528.2446
527.4196	528.9089
527.5152	529.1275
527.5328	529.28
527.619	529.1328
527.987	529.6667
528.0346	529.6478
528.1074	529.8212
528.3362	529.7174
528.3824	529.8913
528.6828	530.1702
528.7847	530.2259
529.0742	530.5045
529.3293	530.8564
529.4772	530.9331
530.0826	531.6458
530.7459	532.2052
530.7705	532.3642
531.0111	532.4602
531.0616	532.518
531.4806	532.9619
531.8861	533.2038
532.8791	534.3524
532.9816	534.9113
533.0573	535.1694
533.0936	535.3929
533.1359	535.463
533.1704	535.4235
533.3341	535.5994
533.3541	535.5595
533.4528	535.7842
533.7076	535.8816
533.9467	535.7567
534.9843	536.5786
535.1016	536.735
535.1481	536.8926
535.4412	537.0732
535.4762	537.3401
535.6227	537.5147
535.7217	537.738
535.7562	537.7297
536.0008	537.7815
536.0253	537.9884
536.1989	538.0166
536.6177	538.1411
536.7263	538.2519
536.9035	538.5427
537.0735	538.3888
537.4151	539.3127
537.4363	539.3745
537.5296	539.2547
537.9075	539.5388
538.5867	540.1472
538.8985	540.6917
538.9618	540.8127
539.076	540.8028
539.2831	541.0693
539.5614	541.1342
539.5706	541.3314
539.9451	541.4049
540.0106	541.5689
540.067	541.6534
540.2287	541.6149
540.3848	541.7679
540.8675	542.2229
541.0666	542.6179
541.2395	543.0291
541.2875	543.1265
541.3932	543.1791
541.6135	543.5462
541.6281	543.6532
541.6922	543.6997
541.7397	543.6714
542.0317	543.6428
542.2864	543.7931
542.538	544.1564
542.5644	544.1251
542.6901	544.4439
542.8735	544.5785
542.8778	544.5432
543.2318	544.7074
543.3353	544.6779
543.5451	545.0458
543.5934	545.1607
543.9707	545.329
544.205	545.6488
544.2649	545.7261
544.3361	545.81
544.5376	545.9313
544.7614	546.3638
544.7686	546.1724
545.0368	546.5021
545.5272	547.1383
545.5328	547.099
545.5603	547.268
546.0504	547.6025
546.2007	547.522
546.4185	547.8862
546.5034	548.132
546.5436	548.1059
546.6264	548.2311
547.0014	548.8592
547.0661	548.8547
547.2692	549.2651
547.2991	549.1905
547.5021	549.6222
547.6593	549.7042
547.7146	549.732
547.8332	549.7903
547.8429	549.7725
548.0916	550.0333
548.1841	550.0113
548.4884	550.0682
548.8341	550.4025
548.947	550.6051
548.986	550.7193
548.996	550.6659
549.1333	550.8385
549.3307	550.8752
549.4018	550.9703
549.8112	551.2887
550.0806	551.6255
550.3066	551.7031
550.6477	552.2045
550.8278	552.3365
550.9406	552.4907
550.9588	552.5045
551.4098	552.8431
551.4347	553.0407
551.531	553.1066
551.6935	553.259
551.9274	553.5434
552.0743	553.6114
552.8341	554.246
553.1231	554.6607
553.2414	554.8156
554.0526	555.355
554.5691	555.9523
554.8937	556.3586
555.1825	556.6915
555.4681	556.9816
555.7779	557.6666
555.9009	557.7057
555.9848	557.7931
556.1727	557.779
556.3558	557.9973
556.4458	558.0141
557.0128	558.3539
557.0774	558.6269
557.4122	558.9296
557.6167	559.0328
557.7349	559.2529
557.7879	559.2265
558.0451	559.7245
558.0921	559.8052
558.0937	559.831
558.5299	560.128
558.5677	560.2505
558.826	560.1646
558.9439	560.4588
559.3513	560.8972
559.418	560.9435
559.59	561.0892
559.6565	561.1486
560.1865	561.7724
560.4002	562.0138
560.4369	562.1738
560.468	562.2066
560.4985	562.178
560.9065	562.2637
561.1782	562.6574
561.2401	562.9096
561.6182	563.0619
561.895	563.2597
562.0196	563.6419
562.107	563.8604
562.2066	563.7765
562.2329	563.8395
562.589	564.0151
562.7042	564.1828
563.4749	564.988
563.6747	565.2771
564.4355	565.8397
565.4912	567.1323
565.6089	567.0287
565.6894	567.2086
566.0139	567.555
566.2241	567.6977
566.2739	567.7785
566.367	567.9857
566.5643	567.9147
566.9017	568.3354
567.2505	568.9756
567.3366	568.8488
567.9795	569.3922
568.0927	569.5004
568.2469	569.6695
568.5169	570.0416
568.6908	570.1925
568.8539	570.2986
569.0453	570.9053
569.069	570.9344
569.1207	570.7891
569.4476	571.1369
569.5067	570.9938
569.955	571.3638
570.1879	571.7669
570.2344	572.0064
570.2751	572.1226
570.3364	571.9514
570.3585	572.0832
571.1245	572.458
571.9641	573.4483
572.046	573.6438
572.1182	573.6137
572.4891	574.0165
572.6753	574.1769
572.8043	574.3799
572.8585	574.4085
573.1781	574.4922
573.4158	574.968
573.4923	575.2706
573.5011	575.2985
573.5779	575.1632
573.6106	575.2288
574.9946	576.7099
575.0116	576.556
575.0697	576.7507
575.2674	576.7242
575.6735	577.1235
576.4491	577.9801
576.9174	578.2192
577.1274	578.5599
577.2627	578.7712
577.4596	578.8704
577.7347	579.267
577.9345	579.5234
577.9722	579.433
578.178	579.8809
578.2755	579.8826
578.287	580.1023
578.5888	580.1634
578.9697	580.4969
579.2558	580.7025
579.3908	580.8598
580.0118	581.4771
580.471	581.9779
580.516	582.2133
580.5971	582.157
580.9002	582.3524
581.5772	582.888
581.9301	583.3079
583.9136	585.5991
583.9622	585.5941
584.0053	585.5865
584.581	586.1398
584.7265	586.1378
584.865	586.4756
584.8844	586.4347
585.2206	586.8776
585.3745	586.8553
585.5476	586.9994
585.6056	587.1564
585.7872	587.3075
586.5101	588.0214
586.7053	588.2494
586.7775	588.2654
586.9572	588.5821
586.9828	588.6369
587.2627	588.801
587.4993	588.8562
587.607	589.0393
587.8199	589.1927
588.0269	589.6063
588.1005	589.7152
588.3307	589.9217
589.6902	591.1819
589.9135	591.4022
590.279	591.8521
590.4822	591.8587
590.6261	592.2106
590.7004	592.079
590.9505	592.5031
591.1087	592.7582
591.1132	592.7939
591.2789	592.7686
591.3591	593.0377
591.4318	592.8455
592.1338	593.515
592.4194	593.8867
592.4421	593.9263
593.01	594.419
593.0935	594.8054
593.1038	594.7874
593.2989	595.1185
593.6302	595.1104
593.9845	595.4605
594.4081	595.9614
594.8902	596.2033
595.0352	596.3772
595.2394	596.7959
595.322	597.1368
595.3744	597.3093
595.5266	597.3602
595.8529	597.8768
595.904	597.776
596.0587	597.7611
596.8046	598.3547
597.0199	598.4214
597.5184	599.1036
597.6387	599.1084
597.6415	599.2632
597.8437	599.3507
597.8716	599.4099
597.987	599.5748
598.0818	599.529
598.2998	599.6274
598.4181	599.7254
599.3696	600.8082
599.5802	601.0387
599.7907	601.305
600.5274	601.9868
600.6886	602.1756
601.0613	602.5369
601.8502	603.3966
601.8732	603.625
601.988	603.7171
602.1292	603.6919
602.525	603.9484
602.6444	604.1976
603.0483	604.3601
603.7149	605.1672
603.8142	605.2376
604.0247	605.5406
604.5694	605.8855
604.7064	606.2425
604.7352	606.4202
604.9637	606.6523
605.0652	606.5987
605.1349	606.5493
605.3414	607.0546
605.3946	607.0793
605.8322	607.1336
606.0235	607.7878
606.0261	607.8077
606.0286	607.7135
606.6492	608.0465
606.7926	608.2255
606.8982	608.6399
606.9972	609.0483
607.0111	609.2225
607.0694	609.3171
607.2022	609.1961
607.2055	609.3844
607.2597	609.3533
607.4047	609.3047
607.5436	609.4583
607.6198	609.6153
608.0387	609.4791
608.4052	609.8791
608.8394	610.3617
608.8953	610.4746
608.9701	610.3749
609.2157	610.7859
609.3237	610.8905
609.4932	611.0733
609.586	611.2028
610.0612	611.624
610.1213	611.4756
610.372	611.9908
610.5121	612.3219
610.7371	612.521
610.7923	612.6481
610.8281	612.6968
610.8509	612.6262
611.1357	612.8297
611.8071	613.2158
612.1638	613.6838
612.2725	613.585
612.4241	613.9233
613.5635	615.1165
613.7419	615.2007
614.2134	615.7337
614.5173	615.9602
614.5506	616.259
614.6274	616.2511
614.6499	616.434
614.8458	616.7216
614.8738	616.6709
615.1196	616.9176
615.2188	616.7828
615.8735	617.2809
616.0871	617.6507
616.4935	618.1005
616.5226	618.3171
616.7607	618.3899
616.8215	618.5162
617.2568	618.964
617.7401	619.2431
618.4434	619.9434
619.1761	620.7236
619.2196	620.7587
619.2556	620.8968
619.6166	621.1042
619.874	621.4613
619.9544	621.4079
620.5983	622.1412
620.6714	622.1567
621.18	622.7587
621.5332	622.9251
621.7655	623.3691
621.8254	623.4799
621.839	623.616
622.2336	623.86
622.2426	623.9115
622.5668	624.0071
622.7859	624.3062
623.2951	624.6492
623.5685	625.113
623.9424	625.5758
623.9446	625.4767
624.6639	626.1276
624.7917	626.2519
624.8232	626.4687
625.4404	627.0341
625.6076	627.1214
625.9115	627.7353
625.926	627.8541
626.0238	627.8681
626.4552	627.8166
626.8814	628.2681
627.0911	628.6445
627.4965	629.0649
627.9284	629.2784
628.0849	629.5836
628.3292	629.9607
628.3826	630.2407
628.3939	630.2378
628.4211	630.0493
628.6543	630.368
628.7597	630.402
629.1585	630.7868
629.6184	631.1017
629.7861	631.5476
629.909	631.6987
629.9358	631.5629
630.0621	631.7825
630.3822	631.8647
630.7545	632.4335
630.8218	632.3627
630.895	632.5367
631.3031	632.8464
631.3177	632.8646
631.5084	632.9898
631.8495	633.2847
632.2133	633.7736
632.6554	634.2401
632.6891	634.4419
632.8504	634.3215
633.2302	634.8113
633.4007	634.9147
633.4576	635.0633
633.8448	635.3691
633.9253	635.6125
633.9673	635.6074
633.9895	635.6036
634.1306	635.7831
634.186	635.8861
634.748	636.2028
634.8141	636.2942
635.1285	636.7408
635.3869	636.8163
635.5908	637.0301
636.1318	637.6038
636.8328	638.3597
637.2117	638.7178
637.257	638.7
637.3426	638.8167
637.5499	638.8632
637.6981	639.1154
637.7406	639.1848
637.9265	639.5847
638.1495	639.5733
638.3643	639.8717
638.4287	640.0315
639.224	640.7107
639.385	640.7916
639.8738	641.3425
639.952	641.5278
640.0169	641.6429
640.2352	641.753
640.2398	641.7228
640.4053	642.1719
640.4366	642.039
640.4945	642.1681
640.9526	642.6714
641.0447	642.6764
641.1552	642.9365
641.5017	643.0209
641.8505	643.3775
642.1088	644.0023
642.1754	643.9343
642.2012	643.9653
642.2566	643.9782
642.4434	644.1516
642.8716	644.2587
643.1121	644.6684
643.4081	644.9026
643.6401	644.9825
643.7585	645.3208
643.7934	645.4132
643.8437	645.5415
644.29	645.8096
644.8931	646.2953
644.9483	646.6665
645.078	646.8717
645.1798	646.8842
645.2544	646.8991
645.3335	646.9603
645.5355	647.0989
645.5451	647.1119
645.7032	647.2914
646.2852	647.7823
646.5525	647.9934
646.5546	648.2551
646.6831	648.1427
646.77	648.4174
647.3224	648.881
647.5545	648.9863
647.5695	649.1334
648.1262	649.7265
648.3007	649.8439
648.3175	649.9506
648.6125	649.9594
648.7525	650.2435
649.1001	650.4726
649.6041	651.1436
649.8391	651.2754
650.5244	652.008
651.1225	652.5048
652.0072	653.636
652.3563	653.9663
652.5401	653.913
653.2148	654.78
653.6751	655.3382
653.7977	655.2833
654.3401	655.8186
655.438	657.1712
655.4493	657.1457
655.4675	657.1163
655.7687	657.3063
656.0618	657.5897
657.2596	658.9954
657.2634	658.9555
657.3829	658.8844
657.7006	659.2756
657.809	659.3617
657.852	659.4254
658.5585	660.0457
659.2254	660.7456
659.6082	661.1619
659.7174	661.2739
660.4242	661.7796
660.5515	662.0528
660.7311	662.0701
661.1151	662.6436
661.6638	663.0724
661.7932	663.2839
662.9145	664.3278
663.9896	665.6767
663.9945	665.4991
664.8907	666.3811
665.3082	666.7048
665.5936	667.2175
666.13	667.5557
666.2641	667.7896
666.6791	667.9916
667.37	668.7784
667.498	669.1913
667.6636	669.5199
667.6991	669.6492
667.7873	669.7235
667.9278	669.7951
668.5418	670.0576
668.8819	670.3612
668.913	670.4987
669.0595	670.699
669.633	671.3745
670.0242	671.7696
670.2686	671.7455
670.9705	672.4113
671.4361	672.8193
671.5891	673.1837
671.6757	673.4058
671.8617	673.6797
672.0314	673.6416
672.2719	673.8399
672.5088	674.1316
672.5156	674.3422
672.6357	674.5004
672.725	674.7149
672.7614	674.6606
672.7911	674.697
673.4783	674.8902
673.7548	675.2351
673.7963	675.4193
674.1479	675.5958
675.0405	676.6493
675.1356	676.5828
675.3313	676.7555
676.0199	677.3869
676.6611	678.0739
676.873	678.5022
676.9082	678.5285
676.9481	678.7505
676.9573	678.7666
677.2188	678.8885
677.2857	678.8774
677.4861	679.0023
678.9649	680.415
678.9787	680.5213
679.0842	680.5193
679.3128	680.681
679.522	681.0872
680.1858	681.584
680.6648	682.2127
681.6115	683.2411
681.6987	683.3383
681.7386	683.3425
682.2015	683.868
682.2438	683.9105
682.3811	684.0449
683.2962	684.8365
683.6792	685.1773
683.9703	685.8125
684.1157	685.8574
684.5017	686.1689
684.5035	686.1786
684.7247	686.47
684.7452	686.3826
684.8289	686.6954
684.8771	686.6976
684.8944	686.8575
685.027	686.8127
685.2116	686.8819
685.2397	686.984
685.8484	687.3528
685.9343	687.5596
686.058	687.5611
686.2563	687.8783
686.2744	687.7833
686.8562	688.4076
687.1123	688.5087
687.2235	688.7313
687.2919	688.8703
687.4841	689.1427
687.513	689.1167
688.6349	690.0529
688.7006	690.1494
689.2548	690.8343
689.377	690.8902
689.5349	691.0823
689.5576	691.1634
689.804	691.2087
690.1276	691.612
690.4542	691.9586
691.0241	692.4522
691.0711	692.7112
691.1963	692.6956
691.4322	692.8101
691.595	693.0896
692.2182	693.5241
692.345	693.7702
692.3987	693.7822
692.5855	693.9217
693.0096	694.5714
693.2656	694.9144
693.2988	694.912
693.3777	694.9646
693.6875	695.244
693.965	695.5272
694.1227	695.6618
694.5775	696.0172
694.6343	696.1564
694.9541	696.4214
695.6919	697.0724
695.7702	697.2963
696.0373	697.6258
696.1317	697.8026
696.341	697.8311
697.4692	698.854
697.7525	699.2739
697.9989	699.7295
698.0027	699.6108
698.1577	699.6836
698.7661	700.0858
698.895	700.3961
699.2619	700.9709
699.2655	700.964
699.2694	700.9078
699.2844	701.1597
699.8453	701.2975
701.0401	702.4983
701.2446	702.9865
701.2451	702.9106
701.2743	702.9889
701.4992	702.8916
701.7078	703.3936
702.1094	703.762
702.2209	703.8427
702.5184	704.2099
702.6475	704.1743
702.8754	704.4081
703.0142	704.3486
703.0957	704.4964
703.2837	704.6656
704.1137	705.576
704.2207	705.6376
704.4222	705.9185
705.1956	706.7114
705.3684	706.8309
705.5249	707.1399
705.5689	707.2573
705.676	707.1139
706.1111	707.4291
706.89	708.4469
706.9794	708.65
707.0601	708.7032
707.2071	709.0441
707.2172	708.9706
707.3579	709.1464
707.3917	709.1459
707.5099	709.1663
707.7797	709.2137
708.0373	709.4552
708.3332	709.957
708.3383	709.8125
708.9306	710.495
709.0721	710.481
709.1024	710.6825
709.2901	710.9807
709.3506	711.0879
709.7488	711.5895
709.7867	711.4908
709.8354	711.5107
709.8925	711.7009
710.7435	712.2321
710.861	712.5708
710.8661	712.4635
710.9291	712.7267
711.8269	713.2975
712.2298	713.8678
712.3617	713.9776
712.3657	714.0205
712.7597	714.2125
712.9285	714.398
713.0494	714.6677
713.0738	714.7189
713.3414	714.7815
713.6503	714.995
713.7577	715.2126
713.9216	715.4549
714.0365	715.5413
714.2085	715.5761
714.5625	716.196
714.7437	716.3549
714.9326	716.4148
715.0624	716.4595
715.4771	717.0068
715.4989	717.0327
716.219	717.8977
716.7197	718.2075
716.9769	718.4553
717.68	719.4623
717.7076	719.3361
717.881	719.4424
718.6454	720.2667
719.1045	720.6168
719.2106	720.8278
719.2363	720.7695
719.3743	720.9008
719.6523	721.1101
719.6818	721.1845
720.1937	721.5964
720.591	722.0821
720.8744	722.6114
720.8982	722.6418
721.2369	722.6972
721.4655	722.9258
722.3482	723.9158
722.3936	723.9612
722.5002	723.9977
722.8802	724.3491
722.8933	724.5162
723.115	724.6737
723.2159	724.6887
723.6876	725.2319
723.9769	725.6729
724.1246	725.9141
724.1746	725.9896
724.1801	725.8909
724.7377	726.2022
725.0403	726.3684
725.539	727.0446
725.6779	726.986
725.7962	727.3617
725.8639	727.4451
725.8695	727.4949
725.9923	727.5812
726.3043	727.9965
726.3142	728.0688
726.4174	728.2496
726.469	728.3739
726.5334	728.5118
726.5793	728.4889
726.7233	728.6243
726.949	729.0244
727.1263	729.2951
727.1266	729.4247
727.1847	729.5139
727.236	729.5572
727.2423	729.4236
727.4384	729.6183
727.5397	729.5498
727.7957	729.6897
728.0769	729.9288
728.2815	729.8116
729.049	730.6035
730.0297	731.6659
730.0739	731.5858
730.7723	732.1137
730.8773	732.5888
730.9068	732.7881
730.9157	732.6594
731.0046	732.9511
731.1966	733.0006
731.2021	732.9673
731.5797	733.1637
731.6543	733.4863
731.7303	733.7057
731.9681	733.9289
732.0467	733.7875
732.8025	734.5987
732.8201	734.5844
732.9302	734.7727
733.041	734.931
733.21	734.7154
733.9662	735.3365
734.0333	735.6386
734.2092	735.7283
734.3834	736.1027
734.4482	736.2224
734.5216	736.4209
734.7633	736.6872
734.7818	736.6896
734.8544	736.7098
734.9218	736.8723
735.2306	736.9457
735.6556	737.2075
735.7397	737.4339
735.7819	737.5849
735.8003	737.7231
735.8192	737.5784
735.9052	737.8518
736.8164	738.3761
736.8765	738.4639
737.1701	738.6765
737.3436	738.7787
737.4051	739.11
737.4307	739.1176
737.6118	739.2351
738.421	739.7341
738.5436	740.0631
739.0277	740.596
739.2924	740.7222
739.3032	740.8232
739.5881	741.1984
739.6373	741.0762
740.1652	741.5276
740.3399	741.8767
740.6809	742.1015
740.8967	742.3484
741.3975	742.803
741.4532	742.8518
741.5747	742.9972
741.8224	743.3135
741.9116	743.5477
742.0537	743.6152
742.5305	744.0901
743.2985	744.6501
743.3806	744.796
743.7457	745.3493
743.7909	745.2066
744.1816	745.8483
744.2733	745.7998
744.3134	746.0188
744.9478	746.3874
745.0014	746.5566
745.1555	746.6905
745.1801	746.8833
745.2142	746.9681
745.2402	746.7836
745.6403	746.9851
745.8025	747.2311
745.9156	747.3006
747.098	748.5139
747.1103	748.7311
747.3182	748.7526
747.8382	749.4147
747.8433	749.4548
748.0686	749.6254
748.2979	749.7478
748.3021	750.0167
748.4384	750.112
748.5331	750.047
748.8309	750.4247
748.8678	750.3168
749.245	750.7682
749.5826	750.9681
749.754	751.3514
749.785	751.4487
749.8356	751.5718
749.9177	751.6464
750.5366	751.9335
750.76	752.3168
750.8057	752.2722
751.0872	752.5814
751.1304	752.66
751.4817	752.9919
751.8358	753.2387
752.2456	753.6402
752.2973	753.7535
752.5794	753.8997
753.2411	754.7721
753.4287	754.7908
753.6041	755.0252
753.6911	755.1041
753.7933	755.3789
754.1552	755.789
754.2331	755.9319
754.4502	756.0257
754.472	755.9913
754.7357	756.491
754.8625	756.688
754.8821	756.7127
754.949	756.926
755.439	757.1989
755.9602	757.6825
755.9696	757.7236
756.1931	757.7922
756.4195	757.8637
756.9592	758.5252
757.0582	758.6151
757.2991	758.7531
757.7585	759.0789
758.3165	759.6939
758.5132	760.0888
758.5623	760.1348
758.8107	760.5364
758.8148	760.3708
759.1494	760.5686
759.2965	760.7675
759.5299	760.9096
759.7747	761.1664
760.4458	761.7837
760.7191	762.1363
760.9316	762.5042
761.3821	762.9145
761.5338	763.1973
761.5755	763.0969
761.6938	763.3249
761.7163	763.3251
762.08	763.6759
762.3568	764.0668
762.4056	764.3654
762.469	764.4009
762.469	764.4636
762.8561	764.6002
762.9316	764.6535
762.97	764.7695
763.302	765.4246
763.3129	765.2885
763.4208	765.6404
763.5493	765.56
763.5826	765.5543
764.2247	765.886
764.3876	766.0057
764.4182	765.9926
764.841	766.3486
765.1909	766.5315
765.4543	766.9915
765.693	767.0854
765.8698	767.2123
766.633	768.2041
766.8505	768.2131
767.5132	769.0742
767.6964	769.0796
767.7595	769.3575
767.9335	769.3539
768.0954	769.5958
768.2458	769.6044
768.8976	770.3307
768.9371	770.3607
769.1773	770.784
769.8156	771.2605
770.1151	771.7322
770.1286	771.6578
770.4609	771.9027
771.0476	772.6581
771.124	772.755
771.235	773.0191
771.2667	773.152
771.2675	772.9898
771.4489	773.243
771.9568	773.3036
772.0981	773.653
772.1543	773.596
772.8043	774.2571
772.9903	774.4215
773.171	774.5506
774.2196	775.5465
774.4347	775.9702
774.4907	775.9068
774.9246	776.359
775.1731	776.5962
775.7348	777.4215
775.8532	777.6601
775.9731	777.6893
776.2083	777.9272
776.2963	778.2373
776.3772	778.2229
776.624	778.2019
777.0443	778.5722
777.1325	778.7884
777.1861	778.8842
777.3693	778.9832
777.4689	779.043
777.7679	779.133
777.8396	779.4631
778.0219	779.7043
778.0328	779.6863
778.1403	779.8974
778.1807	779.8426
778.3827	780.0142
779.2848	780.7568
779.4341	780.9008
779.7531	781.2216
779.8741	781.377
779.886	781.4522
780.287	781.8256
780.2936	781.8086
780.4743	782.0699
780.943	782.3668
781.0369	782.415
781.1784	782.6499
781.4118	782.802
781.6951	783.1578
782.6259	784.2205
782.6403	784.1702
782.7909	784.4601
782.8617	784.7017
782.9552	784.654
783.0078	784.6805
783.0664	784.8458
783.5965	785.1472
783.7106	785.1554
783.7444	785.4381
783.81	785.4546
784.3138	785.7255
784.5408	786.1667
784.5815	786.2707
784.639	786.0598
784.948	786.2729
785.0586	786.3989
785.3613	786.9868
785.4389	787.0671
785.7907	787.1515
786.2722	787.6972
786.3579	787.9141
786.7985	788.4823
786.8229	788.5936
786.9076	788.6191
786.9554	788.7727
787.0812	788.7921
787.3845	789.0727
787.4882	789.0822
787.4913	789.0794
788.01	789.5438
788.0405	789.679
788.3031	789.9375
788.6532	790.1476
788.6983	790.2944
788.8575	790.3538
789.1151	790.6814
789.4611	790.9284
790.0633	791.486
790.2017	791.8299
790.3789	791.8398
790.6298	792.4426
790.6331	792.5733
790.6426	792.5725
790.726	792.5312
791.6638	793.1746
791.715	793.3228
791.7154	793.5017
792.4216	793.76
792.5548	794.0426
792.8815	794.4706
792.9468	794.3383
793.6215	795.0783
793.9769	795.495
794.1818	795.7723
794.4592	796.0185
794.7352	796.2299
794.9079	796.5355
795.0665	796.7634
795.2205	796.7847
795.4963	796.8919
795.6693	797.0459
795.7481	797.2575
796.1878	797.5422
796.6371	798.0573
796.735	798.3165
796.8611	798.3855
797.2669	798.8252
797.3311	798.9591
797.589	799.0284
797.706	799.2491
797.7968	799.5126
797.9128	799.4595
798.1001	799.7793
798.5737	800.0464
798.7456	800.2025
798.8482	800.3276
799.3981	800.8346
799.5147	800.8895
799.5711	801.078
800.4028	801.7778
800.8066	802.2325
801.0065	802.5192
801.0622	803.0087
801.0767	802.8629
801.1275	803.0508
801.3381	803.2356
801.3446	803.3753
801.9779	803.539
802.167	803.6374
802.4424	803.8174
802.7756	804.4858
802.784	804.2777
802.8655	804.3946
803.6443	805.1707
803.7219	805.4563
803.8323	805.9162
803.9281	805.8947
804.0121	806.0701
804.1685	806.0175
804.2581	806.1655
804.3757	806.375
804.4873	806.5135
804.5803	806.4035
805.0015	806.8483
805.198	806.8424
806.2277	807.5918
806.6716	808.1344
806.9277	808.5372
807.7362	809.1839
808.3457	809.814
808.6152	810.1243
808.6912	810.1702
809.2327	810.866
809.2351	810.946
809.3919	811.3549
809.4207	811.2107
810.0243	811.5388
810.1635	811.7012
810.5737	812.0987
810.6317	812.114
811.0106	812.6301
811.0489	812.565
811.2806	812.7186
811.3786	812.83
811.7256	813.1161
811.8822	813.3188
812.0675	813.6831
812.2509	813.6541
812.3673	813.7494
812.726	814.2349
812.8378	814.2002
813.0223	814.6252
813.7187	815.0679
814.1064	815.8086
814.1695	815.8422
814.2569	816.1914
814.5131	816.5101
814.5384	816.5551
815.4056	817.0935
815.4792	816.9882
815.9078	817.419
816.2019	817.6283
816.3878	817.8842
816.6417	817.9732
817.2357	818.8148
817.3887	818.7709
817.7325	819.2713
817.8223	819.5413
818.2677	819.5809
818.7818	820.1948
818.9082	820.3723
819.2121	820.6146
819.6403	821.0509
819.8786	821.3851
820.226	822.1047
820.4253	822.2263
820.7428	822.7727
821.0016	822.7582
821.071	822.8511
821.4299	822.8856
821.7172	823.3358
822.0156	823.6016
822.0375	823.5911
822.1461	823.6196
822.6674	824.3864
822.7192	824.8504
822.752	824.9117
822.7654	824.9657
822.7723	824.7949
822.7864	824.8268
822.788	824.8213
822.8088	824.9978
823.3097	824.9696
823.9418	825.4641
824.032	825.6388
824.1308	825.5819
824.6387	825.9972
824.8087	826.2409
824.9104	826.5155
824.9661	826.7104
824.9699	826.8469
825.1173	827.0875
825.3084	827.0204
825.4661	827.1763
825.5419	827.2043
826.1411	827.7016
826.3058	827.7927
826.5071	828.0574
827.0244	828.6469
827.0903	828.5668
827.1754	828.6414
828.184	829.8303
828.2857	829.7201
828.5842	830.125
828.6303	830.1981
829.0856	830.5464
829.3088	830.9557
829.3671	830.8588
829.6611	831.116
829.8559	831.3306
829.8928	831.5172
829.9686	831.8389
830.0766	831.8094
830.8338	832.249
830.9635	832.4327
831.1121	832.6245
831.1769	832.6642
831.2517	832.7983
831.4619	832.997
831.6405	833.1701
831.7245	833.1133
831.7804	833.2678
831.9159	833.3453
832.0535	833.5045
832.4242	834.0354
832.4848	833.995
832.6486	834.0451
832.8477	834.2854
832.9055	834.4449
833.0628	834.7929
833.0831	834.6704
833.5307	835.0689
833.6463	835.1595
833.785	835.2576
833.9618	835.5594
834.0035	835.6625
834.1046	835.8568
834.1909	835.7979
834.7438	836.33
834.8352	836.2664
834.9007	836.5127
835.0852	836.4476
835.5115	836.9864
835.5371	837.2373
835.5971	837.4363
835.7271	837.5357
835.7585	837.5125
835.7743	837.7244
835.8032	837.5801
835.9326	837.8445
837.2421	838.7504
837.4035	839.0246
837.668	839.2089
837.9213	839.3244
839.5118	841.1302
839.514	841.1447
839.5265	841.4101
839.6839	841.687
839.8088	841.8297
839.8388	841.9904
839.8748	841.9742
840.0315	842.2648
840.1273	842.5438
840.2252	842.4681
840.2572	842.6078
840.2988	842.4927
840.6218	842.9357
840.6669	842.9096
840.8823	843.0633
840.9244	843.1058
841.1482	843.3243
841.3158	843.1663
841.573	843.2871
842.0744	843.4922
842.42	843.9871
842.742	844.307
842.8471	844.3049
842.9535	844.3108
843.2581	844.8997
843.321	845.1783
843.6354	845.2218
843.8212	845.2892
844.3168	845.8913
844.4286	845.8123
844.7562	846.3735
844.8309	846.3008
845.1245	846.6181
845.3064	846.843
845.353	846.8308
845.5865	847.0458
845.8389	847.3354
846.098	847.6359
846.1719	847.9341
846.291	847.744
847.0431	848.6042
847.106	848.613
847.4097	848.8534
847.5342	848.9793
847.6127	849.1184
848.4871	850.38
848.6014	850.4139
848.6182	850.5454
848.7157	850.596
850.1834	851.7062
850.9759	852.4133
851.0886	852.6357
851.2155	853.1666
851.2265	853.213
851.2735	853.0323
851.4193	853.1852
851.9337	853.2823
852.1549	853.6746
852.7693	854.2582
853.1175	854.5659
853.5047	855.1793
853.5104	854.997
854.2196	855.7515
854.2354	855.814
854.4664	856.0412
854.5215	856.2705
854.5391	856.2386
854.7063	856.8238
854.749	856.7055
854.8026	856.9429
854.9919	857.1293
855.0047	857.1922
855.1877	857.1311
855.338	857.244
855.5797	857.6335
855.5817	857.5387
855.7586	857.5917
856.021	857.5682
856.1471	857.6941
856.5044	857.9917
856.653	857.9605
857.6408	859.1091
858.083	859.5169
858.3201	859.7509
859.2357	860.8057
859.394	860.8281
860.1294	861.5126
860.3071	861.8385
860.3542	861.819
861.2631	862.6692
861.3576	862.7768
861.4574	862.8259
862.099	863.5585
862.1472	863.7005
862.35	863.8186
862.7435	864.2439
862.7636	864.4289
862.9438	864.5951
863.0068	864.7361
863.5538	865.0308
863.6905	865.1341
864.3628	865.7454
864.5419	866.0971
864.5756	866.2342
864.7875	866.4318
865.0975	866.585
865.1431	866.7751
865.3932	866.8705
865.4631	867.0817
865.9814	867.302
866.1297	867.6921
866.4149	868.135
866.453	868.216
866.4912	868.4728
866.5384	868.6016
866.8854	869.1172
866.9401	869.2633
867.1076	869.302
867.2326	869.4561
867.3934	869.5629
867.5863	869.8121
867.6242	869.7605
867.6408	869.8291
867.9412	869.7065
868.9996	870.5683
869.1614	870.6096
869.2801	870.9647
869.4276	871.0456
869.4908	870.9798
869.833	871.442
869.9501	871.6179
870.2223	871.6541
870.3348	871.859
870.8844	872.4648
871.253	872.7095
871.4469	872.9719
872.655	874.159
872.716	874.2037
873.0269	874.5885
873.0405	874.6557
873.1826	874.8427
873.2722	875.0097
873.7118	875.3754
873.7467	875.4099
874.1225	875.6981
874.1616	875.6762
874.3225	875.9166
874.5945	876.2086
874.6611	876.3298
874.7045	876.2987
874.944	876.426
875.2499	876.8164
875.3131	876.8147
875.3948	876.9785
875.5996	877.0891
876.0894	877.6969
876.1099	877.6027
876.2691	877.8656
876.4533	878.0223
876.7341	878.0684
876.9337	878.5395
877.0124	878.5365
877.4383	879.0001
877.686	879.3128
877.7383	879.1436
877.9034	879.2597
878.0272	879.4134
878.9869	880.528
879.5162	881.0311
880.7121	882.2806
880.8659	882.2487
881.0435	882.9112
881.0469	882.8283
881.0734	882.9871
881.2029	883.1131
881.6478	883.3482
881.6639	883.4412
882.3504	883.8318
882.3653	883.8447
882.9249	884.4388
882.9923	884.6692
883.0314	884.8643
883.0723	884.9008
883.1603	885.0079
883.3328	885.1753
883.406	885.2068
883.4389	885.3173
883.6189	885.3652
884.5579	886.0992
885.1339	886.691
885.3773	887.17
885.3941	887.2339
885.4905	887.4338
885.7741	887.8385
885.9164	887.9904
885.9183	887.8404
885.9322	887.944
886.2417	888.1926
886.3459	888.2727
886.364	888.3466
886.3912	888.3742
886.5144	888.2408
887.1549	888.5512
887.5467	889.265
887.6196	889.4078
887.6224	889.5679
887.7682	889.4805
887.8918	889.6983
888.245	889.7978
888.7954	890.6084
888.8138	890.8248
888.8262	890.8334
888.8522	890.7755
888.8859	891.017
888.9079	891.0282
889.442	891.0688
889.8717	891.4892
889.8735	891.6768
889.8897	891.5343
889.9738	891.8264
890.458	892.0275
890.913	892.2235
891.0153	892.4258
891.4142	893.1257
891.4688	893.3698
891.4787	893.5357
891.5962	893.6604
891.7841	893.7414
892.1583	893.7031
892.4711	894.0408
892.6162	894.1744
892.9591	894.592
893.0593	894.6696
893.2451	894.9118
893.2949	894.9582
893.4309	895.0985
893.7507	895.0948
894.2985	895.6671
894.368	895.9889
894.4527	896.0643
894.7266	896.2987
895.1699	896.5683
895.2183	896.8365
895.6719	897.2249
896.3581	897.708
897.093	898.6432
897.1068	898.6072
897.5159	899.1218
897.5409	899.1592
897.6462	899.1221
897.9183	899.315
898.2207	899.7005
898.2669	899.8356
898.8187	900.3033
899.6611	901.0643
900.1157	901.5642
900.419	902.1767
900.5461	902.4751
900.5463	902.4548
900.724	902.4389
901.8104	903.2842
901.8278	903.4597
901.9142	903.5033
902.1046	903.6992
902.4393	904.0939
902.4912	904.038
902.9306	904.4048
903.1553	904.5108
903.3392	904.7074
903.5379	905.0333
903.629	905.2516
903.7356	905.3024
903.8586	905.5263
903.8731	905.6127
903.9798	905.7979
904.0587	905.7345
904.672	905.9988
904.8682	906.394
905.3731	906.8693
905.6579	906.9658
906.0443	907.5385
906.5102	908.0383
906.513	907.9524
906.9125	908.4626
907.0834	908.9238
907.0933	908.9792
907.1433	909.1796
907.1457	909.2626
907.257	909.1149
907.2981	909.3844
907.5334	909.2444
908.0209	909.567
908.1201	909.6306
908.4362	909.9909
909.0061	910.6807
909.017	910.6295
909.1102	910.7653
909.2641	910.7763
909.3483	910.8321
909.4749	911.0186
909.6495	911.1542
909.9621	911.4759
910.1093	911.6894
910.4384	911.9918
910.4825	912.0808
910.5546	912.1284
910.6436	912.3886
911.0002	912.4996
911.3766	912.9788
911.4711	912.8055
912.0281	913.451
912.1036	913.7635
912.1659	913.8032
912.2262	914.0347
912.3697	914.0468
913.0083	914.4632
913.041	914.5086
913.781	915.262
914.168	915.7617
914.3089	915.8189
914.6034	916.0713
914.7008	916.4852
914.7079	916.557
914.7366	916.6088
914.8709	916.6331
915.0127	916.6722
915.8044	917.1835
915.8644	917.4822
916.5463	918.0789
916.821	918.204
917.0744	918.573
917.1894	918.6129
917.5136	919.0238
917.6591	919.0874
917.7156	919.1737
918.3633	919.7235
918.5107	919.8541
918.633	920.2128
918.6833	920.425
918.7293	920.4005
918.7904	920.5479
919.3336	920.8586
920.1214	921.72
920.1339	921.8744
920.1762	922.0123
921.129	922.5562
921.3014	922.7844
921.4508	922.9035
921.6395	923.1772
922.0391	923.408
922.1832	923.7256
922.3429	923.8621
922.4589	924.0655
922.6809	924.3053
922.7241	924.2505
922.7648	924.425
923.6103	924.9904
923.8399	925.3851
923.9612	925.2652
924.2748	925.6161
924.514	926.0679
924.8277	926.3888
925.3822	926.7986
925.6267	927.0617
925.8075	927.1751
926.4096	927.8407
927.2316	928.657
927.347	928.8376
927.7139	929.3762
927.7672	929.5324
927.8415	929.6675
927.9968	930.0049
928.0011	929.8106
928.0882	930.0171
928.1277	930.173
928.2384	930.1338
928.5309	930.2679
928.9484	930.4884
929.5898	931.0606
929.8441	931.3777
930.029	931.3646
930.6999	932.2567
930.9402	932.5927
930.9657	932.7479
931.0274	932.9976
931.0732	933.1156
931.0765	933.2445
931.0971	933.1983
931.2987	933.1366
931.7553	933.4189
931.9522	933.662
931.9538	933.6872
932.0783	933.6833
932.1954	933.7911
932.3556	934.0676
932.9886	934.5056
933.0924	934.4239
933.3016	934.7716
934.0772	935.5498
934.2596	935.5839
934.4752	935.8622
934.5933	935.9063
934.7779	936.2007
934.8128	936.2688
934.9098	936.5323
935.6057	936.9809
935.8724	937.4038
935.951	937.4503
936.0956	937.5539
936.3595	937.6632
936.6196	938.0158
936.7268	938.5033
936.7534	938.7098
936.9084	939.0282
936.9268	939.0855
937.0407	939.112
937.0955	938.9939
937.1051	939.0902
937.2362	939.1507
937.4945	939.2113
938.1199	939.5835
938.1598	939.8825
938.8905	940.3309
939.1293	940.6896
939.3086	940.8252
939.8094	941.3233
940.4203	941.8698
940.5015	942.0223
940.705	942.2841
940.7416	942.1893
940.8669	942.4497
941.1543	942.4552
941.34	942.9912
941.3892	943.1442
941.3975	943.1172
941.4608	943.3257
941.4814	943.1582
941.9805	943.5391
942.1417	943.7242
942.8958	944.5646
943.3423	944.8191
943.5786	945.065
943.6278	945.3368
944.4539	945.8171
944.6793	946.0671
945.0185	946.5596
945.5387	947.1195
945.575	947.0054
946.1328	947.659
946.2671	947.821
946.6253	948.1506
946.7716	948.3537
946.8493	948.3352
947.0692	948.5267
947.8397	949.3214
948.1504	949.5815
948.8879	950.4518
949.4736	950.8411
950.0491	951.5924
950.0802	951.6356
950.2212	951.8595
950.3924	951.8057
950.6009	952.1509
950.7121	952.1689
950.9605	952.4571
951.3266	952.8916
951.6238	953.0678
951.8845	953.3218
952.7241	954.256
952.8607	954.2067
953.2096	954.7164
953.3265	954.8932
953.4061	955.0622
954.2153	955.6907
954.3523	955.8397
955.1028	956.6695
955.1072	956.7086
955.4918	957.0787
955.6182	956.9985
955.8419	957.3399
956.5929	958.1025
956.7283	958.1859
956.82	958.5697
956.9392	958.6062
957.0152	958.9589
957.0416	958.9663
957.0472	958.993
957.1182	959.066
957.317	959.2627
957.47	959.3237
957.4834	959.4201
958.5187	959.8694
958.709	960.0595
958.9999	960.9205
959.0244	961.0344
959.0411	961.193
959.0518	961.0894
959.1811	961.1635
959.3722	961.3006
959.5691	961.4801
960.2606	961.9705
960.7886	962.2787
961.1751	962.6526
961.4997	963.1717
961.5036	963.1475
961.5592	963.0938
962.5365	963.9545
962.6485	964.1808
962.8	964.2206
963.4257	964.9679
963.4988	965.0869
963.7151	965.2166
963.8712	965.3292
964.1975	965.8244
964.3815	965.7778
964.8259	966.1793
964.9102	966.333
965.3302	966.9497
966.3855	968.0124
966.6865	968.1573
966.7334	968.3329
966.8553	968.366
967.7538	969.264
968.5394	970.1388
968.5676	970.1352
969.1097	970.4212
969.3691	970.8192
969.6123	971.0642
969.789	971.1142
969.9477	971.3594
970.3227	971.6368
970.5784	971.9207
970.7941	972.332
970.8492	972.4978
971.0792	972.5118
971.3768	972.8137
971.5917	973.0209
971.8337	973.2837
972.096	973.5547
972.6736	974.1296
972.6933	974.1036
973.0203	974.4282
973.4697	975.0602
973.5553	975.0876
974.1256	975.575
974.5529	976.215
974.6312	976.2582
974.6607	976.3176
974.7049	976.3254
975.0423	976.6726
975.1199	976.7238
975.5992	977.2284
975.6328	977.3925
975.656	977.493
975.8052	977.4881
975.9719	977.7149
976.6766	978.2734
976.9907	978.4825
977.2012	978.5207
977.4174	978.7966
977.7034	979.3584
977.7205	979.2185
978.2023	979.5297
978.3656	979.9218
978.656	980.0783
978.7328	980.5463
978.8387	980.5712
979.0282	980.5766
979.2348	980.7902
979.3037	981.1591
979.3106	981.1477
979.3388	981.4057
979.5172	981.4188
979.5262	981.3173
980.8362	982.2906
981.1163	982.6816
981.4702	982.8947
981.6868	983.1662
982.0116	983.6241
982.0135	983.4733
982.1668	983.6
983.2342	984.6252
983.7884	985.2986
983.8878	985.3019
983.9737	985.3652
984.0671	985.6354
984.2647	985.6264
984.7646	986.2904
984.932	986.4968
984.9845	986.6892
985.1619	986.6297
985.4416	987.1049
985.4699	987.3706
985.6018	987.6404
985.6235	987.6522
985.7927	987.6754
985.8273	987.7812
985.8994	987.8159
986.3853	987.8164
986.7313	988.1036
987.0536	988.6351
987.0692	988.6098
987.4298	988.8903
987.4579	989.0089
987.6263	989.0291
987.7314	989.1818
987.9716	989.507
988.0847	989.5366
988.197	989.6773
988.6805	989.9822
989.1568	990.7131
989.2661	990.7678
989.2957	990.9141
989.4877	990.9376
989.6111	991.2001
989.6564	991.3543
989.799	991.5458
990.2853	991.6644
990.8336	992.3857
991.7308	993.3582
991.7557	993.3011
991.9524	993.6217
991.9702	993.5832
992.2363	993.9682
992.3397	994.0607
992.4528	994.2631
992.7771	994.904
992.8499	995.0335
992.8947	995.0251
993.0159	995.1837
993.0885	995.2445
993.3407	995.371
993.5645	995.6053
993.6684	995.6678
993.9845	995.9666
994.0072	996.0625
994.0246	996.0814
994.1908	996.1972
994.2079	996.3748
994.2887	996.3578
994.7875	996.602
994.8824	996.501
995.0511	996.6112
995.4966	996.8402
995.6067	997.171
995.9819	997.5125
996.1411	997.6458
996.4775	998.0813
996.5398	998.0036
996.6661	998.1849
996.7686	998.2871
996.972	998.6425
997.0021	998.5668
997.454	999.0064
997.6646	999.377
997.7206	999.3755
997.9635	999.6711
997.9671	999.6241
998.0391	999.8429
998.0944	999.7841
998.1762	999.9379
