0.149	1.6949
0.1985	1.816
0.4639	1.9634
0.8	2.4199
0.8531	2.4379
1.1556	2.7237
1.3395	2.8237
1.4624	2.9661
1.5605	3.1228
1.7482	3.315
1.9876	3.5022
2.5133	3.9114
2.6486	4.0672
2.745	4.3097
2.8083	4.4288
3.3133	4.7428
3.6685	5.2254
3.8531	5.3647
4.2258	5.5358
4.386	5.9082
4.5315	5.9425
4.9203	6.3969
4.9815	6.5536
5.8972	7.315
6.0815	7.6367
6.4718	8.2203
6.5091	8.4668
6.5179	8.4395
6.5583	8.5846
6.7004	8.9504
6.841	9.1372
7.0415	9.0137
7.14	9.0592
7.3829	9.3049
7.5513	9.0913
7.8736	9.2827
7.997	9.3725
8.2626	9.8607
8.3179	10.1856
8.323	10.2107
8.5371	10.4422
8.6068	10.8442
8.7251	10.9762
8.7352	11.0044
8.8733	11.1199
9.0426	11.5366
9.2823	11.5229
9.3117	11.672
9.5675	11.5372
9.899	11.7056
10.0835	11.8104
10.1288	11.9697
10.3126	12.1344
10.4312	12.1919
10.4603	12.1261
10.9611	12.3897
11.5089	13.134
11.5284	13.2095
11.9005	13.3752
12.2071	13.6709
12.4932	14.0181
12.5015	14.0923
12.6811	14.3216
12.7132	14.3987
12.7363	14.3808
12.9886	14.5987
13.1595	14.6338
13.2354	14.7849
13.612	15.0394
13.7048	15.2545
14.6387	16.1744
14.6654	16.3888
14.8183	16.3493
15.0513	16.7943
15.0748	16.8486
15.1109	16.7925
15.619	16.9511
16.0819	17.6835
16.2337	17.5864
16.314	17.8582
16.3523	17.9701
16.8777	18.5179
17.0148	18.9897
17.1717	18.943
17.2165	19.0859
17.4644	19.0313
17.9299	19.4163
18.2307	19.5693
18.4557	19.9734
19.0223	20.4731
19.1754	20.837
19.272	20.7748
19.4874	20.9153
19.6553	21.0373
19.9454	21.4541
20.1321	21.5623
20.3902	21.7597
20.6613	22.114
20.6971	22.1979
20.8836	22.3795
20.9324	22.4216
20.9344	22.5427
21.3726	22.8499
21.4169	22.895
21.852	23.3516
22.1011	24.1364
22.1095	24.1678
22.1264	23.9862
22.1303	23.9409
22.8898	24.2993
22.977	24.309
23.2657	24.7563
23.403	24.7119
23.9003	25.7886
23.9346	25.775
24.0037	25.8903
24.4041	26.0439
24.7708	26.3625
24.7965	26.3641
24.8312	26.3795
24.9462	26.5517
25.2711	27.0546
25.2756	27.0716
25.2901	27.1605
25.5743	27.5018
25.5749	27.637
25.8262	28.1771
25.8494	28.1767
25.9385	28.2409
26.1749	28.1903
26.6674	28.7334
26.7787	28.993
26.9302	28.9102
27.2714	29.3087
27.3386	29.387
27.3525	29.3332
27.432	29.2468
27.7254	29.3226
28.4019	29.8174
28.8366	30.3396
29.4864	30.9824
29.7469	31.3035
29.75	31.4061
29.8655	31.4562
30.9464	32.3402
31.0452	32.5
31.1967	32.7878
31.208	32.8465
31.2689	32.8816
31.4459	33.1287
31.5261	33.2707
31.699	33.2726
31.8409	33.22
32.023	33.5863
32.6358	34.0948
32.8661	34.299
33.2311	34.6013
33.3928	34.7671
33.6693	35.122
33.8532	35.6884
33.9069	35.9996
33.9319	35.9998
33.9791	36.2496
34.0516	36.1339
34.11	36.2363
34.2244	36.3191
34.3265	36.3335
34.7913	36.469
35.1011	36.9446
35.2642	37.0468
35.268	36.9317
35.3272	36.9887
36.2541	37.6468
36.4374	38.0331
36.4756	37.9545
36.6981	38.148
37.3364	39.057
37.3514	38.9717
37.8049	39.4181
37.8446	39.6908
37.972	39.7619
38.204	39.8307
38.4106	39.7902
38.7646	40.2977
39.167	40.7314
39.3179	40.7447
39.3963	40.7201
39.6262	41.0892
40.0064	41.5591
41.1712	42.6841
41.1864	42.6245
41.6761	43.3174
42.4104	43.9879
42.6077	44.031
42.8707	45.0453
42.8712	45.188
42.9453	45.4615
42.9543	45.4805
42.9654	45.5254
43.0102	45.6172
43.063	45.7336
43.0785	45.7324
43.1316	45.7752
43.4651	46.0034
43.6339	46.2031
43.7166	46.3954
43.9565	46.5029
44.0047	46.5596
44.1912	46.5836
44.2848	46.5633
44.6224	46.5248
44.771	46.6807
44.8733	46.6978
45.2392	47.0525
45.365	47.3335
45.4021	47.4003
45.5221	47.4561
45.5792	47.6348
46.4286	47.7348
46.8198	48.3622
46.964	48.6788
46.9873	48.7914
47.0475	48.9525
47.1754	48.9053
47.4072	48.994
47.6914	49.2406
47.7255	49.1606
48.8024	50.2732
49.0567	50.4791
49.48	51.1275
49.5827	51.2249
49.8145	51.4944
49.8576	51.6265
50.0059	51.7984
50.0729	51.75
50.3054	52.1657
50.3192	52.0899
50.4287	52.3926
51.0423	52.9713
51.0613	52.9706
51.072	52.9961
51.1124	52.8355
52.3125	53.9286
52.4461	54.1154
52.462	54.2889
52.5875	54.3328
52.6508	54.4496
52.8315	54.57
52.9704	54.6458
53.0558	54.9323
53.1452	55.0964
53.1646	55.2142
53.3766	55.5127
53.4391	55.7076
53.513	55.8013
53.5786	55.7664
53.5835	55.8324
53.7947	56.0125
53.838	56.1302
53.9641	56.0783
54.0789	56.0929
54.1972	56.2317
54.7905	56.4823
54.8054	56.4726
54.8452	56.6036
54.9069	56.6845
55.0733	56.6038
55.2664	56.765
55.6493	57.0944
55.8365	57.306
55.9499	57.4844
56.2147	57.7566
56.6671	58.1447
56.7426	58.311
57.1034	58.6535
57.1438	58.5723
57.292	58.8222
57.4906	58.9089
57.6162	59.192
57.831	59.4805
57.8343	59.3075
58.5909	60.0808
58.7529	60.3535
58.7983	60.3318
59.6877	61.076
59.7359	61.2541
59.9144	61.5195
59.9713	61.4908
60.2304	61.9108
60.3823	61.8951
61.1121	62.576
61.1573	62.6946
62.3403	63.7942
62.3581	63.8785
62.439	64.0356
62.6873	64.2382
63.0774	64.634
63.3781	64.7317
63.4987	65.1197
64.222	65.9136
64.2305	65.928
64.301	65.9633
64.8295	66.4475
64.9199	66.4273
65.7555	67.1639
66.7857	68.2778
67.0795	68.5426
67.2142	68.6459
67.3207	68.7839
67.6277	69.1416
68.6416	70.1742
68.8012	70.456
68.9209	70.5036
68.9231	70.5644
69.5545	71.0843
69.6422	71.1197
69.7617	71.1685
69.8646	71.3949
69.9629	71.4256
70.3592	71.7047
70.6289	72.0379
71.2669	72.7683
71.3662	73.0258
71.4231	72.9543
71.6375	73.1065
72.0815	73.7163
72.1114	73.6033
72.2547	73.7571
72.2954	73.9625
72.4622	74.0622
72.469	74.0857
72.607	74.247
72.8701	74.2954
73.2096	74.6301
73.5126	75.0257
73.6085	75.0824
74.1649	75.6562
74.5538	75.9755
75.2984	76.6242
75.6676	77.2273
75.8221	77.3988
75.9612	77.4392
75.984	77.472
76.4751	78.1343
76.4757	78.0764
77.0813	78.576
77.2136	78.5548
77.3406	78.7672
77.6318	79.2518
77.6625	79.305
77.7025	79.4904
77.8032	79.5152
77.8656	79.6307
78.0098	79.9795
78.0438	80.1062
78.1218	80.2899
78.2056	80.2043
78.2871	80.1679
79.1428	80.697
79.5391	80.86
79.7273	81.1024
80.1452	81.643
80.2997	81.6642
80.6158	82.1804
80.835	82.3333
81.0133	82.5267
81.0297	82.5034
81.342	82.7309
81.4511	82.8705
81.7216	83.0992
81.8036	83.3846
82.015	83.5037
82.339	83.9466
82.5414	84.2117
82.6696	84.236
82.8071	84.272
83.0081	84.5801
83.0321	84.6798
83.1983	84.8734
83.2236	84.7121
83.3352	84.7149
83.7358	85.1521
85.028	86.4318
85.2416	86.6471
85.3586	86.8978
85.4246	87.1151
85.719	87.194
85.7959	87.7296
85.832	87.8752
85.906	88.0073
85.9512	87.8574
86.0866	87.9873
86.6247	88.2017
86.6878	88.6134
86.7109	88.5387
87.1131	88.7857
87.2519	88.8163
87.2812	88.8567
87.5813	89.3352
87.599	89.5105
87.7956	89.6531
87.8471	89.7415
87.849	89.6006
89.1037	90.5321
89.5102	91.1343
89.5149	90.9399
89.689	91.2317
89.7562	91.4054
89.7952	91.419
90.5465	91.9985
91.0173	92.4668
91.4986	92.8592
91.9335	93.4638
92.4125	94.1964
92.4221	94.0238
93.3084	95.2441
93.3475	95.4459
93.3521	95.4057
93.7134	95.6126
93.8324	95.6308
94.2582	95.831
94.4134	95.8703
94.7236	96.2932
94.9638	96.3532
95.1411	96.6036
95.5784	96.8935
95.7821	97.3019
96.3479	97.858
96.4824	98.0635
96.5461	98.1211
97.2713	98.8333
97.6564	99.1262
97.9479	99.4188
98.2409	99.5551
98.7101	100.0668
98.8084	100.3582
98.8481	100.43
99.2191	100.9537
99.2288	101.1384
99.4146	101.5643
99.4233	101.4905
99.455	101.5043
99.5699	101.4879
99.5912	101.5223
99.6688	101.4917
100.099	101.666
100.5579	102.1209
100.8407	102.1855
101.0007	102.3926
101.1775	102.513
101.3425	102.7492
101.8083	103.3608
102.0361	103.6159
102.3294	103.9644
102.3902	104.2611
102.4334	104.2641
102.4487	104.2866
102.4915	104.4996
102.5934	104.4859
102.8066	104.4434
103.0714	104.5119
103.0808	104.6183
103.3887	104.8955
103.5103	104.867
103.7297	105.3063
103.7554	105.2996
104.5123	106.1607
104.5626	106.1042
104.7282	106.3046
105.8032	107.2219
105.8817	107.6122
105.9012	107.6458
105.9153	107.5738
106.2474	108.0029
106.3112	107.983
106.484	108.0793
106.8429	108.2882
106.933	108.3278
107.1081	108.6839
107.1817	108.6907
108.4175	109.7982
108.5064	109.8788
108.6476	110.0484
109.19	110.5763
110.5516	111.9486
110.6094	112.0307
111.1064	112.4297
111.2014	112.6829
111.4189	113.0212
111.4666	112.908
112.0438	113.4491
112.0549	113.4748
112.3584	113.8149
112.4135	113.959
112.9476	114.441
113.0327	114.4718
113.0717	114.7135
113.8	115.4425
113.8048	115.3814
113.9212	115.4848
114.1038	115.5686
114.1319	115.5185
114.5038	116.0166
114.6163	116.2165
114.6277	116.3994
114.7209	116.5664
114.8214	116.8116
115.013	117.1305
115.1485	117.5631
115.224	117.5393
115.452	117.6321
115.6688	117.899
115.7988	117.8266
116.5831	118.0205
116.9625	118.425
117.3431	119.0289
117.3449	119.1114
117.4138	119.1693
117.6105	119.3614
117.6174	119.2353
117.8974	119.8701
118.031	120.0009
118.1288	120.193
118.162	120.2601
118.2109	120.1866
118.4709	120.3502
118.6318	120.5835
118.6462	120.596
118.6493	120.4
119.0403	120.5781
119.6988	121.149
119.8313	121.4795
120.5266	121.9654
120.6512	122.1904
120.8247	122.3988
120.8353	122.6536
120.8474	122.6523
121.0621	122.6798
121.459	122.9843
121.5137	123.0579
121.8755	123.3433
121.9034	123.5538
121.9863	123.4149
122.3586	123.7158
122.5536	123.9701
122.6574	124.0067
123.3845	124.8254
124.1109	125.5357
124.3225	125.8441
124.3418	125.9529
124.3756	125.8917
124.6576	126.1798
124.8761	126.319
124.8799	126.5399
125.3484	126.8684
125.5923	126.9351
125.6584	127.1644
125.9371	127.3251
126.3351	127.7206
126.4642	127.859
126.5819	128.0183
126.9546	128.4261
127.095	128.7562
127.3287	128.7674
127.5954	129.1176
127.6884	129.3466
128.0758	129.6149
128.1952	129.696
128.5523	129.8636
129.1493	130.7804
129.3344	130.8777
129.5061	131.0792
129.8196	131.403
129.9864	131.6016
130.1526	131.6995
130.4058	131.8262
130.4788	131.8636
130.5943	131.932
130.8904	132.2692
130.97	132.5507
131.1413	132.8374
131.16	132.9679
131.2364	132.8408
131.2862	132.9177
131.6126	133.2317
132.7069	134.2422
132.7963	134.114
133.1695	134.6815
133.481	135.0733
134.1727	135.5562
134.7006	136.2007
134.8792	136.395
134.9621	136.7933
135.0227	137.0217
135.0399	137.1194
135.1326	137.1333
135.8482	137.3923
135.8616	137.3718
136.086	137.5754
136.4085	137.8403
136.6376	138.0912
136.8171	138.2366
137.103	138.653
137.4739	138.9478
137.5243	139.1335
137.653	139.3618
137.7767	139.347
137.779	139.4278
137.9356	139.6094
138.0105	139.664
138.6826	140.2713
138.7591	140.1294
139.1458	140.6799
139.2208	140.881
139.2254	140.9183
139.3629	141.1752
139.4239	141.1482
139.4418	141.1483
139.7926	141.2211
140.1969	141.7046
140.2438	142.0033
140.4129	142.5693
140.4792	142.6594
140.4816	142.7409
140.6726	143.2021
140.7404	143.2324
140.7611	143.4275
140.9139	143.8888
140.9366	143.8051
140.9955	143.9895
141.134	144.0749
141.4014	144.554
141.4757	144.7369
141.4898	144.6021
141.6604	144.7671
142.0603	145.1455
142.1697	145.2607
142.2083	145.2733
142.2311	145.2458
142.3735	145.1814
142.6041	145.4622
142.6554	145.4755
142.6863	145.3837
142.704	145.3978
143.0838	145.5421
143.6127	145.5039
144.5402	146.0532
145.2127	146.7232
145.2977	146.7643
145.4297	147.0025
145.586	147.3458
145.5979	147.2719
145.6478	147.4821
146.0437	147.4929
146.2983	147.695
146.4449	147.7584
147.0105	148.4481
147.3337	149.0644
147.3485	149.2714
147.3835	149.3745
147.4218	149.6085
147.4272	149.5788
147.4834	149.7068
147.7459	149.9432
147.8657	150.2348
148.2007	150.5238
148.258	150.607
148.2724	150.5968
148.302	150.591
148.7751	150.6766
148.8077	150.5535
149.6758	151.1269
150.4213	151.8797
150.5829	152.1167
150.724	152.1241
151.1291	152.634
151.157	152.8526
151.2124	152.8019
151.5465	153.1067
151.6015	153.1656
151.7473	153.2877
151.9858	153.7073
152.0441	153.8844
152.1136	153.8687
152.2685	153.9977
152.3281	154.0388
152.3998	154.1389
153.8501	155.2536
153.9301	155.3331
154.2665	155.6784
154.3509	155.7386
154.6024	156.1782
154.7953	156.0988
155.7415	157.1019
157.3203	158.8326
157.3741	159.1604
157.4064	159.0338
157.5087	159.2976
157.9072	159.415
158.7508	160.0642
159.246	160.8256
159.4986	160.8445
160.1796	161.6135
160.2011	161.7508
160.6307	162.1872
160.698	162.3059
161.0277	162.5148
161.4357	162.7695
161.5594	162.9411
161.7361	163.3497
161.8177	163.6707
161.8297	163.7975
161.8491	163.8241
162.1482	164.2185
162.205	164.2553
162.2177	164.247
162.5948	164.388
163.0076	164.5992
163.1101	164.6848
163.1801	164.6735
163.4179	165.1097
163.4915	165.4189
163.5399	165.4773
163.619	165.3579
164.3031	165.6713
164.7016	166.0349
166.1319	167.8306
166.2683	167.8597
166.3899	168.0565
166.5361	168.2131
166.5778	168.3777
167.0935	168.6108
167.1337	168.8113
167.1625	168.7284
167.4415	168.9736
168.201	169.6818
168.2093	169.6814
169.0175	170.3904
169.056	170.6805
169.3161	170.8818
169.7692	171.2378
169.8774	171.5875
169.8969	171.5743
169.9516	171.4585
170.5752	172.0936
171.3174	172.8879
171.3395	173.1096
171.6007	173.1871
171.8271	173.4377
171.8653	173.4461
172.056	173.5574
172.1277	173.6096
173.3816	174.8946
174.1406	175.6622
174.4189	175.9553
175.0272	176.5482
175.2126	176.9757
175.2895	176.9667
175.7707	177.1737
176.2063	177.771
176.2831	177.8561
176.4262	178.1379
176.558	178.2515
176.6402	178.5474
176.6916	178.4529
176.7753	178.6702
176.7959	178.6379
177.0004	178.7479
177.3901	178.76
177.6599	179.1896
177.999	179.6254
178.2208	179.5904
178.291	179.8679
178.3824	179.746
178.6561	180.079
178.7961	180.3116
179.7217	181.291
179.7544	181.3402
179.8386	181.6232
179.8877	181.5372
180.1563	181.9726
180.1697	182.0102
180.3702	182.0796
180.6909	182.4756
180.7488	182.5275
180.9031	182.6856
181.376	182.9091
181.7618	183.2484
182.1469	183.6815
182.3126	183.7953
182.3741	183.7732
182.5728	184.1754
182.633	184.3128
182.6338	184.4171
183.0291	184.5388
183.4547	184.8591
183.5295	185.0732
183.6636	185.0992
184.0627	185.617
184.6446	186.1789
184.6879	186.3097
184.9543	186.7753
184.9594	186.6009
185.2825	186.8893
185.9131	187.2965
186.3096	187.7424
186.4038	187.9102
186.5627	188.0971
186.704	188.1413
186.7766	188.3468
187.2424	188.7981
187.5003	188.9457
188.0711	189.7019
188.0735	189.6847
188.2933	189.641
188.4091	189.9851
188.4264	189.9223
188.8214	190.2261
189.0217	190.45
189.1864	190.7947
189.4479	190.8273
189.5922	191.3624
189.6541	191.6275
189.6625	191.4644
189.7934	191.5778
189.8428	191.7106
189.8708	191.6881
190.5246	191.9785
190.6187	192.269
190.8977	192.2196
191.055	192.5065
191.4745	192.93
191.4908	192.9731
191.5914	193.0064
191.7683	193.6697
191.7937	193.7202
191.7974	193.7046
191.8239	193.8194
192.1872	194.056
192.3298	194.1519
192.4488	194.2571
192.5967	194.344
192.6557	194.3419
192.7809	194.463
193.325	194.825
193.6952	195.1243
193.9379	195.2848
194.0238	195.5266
194.0864	195.6164
194.122	195.7433
194.4078	195.965
194.467	195.8501
194.6541	196.1159
194.8395	196.6105
194.8478	196.8372
194.8725	196.7876
195.2015	196.92
195.2572	196.879
195.5144	196.9014
195.9317	197.5033
196.0271	197.8844
196.0908	198.0696
196.1469	197.895
196.4708	198.0566
196.5256	198.0505
196.8109	198.184
197.0943	198.7167
197.1577	198.7192
197.2638	198.9749
197.2861	199.075
197.4296	199.0107
197.7047	199.0895
197.9685	199.6137
198.2529	199.8005
198.4423	200.0062
198.454	200.0511
198.5997	200.0234
199.1633	200.5172
199.4891	201.2527
199.4893	201.1045
199.6171	201.2031
199.8933	201.4417
200.343	201.8393
200.3485	202.0176
200.5155	202.1648
200.9024	202.4886
200.9042	202.3715
201.3297	202.8927
201.5873	203.1236
201.6726	203.3651
201.7244	203.6244
201.7251	203.5332
201.7699	203.5711
202.1459	203.5824
202.2488	203.909
202.3369	203.9706
202.3947	204.0678
202.5562	204.0936
202.9832	204.4225
203.054	204.6341
203.1946	204.9318
203.2004	205.0939
203.4492	205.2055
203.5208	205.2728
203.651	205.5716
203.9917	205.5402
204.1873	205.6473
204.4089	205.8806
204.5396	206.0689
204.5464	206.196
204.7537	206.128
205.1961	206.5429
205.7043	207.1087
206.0772	207.4469
206.2468	207.7641
206.5393	207.9916
206.9312	208.4074
207.009	208.7016
207.0409	208.559
207.459	209.1005
207.4815	208.9655
207.6292	209.0579
207.908	209.415
208.3114	209.9001
208.3199	209.8614
208.6077	210.2105
208.632	210.228
208.6519	210.3642
208.8888	210.4824
208.9868	210.7789
209.0479	210.7411
209.1532	210.709
209.3956	210.8616
209.4583	210.8967
209.645	211.0901
209.7661	211.0702
209.8735	211.4073
210.5089	211.9958
210.888	212.1961
211.4009	212.7074
211.5248	212.9953
212.1444	213.6848
212.2148	213.6176
212.6505	214.303
212.6544	214.3747
212.7423	214.2989
212.9431	214.4841
213.142	214.5322
213.454	215.0978
213.4774	215.1771
213.79	215.1979
214.3803	215.7875
214.4236	215.9709
214.5445	216.1456
214.743	216.1231
214.9956	216.457
215.3502	216.7752
215.5829	217.1768
215.5865	217.2602
215.8193	217.1864
216.0907	217.5209
216.3528	217.8977
216.3922	218.0965
216.4199	218.2579
216.4373	218.2406
216.5887	218.2525
216.8936	218.6401
216.914	218.8724
216.9582	218.8254
216.9742	218.8947
217.0452	218.9225
217.4256	218.8866
217.5822	219.1353
217.8652	219.5214
217.9207	219.6016
217.9583	219.6704
217.9867	219.7113
218.012	219.6609
218.2384	219.932
218.439	220.1228
218.6031	220.1371
218.6056	220.2663
219.1629	220.6205
219.5224	220.9195
219.6453	221.1228
220.0123	221.4114
220.1917	221.6106
220.2118	221.8586
220.5826	222.1357
220.9803	222.3597
221.0777	222.4815
221.2105	222.6522
221.2758	222.752
221.437	222.9775
221.6337	223.6133
221.6337	223.5018
221.6346	223.5645
221.6346	223.5291
222.2376	223.7418
222.2984	223.9776
222.3265	223.9448
222.5115	224.119
222.5358	224.3427
222.7646	224.3137
223.1664	224.745
223.2794	224.7375
223.6962	225.0725
224.0087	225.5542
224.2062	226.1098
224.2111	226.113
224.3812	226.1627
224.4988	226.0926
224.852	226.4596
225.0561	226.3912
225.5789	227.0331
226.4589	227.9942
226.9256	228.4698
228.1807	229.6716
228.3569	229.7785
228.4084	230.0883
228.4754	230.0635
229.101	230.6721
229.3283	230.7832
230.0316	231.4475
230.4412	231.9399
230.8807	232.441
231.5003	233.0573
231.8691	233.4092
231.9988	233.6719
232.0674	233.9118
232.1858	233.781
232.2229	233.9751
232.4186	233.9072
232.8905	234.4474
233.2047	234.6042
233.3266	234.7818
233.3426	235.0335
233.4817	235.2894
233.7669	235.2584
233.9501	235.4365
234.6535	236.4955
234.6817	236.4707
234.687	236.5241
234.838	236.7495
234.9816	236.8773
235.1144	237.0634
235.4047	237.2145
235.4176	237.2339
235.7909	237.2228
236.1608	237.6009
236.3744	238.0016
236.457	238.1175
237.0268	238.4441
237.4863	238.9943
237.9974	239.4832
238.8103	240.1877
238.8754	240.6199
238.9533	240.6605
239.3865	240.8655
239.7563	241.173
239.966	241.3439
240.3968	241.9163
240.6527	242.0871
240.7595	242.3308
240.7863	242.3879
240.9056	242.4019
241.1178	242.5445
241.5942	242.9832
242.0927	243.6252
242.3684	243.9656
242.3787	244.193
242.4001	244.267
242.4191	244.262
242.839	244.331
242.8964	244.6946
242.9034	244.8041
243.0307	245.0867
243.1673	245.2025
243.2008	245.2687
243.3779	245.5345
243.5002	245.6982
243.7411	245.9304
243.7623	245.7483
243.8083	245.7524
244.0358	245.9768
244.7183	246.234
244.7811	246.3597
244.9712	246.6171
245.0885	246.6425
245.2209	246.8189
245.5021	246.9479
245.5725	247.0352
246.0055	247.5427
246.1761	247.7243
246.2168	247.7657
247.6643	249.1011
248.2138	249.5946
248.6161	250.258
248.6345	250.2511
248.8174	250.4803
249.5223	251.1881
249.8083	251.69
249.8152	251.7683
249.8446	251.6776
250.1256	251.7732
250.5331	251.8657
250.6251	252.2136
250.9326	252.5836
251.9086	253.5096
251.958	253.6206
252.231	253.7531
252.444	253.9079
252.6775	254.4361
252.7206	254.5292
252.9173	254.4926
253.1227	254.6949
253.5556	255.1808
253.5863	255.1456
253.992	255.3838
254.0981	255.6608
255.404	256.7918
255.5389	257.1602
255.5481	257.0862
255.7473	257.065
255.875	257.68
255.9193	257.7024
255.9731	257.9628
255.992	257.7534
256.0214	257.7938
256.2123	258.0661
257.8991	259.3148
257.9696	259.393
258.3431	259.92
258.3766	260.0658
258.4701	260.3112
258.4836	260.3699
258.5667	260.4386
258.5777	260.4648
258.7263	260.556
259.1909	260.7134
259.4642	260.9067
259.7521	261.3229
259.9916	261.547
260.1382	261.4913
260.3872	261.8489
260.5474	261.9481
260.6148	262.058
260.8679	262.6164
261.0286	262.5548
261.1379	262.8263
261.5437	263.0699
262.1446	263.6766
262.2501	263.9683
262.286	264.0295
262.5235	264.3136
262.5568	264.2453
262.6114	264.266
262.948	264.6609
263.1362	264.6989
263.9441	265.4368
264.4244	265.8791
264.559	265.901
264.6426	266.1956
264.838	266.1746
265.3217	266.9658
265.4788	267.0764
265.5344	267.1183
266.4459	268.0329
266.5016	268.1125
266.6508	268.1739
266.9119	268.3103
267.0286	268.4627
267.1808	268.624
267.5152	268.9776
267.8243	269.2974
268.058	269.5629
268.4715	269.9983
268.9581	270.3607
269.1181	270.6122
269.1916	270.7862
269.2892	270.7562
269.5875	271.0054
269.7466	271.0471
269.8559	271.4354
269.8868	271.6463
270.1144	271.6194
270.1644	271.6823
270.3757	272.0077
270.3994	271.9311
270.5987	272.2235
271.7587	273.2431
272.0173	273.4884
272.2807	273.7421
272.632	274.388
272.7139	274.4857
272.9603	274.3952
273.2082	274.6012
273.2966	275.2171
273.3489	275.3585
273.3502	275.3936
273.3513	275.4263
273.3573	275.4647
273.59	275.7529
273.6595	275.9221
273.7383	275.8263
273.971	276.1644
273.9908	275.9642
274.0255	276.0015
274.3187	276.2068
274.8764	276.3531
275.0754	276.725
275.0768	276.8272
275.2797	277.0386
275.3895	277.3502
275.4132	277.2889
275.4959	277.1445
275.6011	277.2572
275.9705	277.4364
276.0564	277.5724
276.103	277.8657
276.1125	277.9074
276.2037	277.7311
276.558	278.0875
276.8682	278.4786
277.0785	278.864
277.1372	278.8499
277.6399	279.021
277.7475	279.1382
277.9511	279.3242
278.4996	279.8211
278.7236	280.1492
278.755	280.3798
279.5406	281.117
279.6832	281.2309
280.0626	281.6147
280.2475	281.5554
280.598	282.2575
280.5984	282.1147
280.685	282.2294
281.0068	282.5225
281.4715	282.9065
281.7483	283.4337
281.86	284.0401
281.9487	283.9386
281.9498	284.0279
282.3459	284.3624
282.3636	284.2268
282.5357	284.3723
282.5666	284.5205
282.7167	284.4191
283.2207	284.9341
283.2327	285.0168
283.4202	285.0312
283.4224	285.0035
283.7234	285.0826
284.0699	285.502
284.3673	285.9529
284.4307	286.0098
284.7033	286.1656
285.132	286.8385
285.2493	287.0413
285.4722	287.2077
285.5029	287.2861
285.596	287.4482
286.1041	287.6709
286.294	287.9916
286.3455	288.1657
286.6386	288.6219
287.3115	288.8168
287.3307	288.7218
287.7253	289.2337
287.7938	289.2073
287.9214	289.3405
287.975	289.6148
288.0678	289.7929
288.0869	289.7786
288.1538	289.9428
288.2667	290.2562
288.3036	290.2532
288.3106	290.0896
288.9599	290.4392
289.0067	290.6966
289.1887	290.6974
289.3012	290.7785
289.3941	291.0325
289.5505	291.0009
289.717	291.3887
289.7624	291.6902
289.9239	291.857
290.085	292.0734
290.1677	291.87
290.5035	292.1577
290.7369	292.2739
290.7515	292.364
291.2893	292.7776
291.4873	293.1275
291.52	293.2521
291.5805	293.1898
291.6157	293.3727
292.328	293.9303
292.913	294.4269
292.947	294.3581
293.0796	294.4193
293.6226	295.0677
293.6978	295.1475
293.894	295.3971
294.0023	295.5183
294.2328	295.8155
294.2966	295.8909
294.4587	296.14
295.0942	296.8215
295.536	297.0225
295.582	297.3112
295.6212	297.3835
295.8779	297.3405
296.144	297.6201
296.1578	297.6488
296.5589	298.0822
296.648	298.2759
296.6881	298.0899
297.1721	298.6507
297.3133	298.7706
297.5247	298.9253
298.1551	299.716
298.5164	300.2049
298.5213	300.2166
298.6368	300.2619
299.028	300.7319
299.0664	300.8079
299.069	300.7355
299.2205	300.8733
299.5506	301.014
299.6803	301.218
300.0373	301.5502
300.306	301.6408
300.4381	301.9996
300.7255	302.1482
300.7429	302.2241
301.0824	302.4493
301.4239	302.9948
301.7153	303.1437
301.7185	303.1953
301.9295	303.4029
302.0096	303.4434
302.6392	304.0665
302.8059	304.3299
302.97	304.4597
303.0709	304.5815
303.2963	304.9831
303.449	305.1358
303.4592	305.1106
304.0877	305.5344
304.3631	305.7148
304.7686	306.3071
305.4395	307.0023
305.7926	307.2573
305.874	307.442
305.9466	307.4301
306.3149	308.0518
306.3927	308.1513
306.5465	308.0329
307.0437	308.6551
307.1349	308.7366
307.1504	308.7443
307.4922	308.9412
307.5397	309.0484
307.7505	309.1839
307.771	309.2771
307.9354	309.5086
308.0071	309.5767
308.0361	309.6337
308.3385	309.784
308.3394	309.99
308.8492	310.2047
310.009	311.5754
310.2652	311.7661
310.9017	312.3835
310.9243	312.5641
311.0288	312.782
311.4972	313.1486
311.538	313.12
311.6584	313.532
311.7438	313.538
311.7807	313.4381
311.8343	313.6045
312.2506	313.7059
312.404	313.7275
312.4974	313.9358
312.5654	314.009
312.735	314.2796
312.8115	314.4722
312.9416	314.545
313.2573	314.812
313.3818	314.9041
313.5987	314.9871
313.7919	315.3648
314.0862	315.5892
314.3603	315.8066
314.9756	316.4374
315.1503	316.4639
315.6014	317.0635
315.9565	317.6511
315.9678	317.7238
315.9888	317.7674
316.6297	317.9828
317.1688	318.7215
317.5344	319.0192
317.9716	319.522
318.0431	319.5966
318.1541	320.0033
318.4077	320.1597
318.4902	320.1137
318.6607	320.4591
318.6911	320.4699
318.7216	320.3717
319.5299	321.1452
319.5539	321.3079
319.569	321.3061
319.6457	321.6152
319.9871	321.7943
320.6632	321.9735
320.854	322.4994
320.8835	322.406
321.267	322.7485
321.6249	323.0914
321.9289	323.338
322.5389	323.9308
322.7122	324.1703
322.7825	324.3732
322.9383	324.4666
323.1972	324.5277
323.3423	324.8123
323.4406	324.8737
323.611	325.0048
323.8545	325.3032
324.2151	325.5797
324.6187	326.0475
324.6365	326.0744
324.8003	326.27
325.873	327.284
326.4439	327.8937
326.5492	327.9558
326.6613	328.1622
326.6941	328.2159
326.7229	328.3928
327.2205	328.6004
327.2948	328.7426
327.662	329.1962
327.9275	329.564
327.9401	329.5422
328.0601	329.8401
328.1095	329.6823
328.2178	329.9427
328.2822	329.9642
328.5334	329.9859
328.8632	330.1781
330.0838	331.4479
330.7536	332.1661
331.0761	332.5893
331.3588	332.8116
331.6108	333.0063
331.8873	333.2635
333.0013	334.7007
333.0157	334.5507
334.2076	335.5769
334.3411	335.7119
334.5302	335.8897
335.1955	336.5959
335.3286	336.7758
335.399	336.8281
335.7581	337.5963
335.7684	337.4494
335.9247	337.5833
336.5643	338.154
336.6332	338.0198
336.7449	338.3248
337.0184	338.3443
337.096	338.5584
337.2102	338.865
337.4325	338.8481
337.5926	338.964
338.2972	340.0138
338.3931	339.9959
338.423	340.1421
338.5273	340.1697
338.7211	340.3196
339.0203	340.4894
339.1856	340.5944
339.4658	340.9919
339.6567	341.0932
339.7535	341.1947
340.1276	341.6659
340.1856	341.7753
340.3628	341.9429
340.6977	342.1948
341.2985	342.8517
341.4011	342.8812
341.7043	343.3336
341.7312	343.249
341.9369	343.5015
342.3306	343.8512
342.4571	343.7831
342.9724	344.6024
343.0081	344.8564
343.1326	344.7695
343.379	345.0693
343.9331	345.2903
344.0579	345.47
344.1608	345.6925
344.2815	345.5992
345.479	346.9558
345.9048	347.5289
345.9339	347.5191
346.0244	347.7888
346.1304	347.5761
346.4504	348.0388
346.7073	348.2913
347.2371	348.9014
347.2812	348.9893
347.3233	348.8446
347.5452	349.0146
347.8334	349.3628
347.898	349.4716
347.9355	349.5347
348.5761	350.2278
348.8384	350.3275
349.0376	350.624
349.1162	350.7739
349.1454	350.8654
349.5902	351.0336
350.1085	351.6606
350.259	351.5799
350.4517	351.8846
350.5188	352.1427
350.7325	352.127
350.8477	352.3317
351.0354	352.5623
351.3847	352.7753
351.6861	353.2701
351.7742	353.3363
352.3009	353.7419
352.5668	354.0396
352.8601	354.3941
352.9279	354.5108
353.1503	354.6671
353.3763	354.7444
353.5479	354.9173
354.4458	356.0022
354.4515	355.989
354.7825	356.1937
355.6229	357.0474
356.2428	357.619
356.5854	358.0249
356.826	358.3481
356.9863	358.5737
357.0613	358.6289
358.1446	359.6376
358.1851	359.9149
358.28	360.1064
358.355	360.1414
358.4097	360.0242
358.9683	360.4816
359.7927	361.41
359.8055	361.3011
360.2895	361.7084
360.4204	361.7503
360.498	362.0892
360.6268	362.1938
360.7239	362.3817
360.7266	362.351
361.3471	362.98
361.4182	362.9441
361.6575	363.0418
361.7623	363.2928
361.8538	363.3092
361.9843	363.5395
362.0081	363.7591
362.0823	363.777
362.1084	364.0149
362.4987	363.9424
362.8946	364.4664
363.295	364.8106
363.343	364.9309
363.981	365.6496
364.1824	365.6805
364.3337	365.6819
364.4589	365.8329
364.7392	366.125
364.9224	366.3385
365.3525	366.9169
365.8573	367.2917
366.1524	367.8853
366.1583	367.9553
366.169	368.0712
366.4096	368.4443
366.706	368.8318
366.751	369.139
366.8542	369.2311
366.8776	369.2077
367.2517	369.8
367.3272	369.7694
367.4066	369.8298
367.642	370.0646
367.6559	370.0313
367.7843	370.0852
367.8503	370.2575
367.8933	370.2086
367.91	370.0674
368.2527	370.1297
369.091	370.4451
369.3623	370.8774
369.6387	370.9911
369.8528	371.2723
370.3557	371.7835
370.4453	372.1065
370.4816	372.0428
370.5076	372.2439
370.8426	372.3881
371.0109	372.4379
371.6555	373.0485
371.8335	373.2208
372.2346	373.9116
372.3186	374.0886
372.3289	373.9437
372.5778	374.0399
372.7151	374.3098
372.9258	374.5041
373.4216	374.809
373.5612	375.181
373.691	375.2212
374.18	375.6406
374.3635	375.8688
374.812	376.3351
375.2089	376.5393
375.4264	376.8459
375.5476	376.872
375.8541	377.56
375.871	377.7279
375.8792	377.7561
375.9141	377.6603
376.0834	377.8203
376.9514	378.4006
377.1051	378.6704
377.2358	378.8189
377.2493	378.7956
377.419	378.8242
377.5986	378.9839
377.7841	379.1923
378.2534	379.7223
378.6156	380.251
378.6529	380.1656
378.9099	380.3122
379.2521	381.143
379.2642	381.2232
379.2891	381.2311
379.3167	381.2037
379.3561	381.2938
379.7135	381.532
379.7355	381.7129
379.816	381.5797
379.9631	381.5937
380.1123	381.854
380.5058	381.9417
380.5668	382.2163
381.1563	382.7049
381.8955	383.613
381.9128	383.5962
381.9912	383.7115
382.5528	384.4529
382.5712	384.4566
382.5976	384.4552
382.6729	384.5034
382.7808	384.6925
382.8511	384.7519
383.1399	385.0728
383.4504	385.5456
383.4552	385.6012
383.4785	385.6133
383.5049	385.7931
383.6541	386.1328
383.6833	386.2078
383.7444	386.3298
383.8252	386.3382
383.8439	386.3248
383.9576	386.5196
384.4488	386.641
384.6082	386.8227
384.6278	386.78
384.6457	386.9174
384.8606	386.9334
385.2483	387.0525
385.4829	387.0376
386.1023	387.5284
386.3325	387.8456
386.3484	387.9598
386.676	388.3175
386.7227	388.3566
387.0457	388.6417
387.1147	388.6103
387.2593	388.8674
387.3951	388.9844
387.6046	389.3291
387.8226	389.3271
388.0928	389.7345
388.1266	389.9891
388.1799	390.0255
388.1808	390.102
388.5217	390.5081
388.65	390.5459
388.8027	390.668
388.8117	390.6527
389.2062	390.9479
389.2529	390.9177
389.5306	391.4689
389.7195	391.6251
389.81	391.8033
389.8501	391.8919
389.938	391.981
390.2689	391.9573
390.6393	392.0987
391.5718	393.2186
391.6252	393.2755
392.353	394.0101
392.6657	394.2482
392.6951	394.3302
392.7153	394.234
392.9407	394.7448
393.0706	394.6325
393.4109	394.9031
393.4367	394.8575
393.6055	395.1746
393.6516	395.3241
393.7662	395.5961
393.8563	395.6308
393.9029	395.8237
394.9107	396.3283
395.1372	396.6321
395.1644	396.8425
395.2142	396.8792
395.3964	397.0495
395.9734	397.5368
396.0745	397.7116
396.6735	398.2027
397.2115	398.7929
398.0515	399.4604
398.5036	400.1335
398.8778	400.3797
399.5711	401.013
399.8145	401.4855
399.8294	401.4463
400.7056	402.1408
400.9599	402.3501
401.0792	402.5948
401.294	402.6831
401.4412	402.978
401.6507	403.0016
402.2038	403.584
402.3844	403.8046
402.5024	404.213
402.5821	404.2438
402.6283	404.2039
402.815	404.4833
403.073	404.558
403.1139	404.7285
403.826	405.4539
403.8272	405.367
404.0079	405.6633
404.4317	405.8621
404.9003	406.2513
405.1381	406.7201
405.3504	406.7698
405.5927	407.2842
405.6285	407.2738
406.0753	408.03
406.1095	408.1036
406.3436	408.1406
406.8075	408.3026
407.0019	408.4956
407.2545	408.6315
407.4879	408.9464
407.5278	408.9106
407.6953	409.3391
407.7274	409.2381
407.7623	409.3912
407.9878	409.5636
408.1174	409.8383
408.1376	409.9244
408.3342	410.1819
408.3747	410.0804
408.5247	410.2559
408.5461	410.1759
409.2764	410.631
409.6831	411.1032
409.9547	411.7486
409.9561	411.8442
409.9913	411.8835
410.0134	411.7219
410.7956	412.3229
410.8953	412.4612
411.2887	412.8142
411.4287	412.8143
411.6176	412.9246
412.1452	413.4603
412.2342	413.5859
412.3451	413.8697
412.6026	414.1245
412.7351	414.2355
412.7713	414.1577
412.9542	414.4803
413.5355	415.05
413.5748	415.1014
413.693	415.3531
413.7374	415.3521
413.9765	415.5063
413.9903	415.5667
414.2397	416.19
414.2421	416.0393
414.2441	416.0484
414.2715	416.2229
414.5021	416.5142
414.7017	416.6163
414.719	416.5242
414.8585	416.8295
415.0361	416.8545
415.137	416.887
415.5359	416.8418
415.6919	417.0939
415.9328	417.4872
416.4968	417.9924
416.5609	417.9049
417.4556	418.7943
418.8778	420.3663
418.9309	420.5673
419.2032	420.7811
419.4527	420.8157
419.5902	421.4732
419.6692	421.6219
419.7283	421.8325
419.7523	421.7652
419.9042	422.0426
420.042	422.1015
420.1914	422.2124
420.3784	422.1536
420.5933	422.4091
420.7157	422.4113
420.9614	422.6206
421.0053	422.655
421.1865	422.9062
421.8115	423.4149
422.0907	423.6537
422.1132	423.5826
422.3245	424.1022
422.3382	424.0629
422.4648	424.5015
422.6754	424.5585
422.8788	424.6017
423.3716	424.9328
423.5076	425.1438
423.5424	425.2409
423.584	425.0679
423.8357	425.2556
423.8742	425.4561
424.0439	425.5507
424.1205	425.7035
424.5823	425.9829
424.6291	426.2781
425.272	426.8305
425.3058	426.7759
425.622	427.0831
426.1807	427.7458
426.219	427.9674
426.3495	427.8801
426.3776	428.1099
426.6282	428.4604
426.6687	428.3626
427.8924	429.321
428.0789	429.6808
428.1853	429.7227
428.8951	430.6936
428.9892	430.9682
429.0069	430.9294
429.0258	431.0115
429.209	431.154
429.2614	431.3126
429.5895	431.5425
429.7735	431.6312
429.7921	431.6047
429.8491	431.703
429.9508	431.7639
429.9784	431.6669
430.4483	432.1674
430.4597	432.3159
430.4674	432.2394
430.6034	432.4937
430.7368	432.4423
430.7463	432.5755
431.0619	432.9772
431.1401	432.9151
431.149	433.0723
431.1973	432.9548
431.7222	433.2965
431.7401	433.2167
431.9739	433.4489
432.421	433.7596
432.6968	434.3134
432.7686	434.3907
432.7856	434.5646
432.8536	434.4981
433.1919	434.8585
433.2299	434.8148
434.0269	435.5702
434.1398	435.7191
434.4052	435.8275
434.6012	436.0644
435.0028	436.8911
435.0289	437.0977
435.075	437.2149
435.1034	437.1977
435.2215	437.3885
435.3083	437.4341
435.5096	437.4871
435.5696	437.4783
435.8315	437.6662
436.4135	437.8359
436.6699	438.2046
436.7833	438.1331
437.0879	438.5387
437.1856	438.6947
437.3529	438.8534
437.5008	438.9645
437.8668	439.2528
437.943	439.3294
438.0918	439.7165
438.1499	439.6365
438.4858	440.0837
438.4879	440.044
438.8255	440.3975
438.8833	440.5104
439.0606	440.6922
439.7016	441.1566
440.5442	442.1408
440.661	442.3444
440.8076	442.3475
441.2801	442.9843
441.3601	442.9795
441.5202	442.9783
441.8215	443.1312
442.3588	443.7882
442.5026	443.9423
442.5496	444.2387
442.9855	444.4907
443.2205	444.6692
443.7068	445.1326
443.8273	445.6588
443.8599	445.5903
443.9005	445.6503
444.1167	445.6252
444.8514	446.4552
444.8915	446.6758
445.0475	446.7184
445.3363	447.1832
445.3795	447.1076
445.4338	447.1664
445.5975	447.2337
445.8099	447.2978
446.1653	447.554
446.4421	448.0219
446.6274	447.9348
446.8878	448.3834
447.2358	448.7492
447.2589	448.8044
447.4214	448.9423
447.5726	449.1207
447.665	449.0515
447.89	449.4972
448.1928	449.5105
448.6085	450.0921
449.0565	450.5209
449.2371	450.9881
449.3302	451.0015
449.4091	451.0233
450.5088	451.8619
450.5647	452.2421
450.6663	452.3226
450.705	452.4198
450.9695	452.5604
451.0412	452.7522
451.4376	452.8981
451.5483	453.2197
451.6295	453.1659
451.8076	453.3101
451.9445	453.4954
452.0471	453.8736
452.0888	453.7838
452.1562	454.0214
452.1753	454.0654
452.4617	454.2916
452.6207	454.4157
452.6208	454.4708
452.9507	454.4755
453.599	455.0223
453.6673	455.2207
453.8139	455.3247
454.2792	455.75
454.3966	456.0602
454.4015	455.9777
454.9077	456.4884
454.9359	456.7083
456.4332	457.9109
456.7357	458.3606
457.3337	458.9048
457.4758	458.9631
457.5997	459.3222
457.6262	459.2169
457.7124	459.6053
457.9185	459.6793
458.1604	459.725
458.5289	459.9792
458.839	460.3641
458.86	460.3866
459.0458	460.7741
459.107	460.8775
459.1196	460.6795
459.5983	461.1311
459.9993	461.558
460.4946	462.0356
460.7647	462.3827
460.8102	462.3966
461.8464	463.3507
462.007	463.512
462.2331	463.7917
462.4506	463.9201
462.4798	463.9215
463.1993	464.7465
463.2175	464.9291
463.2197	464.9126
463.4562	465.0591
463.6802	465.1014
464.1174	465.672
464.1705	465.7856
464.4427	465.9763
464.4483	466.007
464.9346	466.4565
464.9517	466.6474
465.01	466.7855
465.1223	467.11
465.1278	467.1599
465.2399	467.0701
465.3954	467.1921
465.5859	467.2008
465.8905	467.4302
466.5994	468.0027
466.6881	468.0966
466.8072	468.192
467.3764	468.9215
467.3971	469.1879
467.4455	469.1345
467.9769	469.3886
468.3137	469.9492
468.3308	469.9103
468.3419	469.9443
468.3994	470.174
468.692	470.241
468.7545	470.384
468.9133	470.5963
468.9473	470.7558
468.9614	470.6346
469.0354	470.7744
469.4317	471.0432
469.4664	471.048
469.5675	471.0102
469.7546	471.0739
469.8865	471.2639
470.3119	471.7087
470.7959	472.2849
470.9314	472.4774
471.0597	472.4674
471.7397	473.2977
472.177	473.5922
472.2792	473.8852
472.3543	474.0608
472.4042	474.1168
472.4987	473.962
473.1224	474.6639
473.2611	474.6702
473.6854	475.3712
473.7215	475.4004
473.8274	475.37
474.0499	475.9165
474.0943	476.2047
474.1651	476.1675
474.1659	476.3493
474.3781	476.625
474.4402	476.4418
474.7479	476.5946
474.9033	476.8525
475.1157	476.7741
475.2667	476.7573
475.5538	476.953
475.7408	477.312
475.7474	477.2713
476.323	477.7032
476.7111	478.4558
476.7493	478.4892
476.7762	478.5589
477.2535	478.6608
477.3066	478.8943
477.5304	478.9063
477.791	479.633
477.8024	479.4788
478.5303	480.0681
478.6037	480.1893
478.7471	480.3456
479.8585	481.2383
480.2572	481.7451
480.5959	482.2028
480.8373	482.8124
480.8466	482.8819
480.8499	482.8575
481.2064	483.2379
481.2084	483.1942
481.2419	483.1888
481.2598	483.1711
481.3025	483.1198
481.6104	483.2678
481.7925	483.4581
481.9636	483.5326
482.0357	483.6876
482.0992	483.7176
482.2176	483.6675
482.6116	483.9202
483.7033	485.3392
484.0255	485.4736
484.1679	485.707
484.3386	485.8483
484.3975	485.9666
484.589	486.176
485.7867	487.2319
485.8416	487.2472
486.2119	487.7281
486.3792	487.8132
486.8433	488.3497
487.4187	488.7264
487.8833	489.2776
488.0827	489.5579
488.2883	489.6947
488.5033	490.0651
489.5426	490.9804
489.6243	491.0764
490.0073	491.4716
490.2665	492.0284
490.3127	492.1381
490.3263	492.2935
490.3943	492.1897
490.5457	492.3579
490.5736	492.3692
491.0779	492.7181
491.1453	492.7351
491.468	492.7782
491.7428	493.3433
491.7701	493.2873
491.976	493.3951
492.0131	493.4477
492.2949	493.6285
492.4076	493.7977
492.6209	494.1799
492.6917	494.5478
492.7942	494.9346
492.8214	494.9809
492.8539	495.1042
492.8877	495.2596
492.9733	495.5123
492.9739	495.4848
493.0529	495.5771
493.0979	495.6276
493.2772	496.0535
493.3324	496.0454
493.403	496.1319
493.5701	496.1727
493.6517	496.3103
493.7415	496.4855
493.8143	496.5479
493.8538	496.4198
494.0419	496.5892
494.2308	496.841
494.4092	496.8518
494.4702	496.9332
494.5001	496.7244
494.5275	496.9588
494.7548	496.9496
495.5271	497.1666
495.6031	497.0109
496.3585	497.8075
496.6819	498.3468
496.7048	498.3391
497.088	498.6642
497.1311	498.7407
497.3093	498.9719
497.3274	498.8912
497.8553	499.5784
497.9414	499.5526
498.0028	499.667
498.3854	499.7659
498.6033	500.0986
499.346	500.7642
499.4335	500.9709
499.929	501.522
499.9649	501.791
500.0125	501.8012
500.0726	502.0207
500.2612	501.9841
500.3782	502.0553
500.4086	502.0561
501.5105	503.0949
501.5356	503.0281
502.4938	504.2268
502.5217	504.1073
502.6873	504.4386
502.8313	504.5193
502.9314	504.4725
503.4303	505.2079
503.4394	505.1903
503.4563	505.2046
503.6079	505.4474
503.9124	505.5094
503.9438	505.4799
504.1309	505.6801
504.2385	505.6107
504.3698	505.9137
504.6417	506.1945
504.9641	506.4801
505.111	506.9059
505.122	506.8934
505.1699	507.0745
505.2036	506.9582
505.443	506.9777
506.0591	507.6305
506.6148	508.2459
506.6462	508.1149
506.9876	508.4318
507.3062	508.8777
507.3541	508.9922
507.4834	509.1808
507.6119	509.2921
507.7271	509.4755
507.969	509.5232
508.0835	509.6941
509.1509	510.6238
509.3818	510.8574
509.6028	511.1639
509.952	511.5111
510.1769	511.5736
510.5198	511.8996
510.5905	512.0699
510.9503	512.6374
510.9682	512.5208
511.2851	512.67
511.5338	513.3172
511.5841	513.2776
511.6434	513.4244
511.9154	513.6841
512.045	513.7013
512.1456	513.7113
512.5235	514.0399
512.922	514.3779
513.149	514.7106
513.3856	514.7457
513.86	515.1775
514.1039	515.4831
514.3578	515.9706
514.394	515.7721
514.5855	516.0441
515.0989	516.6485
515.231	516.8549
515.2771	517.1166
515.2918	516.9559
515.3315	517.1086
516.0264	517.4363
516.6059	517.9945
517.0937	518.4828
518.0406	519.4758
518.3008	519.9788
518.356	520.0468
518.4286	520.0079
518.7599	520.2796
519.6354	521.2177
519.6915	521.2862
519.8043	521.4728
519.8525	521.5774
519.9417	521.6732
520.334	521.8972
520.5282	522.1653
521.2267	522.5936
521.5309	522.9379
521.6226	523.0691
521.9309	523.5602
522.0473	523.4877
522.1393	523.6881
522.1866	523.7815
522.2334	523.7304
522.8769	524.3458
523.2251	524.7825
523.274	525.0362
523.3219	525.0655
523.3766	525.1845
523.489	525.4471
523.519	525.5326
523.6342	525.7401
523.6486	525.6725
523.9011	525.8906
523.9316	525.8902
523.9439	525.9226
524.589	526.0983
524.6066	526.0572
524.8139	526.272
524.9885	526.4344
525.3039	526.7084
525.3726	526.7466
525.5518	527.0323
525.8231	527.3883
525.9317	527.4477
526.6358	527.9378
526.7716	528.2118
527.1346	528.7083
527.3256	528.8219
527.4841	529.0743
527.5013	529.1959
527.5578	529.2908
527.8736	530.0847
527.9016	530.0914
527.9648	530.1136
527.9823	530.2269
528.0018	530.2984
528.3026	530.6424
528.4497	530.7375
528.6761	531.0772
528.9072	531.2754
529.0647	531.3071
529.2235	531.5144
529.632	531.7026
529.6812	531.9488
529.8215	532.054
529.8999	532.0184
530.1617	532.3826
530.1755	532.2808
530.3415	532.7489
530.3542	532.7171
530.355	532.6268
530.3648	532.7242
530.5819	532.8613
530.9627	533.2056
531.0974	533.2663
531.1691	533.5198
531.2027	533.2927
531.2131	533.4118
531.5859	533.5501
531.7265	533.7477
531.922	533.8253
531.9867	533.8685
532.2773	533.7602
533.2082	534.7739
533.3993	534.8934
533.477	535.0765
534.3375	535.8524
534.6448	536.1786
535.072	536.634
535.2989	536.6977
535.4594	536.9953
535.8212	537.4833
535.8331	537.4151
536.1906	537.8844
536.2179	537.8239
536.3524	538.0823
536.4718	538.1674
536.9317	538.4821
537.2665	538.6257
538.2722	539.9224
538.2789	539.8877
538.9447	540.3978
538.9789	540.5375
539.705	541.0731
539.8284	541.2771
539.984	541.405
540.3373	542.1934
540.3585	542.4247
540.3593	542.4973
540.3937	542.6175
540.4066	542.6
540.4331	542.5362
541.3491	542.9286
541.5447	542.908
541.6105	543.1976
541.7797	543.2157
542.1411	543.6738
542.3552	543.7785
542.9277	544.3485
543.1052	544.9081
543.112	544.8408
543.1404	545.1249
543.1653	545.1113
543.2071	545.1731
543.2741	545.3197
544.1112	545.5979
544.446	546.2121
544.4643	546.2518
544.4824	546.4012
544.6895	546.3804
544.8286	546.4331
545.0654	546.6683
545.1184	546.6386
545.293	546.9987
545.3009	546.9224
545.4406	547.2388
545.4417	547.1975
545.5152	547.4435
545.9846	547.6008
546.0465	547.674
546.1484	547.812
546.2759	547.9525
546.4	547.9585
546.4929	548.0802
546.7193	548.1663
547.3065	548.8092
547.3077	548.8102
547.5204	549.0666
548.061	549.496
548.4462	549.7537
548.5525	550.1012
549.1936	550.8167
549.3002	550.8005
549.567	551.02
549.7102	551.0727
549.9935	551.4322
550.1432	551.8097
550.1751	551.8103
550.8188	552.2888
550.9424	552.2995
551.087	552.617
551.2846	552.7608
551.354	552.9812
551.4421	553.151
551.5288	553.1042
551.6659	553.0829
552.4962	554.1763
552.575	554.5546
552.5958	554.4922
552.8196	554.6474
553.0009	554.8809
553.0087	555.0617
553.0961	555.0723
553.1721	555.0917
553.3754	555.1168
553.4938	555.2623
553.6345	555.5846
553.6708	555.5379
553.9268	555.7122
554.0198	555.9684
554.0547	555.848
554.1827	555.9235
554.4272	556.0113
555.2165	556.5555
555.3448	556.724
555.3687	556.9116
555.872	557.3954
555.9625	557.4652
556.0715	557.4627
556.4251	558.0595
556.4429	558.0706
557.0058	558.4906
557.7809	559.1965
557.8574	559.5596
557.9376	559.74
558.0039	559.8218
558.5155	560.4509
558.5162	560.2796
558.5436	560.2805
558.721	560.6055
558.7339	560.6717
559.0725	560.8049
559.0914	560.7559
559.305	560.8937
559.3275	560.9224
559.4315	561.1261
559.6548	561.034
559.895	561.9342
559.9056	561.86
560.0253	562.208
560.0303	562.2814
560.0556	562.3202
560.1064	562.3701
560.5256	562.3799
561.0623	562.647
562.7184	564.0632
563.0776	564.6718
563.4883	565.0456
563.5142	565.1526
564.2695	565.6812
564.7981	566.2076
565.0847	566.6136
565.0966	566.6655
565.56	567.1183
565.6593	567.0504
565.7429	567.3494
565.8203	567.2921
565.8687	567.4845
566.191	567.778
566.2018	568.0132
566.3242	567.9038
566.7041	568.0676
567.897	569.3174
568.5526	570.0375
569.3433	570.7331
569.8339	571.3206
569.8643	571.5205
570.4906	571.8853
570.6331	571.9928
571.4549	572.784
571.9043	573.4472
572.1891	573.8321
572.549	574.1132
572.7709	574.0956
572.8524	574.2524
572.9783	574.4183
573.5779	575.078
573.9298	575.4475
574.1203	575.6634
574.4046	575.8525
574.9244	576.4044
575.2158	576.6698
575.5249	576.866
575.7354	577.305
576.7455	578.3356
576.8653	578.1974
577.116	578.5649
577.3356	578.8202
577.3791	578.8592
577.5128	578.9551
578.0093	579.4557
578.1529	579.6624
578.5918	580.1478
578.8638	580.242
579.3419	580.8218
579.3856	581.1227
579.3971	581.1375
579.5698	581.2854
579.9473	581.3591
580.1198	581.6102
580.7585	582.3926
581.009	582.4461
581.5038	583.011
581.9042	583.3083
581.9754	583.748
582.0109	583.8566
582.4282	583.8339
582.7742	584.3359
582.7817	584.364
583.1781	584.6567
583.4776	584.9133
583.6492	585.1871
583.7318	585.0893
584.1725	585.6138
584.4325	585.7611
584.5532	586.0359
584.7329	586.5094
584.8103	586.3174
586.7772	588.1499
586.9792	588.539
587.4533	589.0375
587.5172	589.0232
587.6342	589.1454
587.8472	589.2256
588.2204	589.5448
589.5032	591.0477
589.6846	591.1384
589.9666	591.2731
590.2416	591.6961
590.6905	592.18
591.0604	592.4558
591.6976	593.2005
591.802	593.3454
591.8804	593.4756
591.9993	593.4863
592.0359	593.6027
592.3802	593.8726
593.3261	594.7799
593.5298	594.9438
593.6085	594.9304
594.8324	596.1516
595.1897	596.6265
595.5452	596.9664
596.1644	597.7408
596.1842	597.7494
596.6276	598.21
596.7429	598.3593
596.9694	598.4204
597.1337	598.6379
597.4294	598.864
597.7159	599.2318
597.7173	599.2791
597.9066	599.564
597.93	599.4938
597.9887	599.5299
598.2365	599.7174
598.4097	599.9829
598.5381	600.0622
598.7473	600.2818
599.0132	600.4795
599.0769	600.6915
599.2553	600.7017
599.3008	600.9694
599.5777	601.1435
600.078	601.5655
600.5872	602.5125
600.621	602.4699
600.6277	602.4581
600.6585	602.5203
600.7202	602.4339
600.931	602.4499
601.2086	602.7376
601.2408	602.8624
601.4161	602.8673
601.5402	603.153
602.3917	603.765
602.4426	603.9074
602.5599	604.2249
602.6036	604.1536
602.6432	604.2163
603.2739	604.9229
603.332	605.0572
603.3373	604.9941
603.7015	605.0739
603.8186	605.4047
603.8792	605.5125
604.5749	606.2626
604.576	606.3343
604.5978	606.3924
604.6421	606.3904
605.2042	606.7826
605.3049	607.2197
605.3639	607.3099
605.5444	607.4368
605.5701	607.5009
605.7925	607.74
605.929	607.6453
606.2645	608.2382
606.3161	608.3097
606.3476	608.2432
606.457	608.3635
606.4634	608.3901
607.8984	609.6193
607.9598	609.5829
608.6004	610.0807
608.8548	610.2035
609.1135	610.5692
609.3232	610.7837
609.4077	611.113
609.4331	611.0594
609.4979	611.356
609.5436	611.2358
609.9231	611.9793
609.9855	611.959
610.0242	612.2196
610.1124	612.1038
610.1169	612.3018
610.3688	612.2918
611.0377	612.5831
611.2233	612.7192
611.5433	613.0911
611.6423	613.0526
611.8099	613.3878
611.881	613.5033
612.3679	614.2207
612.6306	614.6003
612.6557	614.6242
612.831	614.7133
612.9389	614.9322
612.9448	614.9812
613.2417	615.0127
613.294	614.9555
613.8128	615.4406
614.1546	615.6131
614.3286	615.7608
614.6485	616.0271
614.7005	616.0572
615.0331	616.5746
615.526	617.154
615.5711	617.3567
615.6299	617.3423
616.0381	617.7433
616.0516	617.8274
616.4183	617.8069
616.6536	618.2131
617.6891	619.1856
617.7613	619.2337
617.8676	619.5468
617.9202	619.5456
617.9809	619.8152
618.0998	619.8017
618.302	619.8027
619.3336	620.8899
619.5664	620.9731
619.8631	621.265
619.9163	621.4306
619.941	621.4476
620.251	621.788
620.3112	621.9214
620.3139	621.9263
620.6376	622.0765
620.7245	622.3246
621.0518	622.5545
621.1665	622.7666
621.2659	622.6799
621.3643	623.1157
621.3757	623.1196
621.535	623.2833
621.5403	623.486
621.624	623.3739
621.7114	623.6495
622.0049	623.7171
622.7273	624.2854
622.7406	624.5518
622.8511	624.7173
623.0058	624.6398
623.2244	624.7345
623.8321	625.1963
623.8943	625.3952
624.0359	625.6772
624.0875	625.5354
624.5356	626.0291
624.8179	626.3841
624.9914	626.559
625.0	626.5074
625.3186	626.8251
625.3224	626.7644
625.5617	626.897
625.9553	627.5729
625.9956	627.5038
626.1851	627.6344
626.2036	627.8132
626.2975	627.7813
626.5612	628.0839
626.5616	628.0757
627.3128	628.8723
627.6377	629.1771
628.0472	629.6073
628.12	629.6585
628.4479	630.0648
628.5977	630.0012
628.7413	630.1564
629.294	630.7467
629.4981	631.1494
629.5087	631.0625
629.6194	631.2176
629.6236	631.2918
630.049	631.5284
630.109	631.7357
630.1989	631.7887
630.4155	632.0244
630.5434	632.059
630.8599	632.4929
631.0178	632.4299
631.6336	632.9437
631.9075	633.4916
631.919	633.5927
632.4704	633.8394
633.0037	634.4786
633.4425	634.9571
633.8191	635.4152
633.8581	635.5031
634.1574	635.7209
634.4089	635.768
634.6343	636.2444
634.671	636.2642
635.0683	636.4075
635.2009	636.5657
635.6064	636.9814
636.0508	637.4941
636.4529	637.9254
636.8948	638.5316
636.9674	638.4794
637.934	639.7672
637.9501	639.7652
638.2483	639.8649
638.4287	640.1705
638.611	640.4333
638.6465	640.3281
638.8735	640.5316
639.1712	640.5682
639.3271	640.8622
639.3342	640.8166
639.6062	641.1257
639.6171	641.1539
639.9273	641.2606
640.0	641.5261
640.138	641.5161
640.1897	641.6249
640.3574	642.1058
640.5271	642.3223
640.6407	642.3998
640.8039	642.3047
641.4857	642.9604
641.5363	642.8862
641.9802	643.4293
642.3757	644.1291
642.447	644.0886
642.7691	644.3272
642.9583	644.6721
642.9769	644.7243
643.0511	644.6837
643.3809	645.3305
643.4484	645.331
643.5279	645.4409
643.542	645.3357
643.6441	645.4833
644.148	645.6718
644.6143	646.1428
644.7404	646.1998
644.9006	646.4444
644.9731	646.5908
644.9922	646.5486
645.4788	646.9594
645.6441	647.1914
645.7513	647.305
645.8599	647.4513
646.407	648.0314
646.5372	648.3578
646.5832	648.2029
646.7318	648.5027
646.8104	648.3903
647.4125	648.8585
647.4564	649.0391
648.2033	649.6067
648.3386	649.7916
648.5517	649.9882
648.6524	650.1847
648.7026	650.1766
648.7834	650.2618
649.3027	650.7087
649.3667	650.9166
650.178	651.7352
650.2645	651.796
650.45	652.1277
650.5438	652.1954
650.7276	652.1302
650.8791	652.3635
651.0428	652.4169
651.3315	652.7026
651.5675	653.0355
651.7329	653.3908
651.8019	653.3498
651.9684	653.4584
652.1328	653.6661
652.2411	653.6483
652.3555	653.7983
653.4759	655.3107
653.5846	655.1164
654.0294	655.4637
654.1575	655.5596
654.5994	656.1844
654.6104	656.0661
654.8654	656.3143
654.9943	656.5077
654.9996	656.4541
655.8435	657.3832
655.8748	657.2881
656.057	657.6026
656.1698	657.9109
656.2511	657.8434
656.2696	657.9048
656.6215	658.2583
656.6794	658.3256
656.8158	658.3029
657.2935	658.9216
657.3321	658.7909
657.4713	659.0283
657.6447	658.9881
657.9236	659.3013
658.1883	659.7124
658.2643	659.7199
658.5621	660.1089
659.2717	660.6599
659.4642	661.0021
659.5078	661.228
659.5283	661.3014
659.8013	661.4061
659.9982	661.3998
660.0663	661.6519
660.7297	662.1956
660.8044	662.2593
660.9695	662.6236
661.0325	662.7064
661.3135	662.8448
661.382	662.7918
662.1928	663.72
662.3116	664.0474
662.3582	664.253
662.5125	664.5969
662.5287	664.5977
662.683	664.8909
662.6906	664.8263
662.774	664.9419
662.8764	664.9905
663.078	665.1401
663.1389	664.9981
663.2077	665.209
664.071	665.4624
664.2379	665.5667
664.8824	666.2706
664.9841	666.6055
664.99	666.5976
665.1728	666.7035
665.7347	667.1592
665.9466	667.3757
666.4601	668.0688
667.08	668.5383
667.0966	668.5802
667.2965	668.8976
667.311	669.1158
667.3937	669.4775
667.3999	669.3884
667.5124	669.9381
667.5315	669.9319
667.594	669.9109
667.6295	670.1457
667.6516	670.0776
667.7142	670.0755
668.0706	670.2052
668.9903	670.3321
669.1102	670.5212
669.9652	671.4232
670.0758	671.6128
670.3405	671.717
670.6461	671.9703
670.7824	672.2987
670.9019	672.4719
671.0733	672.6883
671.1572	672.574
671.5093	673.0654
671.76	673.3113
671.956	673.4295
672.0107	673.7161
672.7371	674.1171
672.9374	674.4483
673.3156	674.7416
673.4879	674.9974
673.6041	675.2407
674.1657	675.8425
674.3725	675.7621
674.5195	675.8777
674.847	676.2822
675.0132	676.3393
675.4503	676.926
675.8917	677.4336
676.0145	677.4587
676.0316	677.4905
676.3211	677.7844
676.8009	678.195
677.2033	678.6599
677.4778	679.4145
677.509	679.2912
677.6644	679.5629
677.6753	679.4573
678.3873	679.8962
678.4817	680.0739
678.6973	680.232
679.0184	680.6612
679.0604	680.7383
679.1195	680.8214
679.4814	681.2575
679.8523	681.5044
679.9028	681.4245
680.1614	681.5585
680.7096	682.0586
681.2741	682.5893
681.5467	683.0234
681.647	683.297
682.3298	683.9503
682.4687	683.9779
682.5075	684.0269
682.6971	684.3136
682.7811	684.3251
683.5752	685.0207
683.9328	685.5609
684.2187	685.6315
684.4354	685.9679
684.9266	686.4852
685.0398	686.3897
685.5243	687.074
685.6434	687.4368
685.6742	687.378
685.8229	687.8118
685.9015	687.7974
686.0808	687.8296
686.1947	688.0193
686.3316	687.8675
686.8922	688.2809
687.0376	688.3768
687.3151	688.8687
687.6891	689.0127
687.9704	689.3994
688.1151	689.5348
688.3608	689.7819
688.9362	690.4584
689.1338	690.8008
689.2464	690.9037
689.6445	691.1642
689.7127	691.3516
689.8642	691.4811
689.975	691.3773
690.5508	692.0555
690.7912	692.3585
690.8182	692.4719
691.0003	692.5036
691.3256	692.8855
691.4621	692.9222
692.0971	693.6017
692.119	693.7532
692.4665	693.9464
692.7173	694.153
692.776	694.1484
692.9048	694.2337
693.1093	694.691
693.2019	695.0113
693.2415	694.9768
693.2513	695.0469
693.3105	695.0142
693.5103	695.1811
693.8988	695.4711
694.4916	695.9427
694.916	696.3699
695.3852	697.0195
695.4683	697.051
696.3298	697.8881
696.6081	698.1968
696.6939	698.4408
696.8463	698.5177
697.4177	698.785
697.6608	699.3031
697.8792	699.4547
698.2865	699.8056
698.3559	699.9468
698.4082	700.1528
698.5667	700.4742
698.6445	700.8443
698.6548	700.8475
698.7267	700.9634
698.7565	700.8652
698.7958	700.7992
698.9822	701.1103
698.9915	700.9206
699.9601	701.7127
700.0145	701.7003
700.7233	702.2911
701.7625	703.2398
702.1359	703.4834
702.9144	704.3192
703.02	704.4869
703.4465	705.0713
703.4644	705.113
703.5375	705.4861
703.5599	705.265
703.6574	705.2986
703.892	705.4686
704.0596	705.6205
704.1352	705.6191
704.466	706.0575
704.5128	706.2078
704.7264	706.3179
704.7907	706.3503
704.8739	706.3917
705.1498	706.68
705.369	706.9113
705.4432	707.1069
705.4739	707.216
705.5827	707.4518
705.8095	707.7428
706.3141	707.8468
706.3178	707.9625
706.9703	708.5208
707.3173	708.8348
707.3908	708.9436
707.5119	709.0588
707.6728	709.3373
707.7277	709.1768
708.0639	709.6173
708.6985	710.1737
708.9617	710.4159
709.0212	710.5865
709.1704	710.8203
709.2163	710.8299
709.2587	711.057
709.3259	710.9089
709.5985	710.9611
709.8516	711.4699
709.8613	711.5061
710.0835	711.7368
710.4161	711.8375
710.4244	711.8871
710.6901	712.0747
710.7278	712.1904
710.9312	712.4561
711.4348	713.0089
711.4388	712.9484
711.5724	713.1635
711.6087	713.3014
711.9227	713.4199
712.4891	713.8155
712.8149	714.2263
712.8742	714.5407
712.9652	714.724
713.002	714.8822
713.1345	715.069
714.0639	715.6477
714.107	715.7053
714.2182	715.8377
714.3363	716.1237
714.4284	716.3928
714.6001	716.639
714.6048	716.5678
714.9107	716.5445
715.1609	716.5653
715.3885	716.8799
715.6572	717.04
715.7531	717.1244
715.9954	717.7473
716.0233	717.7747
716.0935	717.88
716.3667	718.2394
716.4608	718.5051
716.4761	718.5573
716.5439	718.4698
716.7065	718.6301
717.0465	718.799
717.1586	718.7594
717.5684	718.9527
717.6937	719.2477
718.1038	719.8049
718.1543	720.1236
718.3331	719.9901
718.9801	720.4165
719.3167	720.851
719.4623	720.8122
719.6503	721.357
719.7035	721.3104
719.724	721.3977
719.8134	721.5074
720.1617	721.8222
720.5713	722.2321
720.5863	722.317
720.599	722.5451
720.6613	722.4419
720.8099	722.7077
721.0483	723.0327
721.0908	723.0474
721.1865	723.0626
721.8442	723.4388
722.0498	723.5714
722.9752	724.7152
722.9876	724.8886
723.0156	724.9345
723.1175	724.8711
723.1428	724.9181
723.1753	725.0926
724.5312	726.2099
724.633	726.4358
724.6775	726.2729
724.8818	726.5311
725.0466	726.5972
725.1617	726.6132
725.6211	727.0138
725.7589	727.1385
726.0	727.7043
726.2928	727.876
726.3323	727.9519
726.4577	728.2066
726.5054	728.1835
726.6432	728.4703
726.6941	728.4347
726.9249	728.5962
726.9418	728.5099
727.2951	728.7966
727.4008	728.9291
728.2107	729.7262
728.3111	729.859
728.7059	730.4489
728.8793	730.452
729.7396	731.283
730.2078	731.813
730.3299	731.8308
731.0075	732.668
731.0488	732.5724
731.6422	732.9547
731.8773	733.373
733.3862	734.7798
734.0283	735.4755
734.1351	735.5189
734.4011	735.995
734.624	736.1092
734.9436	736.4327
735.2489	736.5543
735.5844	737.0324
735.6839	737.1565
736.0903	737.6129
736.2627	737.875
736.3028	737.7264
736.4875	737.9486
736.5677	738.1439
737.0226	738.5325
737.2376	738.8018
737.3087	738.8972
738.3822	739.8989
738.4206	740.1209
738.5539	740.433
738.5567	740.4486
739.0954	740.7154
739.1319	740.7276
739.4588	741.1852
739.6045	741.1869
739.9126	741.4391
740.3837	742.2624
740.4844	742.3151
740.5222	742.4822
740.7988	742.6314
740.8199	742.7186
740.8328	742.8489
741.0777	742.9333
741.2904	742.9371
742.0451	743.5557
742.5394	744.0369
742.8492	744.4175
742.8927	744.8441
742.9996	744.8747
743.1918	744.9915
743.5218	745.0339
743.8583	745.3765
744.283	745.8594
744.6111	746.1176
745.2414	746.5539
745.383	746.7578
745.4703	746.8665
745.9836	747.4984
746.1621	747.6339
746.2095	747.7855
746.7179	748.0684
747.0267	748.3978
747.2176	748.6626
747.9244	749.3268
748.0665	749.4871
748.2288	749.7215
748.2638	749.7631
748.9089	750.4513
748.9568	750.504
749.0627	750.6638
749.2184	750.9909
749.3142	750.9069
749.5033	751.1775
749.5859	751.3344
749.6449	751.3187
749.7064	751.2889
750.1164	751.608
750.3788	751.9007
750.3888	751.958
750.4284	752.0373
750.5916	752.1059
750.7446	752.2484
750.9825	752.4264
751.21	752.7365
751.9022	753.2615
753.0747	754.5713
753.1573	754.8232
753.2429	754.7357
753.5158	755.4135
753.5453	755.69
753.6482	755.9734
753.7665	756.1099
753.8125	756.1331
753.8152	755.9662
753.8192	756.1705
753.9754	756.2611
754.3941	756.3587
754.4712	756.3549
754.6442	756.322
754.8106	756.5067
755.0881	756.4358
755.2122	756.5611
755.4255	756.9059
755.9251	757.4505
755.9383	757.3518
756.335	758.0095
756.3986	758.0601
756.4407	758.1608
756.6479	758.067
756.8008	758.32
756.874	758.348
757.0485	758.4646
757.3553	758.8765
757.4779	758.9557
757.5837	759.2888
757.6198	759.2925
757.6775	759.4205
757.752	759.4566
758.6263	760.1272
758.6727	760.1165
758.9604	760.3086
759.7866	761.256
759.9401	761.4546
760.5928	762.1433
760.7501	762.2966
760.8135	762.9103
760.8915	763.0679
760.9013	763.1105
761.0698	763.0971
761.2537	763.0574
761.4225	763.1747
761.6853	763.2921
762.1415	763.7164
762.2295	763.7951
762.3417	763.8231
762.5195	764.0823
762.6224	764.249
762.7435	764.2942
762.8778	764.6096
762.9006	764.6014
762.9675	764.6381
763.2609	764.8346
763.39	765.0529
763.4904	764.9609
763.6384	765.3409
763.9459	765.5082
764.23	765.7289
764.3466	765.8863
764.3855	765.8679
764.5104	766.037
764.5445	766.019
765.1287	766.5512
766.0849	767.6063
766.1736	767.6687
766.2413	767.7802
766.3353	767.8293
766.6798	768.0297
766.7724	768.3149
766.7813	768.3784
766.8232	768.3939
767.5758	769.0488
768.074	769.4233
768.2963	769.7756
768.4241	769.8824
768.5034	769.9289
769.1352	770.5148
769.2377	771.0125
769.2971	770.9124
769.3855	771.0791
769.5795	771.1692
769.8277	771.1747
770.0213	771.4023
770.0732	771.5955
770.1451	771.7648
770.1955	771.7219
770.7586	772.4327
770.803	772.7857
770.82	772.7156
770.9162	773.2053
771.0446	773.6844
771.1022	773.6828
771.1266	773.8421
771.3195	774.1151
771.3566	774.1245
771.4303	774.2917
771.4877	774.1733
771.6375	774.3299
771.9465	774.4948
772.4116	774.7659
772.6098	774.7319
772.6325	774.8976
772.9526	774.7268
773.2232	775.0019
773.5234	775.5023
773.7645	775.5056
774.7679	776.3404
774.7964	776.2353
775.4633	777.0078
775.5016	777.3045
775.5508	777.1548
775.969	777.3097
776.2111	777.7286
776.4444	777.8539
777.4827	779.0073
777.5895	779.076
778.1719	779.7183
778.3216	779.8543
778.3542	779.9755
778.4108	779.88
778.6674	780.011
778.8256	780.3232
779.6736	781.2626
779.6816	781.3585
779.7512	781.4587
779.8003	781.5286
779.8889	781.5369
780.1984	781.8398
780.3745	781.937
780.4787	782.1104
780.5175	782.426
780.7554	782.4811
780.7601	782.6119
780.7759	782.4495
780.8193	782.6527
782.0285	783.592
782.0771	783.6815
782.7458	784.1166
783.4973	784.8871
783.6909	785.1325
783.7003	785.3291
784.4468	785.8301
784.5435	785.973
784.872	786.3067
785.2812	786.7272
785.6006	787.1345
785.896	787.4638
786.201	787.6528
786.4447	787.9108
786.8647	788.3871
787.451	788.7663
787.7147	789.1567
787.8396	789.2343
788.1538	789.6118
788.2042	789.8204
788.3324	789.8675
788.3862	790.1599
788.4254	790.2837
788.5951	790.3728
789.1717	790.6329
789.8114	791.2784
789.8802	791.4002
789.9806	791.6179
789.9895	791.4596
791.2851	792.8072
791.3397	793.1534
791.4069	793.072
791.4634	793.2201
791.4739	793.3782
791.8182	793.2949
792.3962	793.9295
792.4688	794.107
792.6208	794.1986
792.6738	794.3061
792.7652	794.2717
793.2109	794.736
793.3087	794.9146
793.3967	794.8932
793.5983	795.0589
793.679	795.0216
794.016	795.3645
794.1863	795.7111
794.6711	796.0433
794.741	796.2611
794.8973	796.2821
794.9807	796.499
795.0294	796.4544
795.1929	796.8531
795.3348	796.9951
795.3818	797.1676
795.3883	797.2369
795.5164	797.2651
795.7833	797.4259
795.884	797.3525
796.1112	797.4952
796.3082	797.9264
796.3361	798.136
796.3679	798.0846
796.4498	798.2374
796.4887	798.4496
796.6454	798.5095
797.8303	799.4405
797.8374	799.4421
798.1128	799.5005
798.2977	799.6836
798.4748	800.0898
798.5629	800.0932
798.8365	800.3062
799.1563	800.6191
799.3063	801.0778
799.3132	801.1792
799.3548	801.125
799.3927	801.3934
799.5954	801.3342
800.1098	801.4673
800.8252	802.5214
800.8477	802.6459
800.8631	802.5953
801.0024	802.7002
801.1975	802.825
801.5453	803.004
802.0026	803.5966
802.3962	803.8925
802.898	804.2839
803.036	804.6172
803.6271	805.1024
803.7431	805.4801
803.7485	805.5538
803.756	805.4209
803.9118	805.7462
804.0545	805.7978
804.0656	805.9789
804.255	806.0533
804.3386	806.2064
804.4181	806.2186
804.6945	806.7093
804.7205	806.6253
804.7405	806.6439
804.911	806.8432
804.9278	806.7822
804.9356	806.8566
805.1918	807.1207
805.4499	807.3795
805.4745	807.5762
805.6183	807.6285
805.7155	807.7543
805.9251	807.7007
806.07	807.821
806.4112	807.9746
806.5539	808.0303
806.6041	808.225
806.816	808.6885
806.8426	808.7318
806.9002	808.6557
806.9208	808.6339
806.974	808.8131
807.2362	808.8241
807.3033	808.893
807.5045	808.9921
807.5986	809.1907
808.4116	810.0614
808.4362	810.0312
808.6696	810.2126
808.7975	810.2757
809.3289	810.8049
809.4222	811.0718
809.4975	810.9891
809.8204	811.1631
810.2939	811.7695
810.4702	811.8372
810.5965	812.1621
811.894	813.4263
812.0009	813.3804
812.3232	814.0207
812.4485	814.2551
812.6385	814.3319
812.6638	814.5124
812.6854	814.4319
813.0275	814.4534
813.1608	814.8753
813.2206	814.9405
813.2727	814.8082
813.5141	815.1383
814.2328	815.5827
814.4182	815.8005
814.9372	816.4574
815.141	816.7916
815.2323	816.8164
815.4871	816.8202
815.7307	817.2674
815.9244	817.474
816.1036	817.6023
816.231	817.6373
816.5762	818.0951
817.2204	818.5925
817.3006	818.8602
817.7699	819.3734
817.8562	819.4789
817.9986	819.8634
818.1489	820.1866
818.2752	820.184
818.276	820.2855
818.36	820.2744
818.6034	820.714
818.6318	820.7681
818.6505	820.6968
819.0263	820.9351
819.135	821.1635
819.3119	821.0178
819.4165	821.0639
819.6744	821.2737
819.9168	821.4629
820.1069	821.5387
820.2457	822.0006
820.2833	822.3232
820.2936	822.364
820.3678	822.4976
820.8388	822.4487
821.0641	822.4646
821.3466	822.9101
821.5119	823.219
821.5614	823.1898
821.8718	823.3066
821.9901	823.6845
822.0277	823.712
822.1068	823.8884
822.1698	823.8733
822.9139	824.3101
823.2378	824.715
823.3354	825.2113
823.3966	825.3115
823.4266	825.2646
823.4397	825.4882
823.4943	825.4848
824.3597	825.8823
824.3629	826.0177
824.4598	826.1419
824.7039	826.4147
824.7221	826.2783
824.7931	826.4597
824.8061	826.5548
825.112	826.7579
825.3983	827.0812
825.5759	827.0068
825.8704	827.5057
825.9243	827.6507
825.9248	827.5549
825.9741	827.8273
826.2511	827.946
826.638	828.0989
827.1674	828.5841
827.7338	829.1615
827.785	829.3497
828.1743	829.7202
828.4196	830.1045
828.4725	830.2052
828.4833	830.1023
828.9954	830.3864
829.6248	831.2788
829.6468	831.2477
829.9795	831.5221
830.0959	831.6311
830.4488	832.1903
830.523	832.2592
830.665	832.3014
830.8544	832.5882
830.9641	832.6208
831.1658	832.6821
831.697	833.0322
831.8268	833.3798
831.9106	833.4157
832.3625	833.8725
832.6784	834.2042
833.102	834.7269
833.1021	834.7691
833.3391	834.7694
833.609	834.969
834.1807	835.4909
834.4623	835.9805
835.2039	836.7434
835.3379	836.731
835.6009	837.0849
835.6009	837.1621
835.6606	837.2684
836.0631	837.5762
836.1047	837.6037
837.5758	839.0983
838.0929	839.6917
838.1404	839.5436
838.6376	840.2731
839.0724	840.6114
839.5019	840.9878
839.9757	841.4917
840.4222	841.9236
840.4998	842.0354
840.786	842.3068
840.8711	842.4991
840.918	842.4645
841.5778	843.0948
841.7723	843.4045
841.8876	843.4732
842.0088	843.6109
842.2575	843.9297
842.573	844.2026
842.6115	844.7038
842.6301	844.8381
842.6454	844.7557
842.8797	845.2137
842.9232	845.1644
842.9642	845.3791
843.2757	845.5529
843.2909	845.7887
843.3635	845.7361
843.4803	846.0102
843.767	846.3877
843.7821	846.3329
843.8389	846.424
843.9702	846.5992
844.0494	846.8291
844.0959	846.8657
844.1948	847.1014
844.2424	847.1089
844.3268	847.1256
844.6285	847.5575
844.7419	847.6522
844.9113	847.9602
844.9492	848.1185
844.9723	848.1375
845.0207	848.1172
845.2308	848.1878
845.5544	848.5659
845.6136	848.6688
845.7329	848.7845
845.8949	848.6736
846.0174	848.937
846.0768	848.8977
846.2778	849.0001
846.403	848.9456
846.4067	849.0763
846.7014	849.1603
846.8284	849.1172
847.1999	849.5526
847.6528	849.733
847.8435	849.8174
848.265	850.1692
848.303	850.1167
848.3948	850.3156
848.4519	850.2455
848.4889	850.381
848.8119	850.2868
848.896	850.3561
849.2096	850.7521
849.2855	850.9119
849.3799	850.9571
850.0203	851.4868
850.4728	851.7969
850.5895	852.0932
851.6515	853.3637
851.7348	853.5892
851.7365	853.6074
851.8469	853.5765
852.0005	853.8523
852.1257	853.889
852.1659	853.7878
853.2205	854.6733
853.3672	854.8488
854.0158	855.6942
854.0298	855.6146
854.1733	855.8425
854.5324	855.991
854.6052	856.0728
855.6345	857.1639
856.1674	857.5437
856.2735	857.6318
856.4263	857.9707
856.5117	858.1435
856.6359	858.2173
856.8802	858.4632
856.9646	858.4037
857.1107	858.6954
857.159	858.7064
857.2566	858.7736
857.8811	859.2117
858.0016	859.477
858.3427	859.8055
858.4654	860.3611
858.5043	860.3888
858.6751	860.6058
858.7388	860.9067
858.783	861.0311
858.8671	860.8593
858.8823	860.9043
858.9058	860.9202
859.4267	861.2616
859.7054	861.1694
859.9318	861.4468
859.9738	861.5406
860.108	861.6922
860.3837	862.1681
860.3935	862.1427
860.4837	862.3042
860.592	862.3333
861.3813	862.8929
861.5336	862.9874
861.6338	862.995
861.7747	863.3671
861.7906	863.4707
861.8644	863.639
861.9851	863.623
862.1769	863.8995
862.8171	864.3272
863.0213	864.3915
863.891	865.7815
863.9592	866.1107
864.064	866.4506
864.0721	866.4678
864.1345	866.4055
864.2609	866.6344
864.3428	866.8824
864.4165	866.7962
864.4253	866.839
864.5981	867.0264
864.7725	867.1763
864.9157	867.0936
864.9382	867.1861
865.0242	867.2408
866.4305	867.9646
866.4412	868.1201
866.6603	868.2723
866.7176	868.4216
866.9216	868.6595
866.9527	868.7168
867.0547	868.8831
867.0764	868.9041
867.1079	868.867
867.4764	869.296
867.5404	869.175
867.6618	869.4297
867.9198	869.5051
868.0879	869.5083
868.1954	869.7906
868.4322	869.7795
868.766	870.3495
868.8182	870.5176
869.4148	870.9144
869.5477	870.9221
869.9869	871.5858
870.0189	871.6151
870.1471	871.9692
870.3106	871.9013
870.4017	872.1456
871.2666	872.6286
871.621	873.3273
871.6279	873.4176
871.6388	873.25
871.7216	873.3058
871.8595	873.466
872.1207	873.5543
872.4631	873.934
872.5153	873.9436
872.6683	874.2561
873.1572	874.8674
873.202	874.9863
873.2361	874.8794
873.829	875.6843
873.8295	875.6897
874.0029	875.6844
874.0245	875.8504
874.6648	876.2789
875.2759	876.6965
875.9063	877.3449
875.9878	877.4081
876.0682	877.8602
876.0833	877.8841
876.1907	878.1637
876.3057	878.4246
876.3236	878.2104
876.4991	878.4933
876.5103	878.5865
876.8326	878.7164
876.8371	878.7568
877.3951	878.9502
877.7291	879.0635
877.86	879.2258
878.0867	879.4119
878.7854	880.3468
879.0915	880.5386
879.7474	881.2148
879.772	881.2891
880.234	881.6924
880.881	882.2816
881.1162	882.6538
881.2036	882.7982
881.3436	883.1586
881.3469	883.2728
881.4705	883.4258
881.6039	883.5357
881.8602	883.4741
882.0883	883.5211
882.3414	883.7912
882.3723	883.889
882.9108	884.4677
882.9181	884.5725
883.0334	884.4713
883.1901	884.7212
883.2094	884.7699
883.3574	884.9538
883.8744	885.3176
883.9776	885.8057
884.0333	885.8082
884.0718	885.95
884.1377	885.8916
884.5658	886.1336
884.7358	886.2634
885.5446	886.8974
885.667	887.1402
885.6884	887.2961
886.1993	887.6604
886.3535	887.7994
886.4816	887.8534
886.6793	888.3491
886.698	888.5355
886.7638	888.6355
886.8842	889.1546
886.9189	889.2208
886.9217	889.1771
886.9814	889.0748
887.3509	889.7003
887.3916	889.7486
887.5091	889.6195
887.5475	889.7278
887.8375	889.8429
887.8562	889.8037
887.9832	890.0826
888.3902	890.1673
888.4889	890.3783
888.5482	890.4799
888.6198	890.462
888.6692	890.4271
888.7836	890.662
889.4389	890.975
889.5538	891.1648
890.2706	892.1512
890.2933	892.2445
890.3654	892.3562
890.6061	892.3292
890.713	892.4463
890.8454	892.5643
891.0674	892.5544
891.3203	892.8953
891.3736	893.0091
891.7784	893.1185
892.0201	893.6732
892.1727	893.7739
892.4467	894.3228
892.4757	894.3043
892.6387	894.5022
892.6566	894.4884
892.9623	894.5855
893.1083	894.6099
893.2576	894.7592
893.4123	895.092
893.5419	895.29
893.6002	895.1835
893.7991	895.3669
894.3024	895.843
894.3831	895.8317
894.4675	896.1345
894.5146	896.321
894.7147	896.3972
894.873	896.5668
895.5305	897.0839
895.9348	897.503
895.9815	897.7552
896.0622	897.7992
896.2008	897.6656
897.1994	898.6447
897.3991	898.7336
897.5036	899.1928
897.6048	899.2055
897.9439	899.5421
898.1996	899.6565
898.2717	900.0045
898.2939	900.2235
898.4243	900.2227
898.5194	900.5837
898.5605	900.6424
898.7549	900.769
898.8443	900.8493
899.0376	900.9114
899.1705	900.8748
899.2654	900.9134
899.4574	901.1539
899.5058	901.1844
899.8402	901.5851
899.8687	901.7585
899.9438	901.8359
900.0507	902.2808
900.2012	902.263
900.2711	902.4772
900.3197	902.6793
900.34	902.4839
900.399	902.7878
900.4579	902.6023
900.8029	902.948
900.9547	902.9462
901.1477	903.1041
901.1798	903.0869
901.8143	903.1873
901.9561	903.5453
902.1801	903.4961
902.4077	903.8082
902.7205	904.0993
902.9921	904.5418
903.1367	904.7563
903.1859	904.8289
903.4943	904.854
903.5431	904.9982
903.7294	905.2214
904.1333	905.4379
904.3469	906.236
904.4053	906.3168
904.5025	906.4076
904.6351	906.4493
904.7102	906.6699
904.8524	906.7067
905.0751	906.694
905.2174	906.8281
905.9511	907.5217
906.5456	908.1321
906.5978	908.1019
906.7645	908.1482
906.9176	908.2559
907.3264	908.9958
907.3569	908.9483
907.3814	909.0514
907.5928	909.2301
907.8645	909.3451
908.2779	909.7195
908.6476	910.2192
908.7444	910.1258
909.0578	910.5868
909.3369	910.6765
909.4107	910.837
909.6151	911.19
909.6153	911.1792
910.5961	912.1365
910.9445	912.4568
911.2716	912.7874
911.6421	913.1266
911.8467	913.5514
911.9188	913.5396
911.945	913.6967
912.7871	914.1735
913.4133	914.8334
913.4289	914.9676
913.8544	915.175
913.9597	915.4121
914.0506	915.5059
914.4195	915.8444
914.6681	916.1456
915.757	917.1846
915.802	917.337
915.9727	917.3737
916.299	917.8537
916.5947	918.1502
916.6921	918.2478
916.8102	918.2457
917.0267	918.4636
917.1745	918.6073
917.3173	918.8745
917.5103	918.9286
917.6463	919.0595
918.046	919.413
918.2539	919.6196
918.3212	919.7922
918.3761	919.9548
918.8691	920.6183
918.871	920.6288
918.9977	921.0419
919.0606	921.1097
919.0921	921.0633
919.1188	921.1315
919.412	921.1159
919.906	921.4507
920.4919	922.1315
920.5432	922.1961
920.7707	922.7556
920.8024	922.6816
920.8616	922.9253
920.9302	922.9482
920.9732	922.9679
921.1037	922.9711
921.3258	923.0169
921.6536	922.9942
922.3211	923.7202
922.8966	924.4402
922.9547	924.4396
923.3315	924.7635
923.6946	925.1951
923.8077	925.3024
923.9373	925.3886
924.0553	925.6345
924.1454	925.853
924.5091	925.8179
924.6888	926.1093
924.7194	926.3421
924.9476	926.4527
925.569	927.0116
925.651	927.0368
925.8131	927.3118
926.1392	927.7172
926.2314	927.8963
926.239	927.9127
926.3113	927.8362
926.7306	928.1636
926.8431	928.2778
926.8603	928.4211
927.184	928.8333
927.1912	928.6928
927.342	928.9119
927.5461	929.1367
927.6703	929.1692
927.7036	929.404
927.9388	929.4353
928.1008	929.4685
928.2968	929.8998
929.3496	930.8544
929.4441	931.0468
929.5575	931.0298
929.6058	931.0433
929.788	931.195
930.3283	931.7992
930.4278	931.8118
930.8024	932.2076
931.1191	932.5172
931.5052	933.2874
931.5454	933.1704
931.6651	933.4356
931.8169	933.413
931.8632	933.4925
931.9297	933.5896
932.6214	934.0975
932.8134	934.3715
933.2488	934.895
933.4788	935.0313
933.5229	935.0032
933.7185	935.0841
933.9827	935.5426
934.0997	935.5055
934.9493	936.4454
935.1011	936.4935
935.3162	936.845
935.3444	936.8825
935.4048	937.0574
935.5565	937.15
936.1681	937.8065
936.1762	937.7327
936.3068	937.7538
936.5933	938.0124
937.0819	938.5519
937.2092	938.7019
937.3673	938.9588
937.3959	939.0135
937.5348	939.1095
937.7855	939.2382
938.064	939.6565
938.1435	939.7994
938.4307	940.3228
938.4654	940.4939
938.4859	940.3672
938.7163	940.3613
938.7836	940.61
940.2561	941.7199
940.311	941.6799
940.4739	942.3036
940.4804	942.4094
940.497	942.4823
940.6276	942.4308
941.5892	943.1515
941.839	943.5032
941.8574	943.7127
942.2475	943.8358
942.5382	944.0205
942.7259	944.2746
942.873	944.4907
942.9451	944.4417
942.9627	944.6606
943.0069	944.5718
943.5925	945.1215
943.6185	945.1088
943.9789	945.5921
944.3811	945.8113
944.4437	946.1143
944.53	946.3551
944.5658	946.416
944.6457	946.4397
944.8234	946.4987
945.1377	946.6418
945.4354	946.8445
945.5731	947.0637
946.3446	947.8476
946.3969	947.9202
946.4714	947.9118
946.6829	948.4546
946.8989	948.5398
947.2429	949.0001
947.3915	948.9716
947.5149	949.1476
947.5722	949.1089
947.7317	949.4757
947.8934	949.5395
948.2066	949.6915
948.5007	950.0436
948.554	950.1165
948.5565	950.1795
948.9917	950.3284
949.1955	950.751
949.3905	950.8597
949.7044	951.2335
950.0297	951.5988
950.1194	951.6158
951.0214	952.5295
951.1816	952.5055
951.7803	953.2193
951.8966	953.2185
951.997	953.489
952.4129	953.9906
952.5491	954.2451
952.691	954.4309
952.7503	954.4626
952.7708	954.6466
953.4026	954.9645
953.4537	955.0265
953.6093	955.0411
954.051	955.4711
954.1297	955.746
954.569	956.1926
954.7171	956.1658
954.8698	956.2658
955.4285	956.9543
955.6843	957.2255
955.9676	957.4604
956.0864	957.4506
956.3291	957.7962
956.343	958.0047
956.4343	957.917
956.5986	958.1079
956.8993	958.2217
957.0512	958.5179
957.1405	958.666
957.6351	959.2605
957.9042	959.321
958.0875	959.5342
958.2036	959.5121
958.3425	959.8309
958.5188	959.8769
958.6234	960.0114
958.6832	960.0871
959.0729	960.7045
959.23	960.7803
959.2574	960.6633
959.5825	961.2613
959.6778	961.7055
959.9737	961.6215
960.6633	962.2094
961.1085	962.6557
961.1459	962.6584
961.5792	963.1715
961.6463	963.1054
961.8324	963.1922
962.4817	964.0673
962.5949	963.998
962.8589	964.3575
963.008	964.6881
963.21	964.7838
963.2516	964.8008
963.4046	964.9779
963.6082	964.9534
963.6679	965.0634
963.7743	965.4322
963.8267	965.4625
963.9474	965.6669
964.1418	965.7195
964.3964	965.8959
965.0517	966.6544
965.0679	966.8175
965.143	966.7226
965.9778	967.532
966.0835	967.9703
966.1052	967.919
966.1361	967.8629
966.6255	968.1891
966.7253	968.106
967.2051	968.5238
967.5961	969.0981
968.0873	969.6616
968.1194	969.5354
968.8041	970.3624
968.8924	970.2937
969.4347	971.247
969.4522	971.2991
969.4756	971.4893
969.4816	971.4049
969.6118	971.7172
969.7727	971.804
970.0915	971.67
971.6881	973.0622
971.7647	973.1802
972.0423	973.5305
972.4595	973.9048
972.5182	974.0111
973.6825	975.2787
973.7965	975.4759
973.8129	975.4381
973.8201	975.5745
974.098	975.6504
974.1035	975.7083
974.6747	976.3005
975.575	976.9818
975.8597	977.4861
976.1929	977.6025
976.3295	977.7877
976.36	977.9295
976.6622	978.0934
976.9756	978.3743
977.2859	978.7383
977.4375	979.0385
977.5349	979.1481
978.0129	979.6316
978.0703	979.4836
979.1779	980.6285
979.209	980.6777
979.2783	980.8998
979.5047	981.2414
979.6654	981.5015
979.7629	981.4947
979.87	981.9015
979.9038	981.8996
979.9353	982.0402
979.9536	982.0033
980.0965	982.0163
980.6661	982.333
980.7042	982.5456
980.7488	982.6645
980.8874	982.8117
981.0932	982.8164
981.2586	983.0069
981.2824	983.1127
981.7043	983.3862
981.7124	983.2046
982.4928	983.9547
982.5988	984.3981
982.607	984.5448
982.6698	984.6779
982.7682	984.8653
982.9187	985.2214
982.9283	985.1558
982.9902	985.3001
983.0537	985.2633
983.543	985.5824
983.7275	985.4751
983.7976	985.5634
984.4283	985.935
984.4582	986.02
984.6655	986.1766
985.1078	986.5281
985.6514	987.1519
986.0511	987.5705
986.2022	987.6683
986.3668	987.9406
986.389	987.9039
986.5651	988.279
986.6559	988.636
986.7699	988.8088
986.8841	988.9066
987.2385	988.8571
987.6915	989.1841
987.9861	989.5339
988.2699	989.6757
988.356	989.8111
988.9915	990.5316
989.1916	990.7064
989.4081	990.8671
991.0855	992.482
991.2379	992.7016
991.381	992.8866
991.3929	992.9364
991.8332	993.6234
991.8702	993.5777
991.8878	993.5451
991.9239	993.5756
992.2819	993.9086
992.4018	993.9748
992.5099	993.8663
992.9598	994.581
992.9918	994.7294
993.018	994.6128
993.2172	994.7972
994.1993	995.5586
994.5484	995.9755
994.9195	996.442
995.3844	996.8396
995.9069	997.4562
996.1406	997.6052
996.3739	997.804
996.5217	997.9394
996.8835	998.5267
996.91	998.5436
997.66	999.1011
997.7494	999.1118
998.0473	999.3743
