0.0712	1.4219
0.1968	1.8404
0.2141	1.9362
0.7549	2.1973
0.9632	2.6518
1.0184	2.4954
1.6275	3.3071
1.73	3.2832
1.8751	3.4073
2.1358	3.7762
2.1379	3.8772
2.2217	4.0169
2.2399	4.1175
2.3283	4.0692
2.382	4.157
2.6756	4.4391
2.7107	4.276
2.8504	4.4704
3.3249	4.7112
3.4013	4.7789
3.53	4.979
4.2831	5.8463
4.3992	6.1594
4.6455	6.5571
4.7552	6.6084
4.8379	6.7102
5.28	6.7541
5.5003	7.0028
5.7767	7.4688
5.8032	7.4498
5.8336	7.3069
6.1123	7.4603
6.3088	7.7759
6.4335	8.0492
6.9115	8.5074
6.9315	8.442
7.0249	8.6696
7.1458	8.8508
7.2142	8.677
7.4741	9.1438
7.4819	9.0422
7.619	9.0726
7.8095	9.1907
8.2156	9.8457
8.2414	10.038
8.2501	9.8675
8.5767	10.0463
8.6065	10.2077
8.7982	10.347
8.9385	10.6284
8.9755	10.6471
9.0403	10.6718
9.0568	10.7006
9.283	11.0895
9.3687	10.9989
9.6377	11.3305
9.7119	11.2554
9.7624	11.3319
10.2249	11.7657
10.7931	12.1211
11.4501	12.8807
11.596	13.0407
11.7482	13.2927
12.9291	14.2622
12.9973	14.4305
13.1458	14.8476
13.2056	15.0606
13.2305	14.8628
13.3999	15.1399
13.6124	15.1948
13.6715	15.2809
13.7374	15.1604
14.1169	15.6006
14.1521	15.6269
14.3814	15.9611
14.8357	16.2772
14.9786	16.5379
15.0228	16.5146
15.5266	17.0109
15.7939	17.4787
15.8841	17.6811
15.992	17.6581
15.9967	17.6574
16.0136	17.8508
16.3436	17.9333
16.3634	17.8714
16.5797	17.9371
17.2806	18.8164
17.3283	18.8447
18.1044	19.6559
18.4175	19.9751
18.6081	20.221
18.6285	20.287
18.6531	20.2402
18.7235	20.3062
19.4583	20.8413
20.0	21.4379
20.0915	21.4689
20.471	21.771
20.8662	22.2607
21.0597	22.5108
21.0735	22.7122
21.221	22.7749
21.3468	23.1635
21.3812	23.3919
21.4079	23.5073
21.4322	23.5657
21.4888	23.6024
21.5477	23.7526
21.682	23.8575
21.7075	23.8408
22.4496	24.7114
22.5666	24.6909
22.574	24.6273
22.6819	24.7256
22.9562	24.6637
23.1449	24.7219
23.4751	25.1034
23.5607	25.0195
23.7211	25.0664
23.9485	25.4463
24.0741	25.4461
24.2373	25.7664
24.2695	25.7093
24.4213	26.0057
24.6113	26.066
25.1422	26.8516
25.2083	26.8447
25.2958	26.9482
25.3066	27.0139
25.638	26.9405
25.7464	27.2692
25.8388	27.2323
25.9483	27.3422
26.5257	28.0302
26.6933	28.2948
26.7244	28.3225
26.9275	28.5195
26.9476	28.615
27.1083	28.7676
27.1389	28.7136
27.2083	28.9601
27.5313	29.1056
27.5918	29.0952
27.6984	29.2114
28.0278	29.4708
28.1365	29.5893
28.3354	29.8637
28.4594	29.853
28.5585	30.0381
28.6335	30.32
28.6723	30.1493
28.8159	30.3696
29.0971	30.6461
29.1347	30.714
29.5144	31.4703
29.5257	31.5687
29.5734	31.7133
29.5905	31.557
29.6087	31.664
29.7494	31.6512
29.8486	31.6927
30.3167	31.9274
30.8381	32.1558
30.9378	32.4288
30.9736	32.4783
31.3281	32.8423
31.9407	33.4513
32.2469	33.7989
32.3031	33.9432
32.3565	33.8191
32.7471	34.2341
32.7681	34.3875
33.2423	35.0228
33.2581	35.1402
33.3078	35.2096
33.36	35.4523
33.6333	35.5678
33.7475	35.6634
33.8914	35.6294
34.1587	36.028
34.2058	36.0641
34.2969	36.1306
34.7659	36.2935
34.7764	36.3141
35.1475	36.6636
35.3894	36.8604
36.1494	37.4545
36.2781	37.7993
36.729	38.0814
36.8444	38.4087
36.9961	38.5961
37.4099	39.0462
37.5818	39.3093
37.7153	39.359
37.8762	39.4679
38.0184	39.4252
38.1336	39.6706
38.4753	39.8141
39.4661	40.8536
39.5719	40.8857
39.7909	41.2683
40.1438	41.5503
40.359	41.7951
41.469	42.9117
42.1283	43.6795
43.2227	44.7824
43.4078	44.789
43.5099	45.0321
43.6645	45.3503
44.0752	45.5418
44.2846	45.8564
44.3187	45.9913
44.4195	46.0405
44.601	46.2457
44.9362	46.5144
45.188	46.7439
45.2609	46.8461
45.494	47.4063
45.5055	47.5208
45.5095	47.5224
45.5527	47.4843
45.623	47.6275
46.0141	47.9721
46.1435	47.9832
46.3113	48.1458
46.5545	48.0665
46.7985	48.2977
47.1957	48.5792
47.2609	49.0154
47.3333	49.184
47.4245	49.3559
47.445	49.5773
47.5103	49.4322
47.5393	49.6196
47.7298	49.6764
47.7489	49.7301
47.811	49.6109
48.2394	49.7704
48.4701	49.938
48.5051	50.0676
48.95	50.6441
48.9986	50.662
49.0524	50.8449
49.073	50.7765
49.8702	51.4214
50.5368	51.8744
51.3345	52.6439
51.693	53.4199
51.731	53.3451
51.873	53.4892
52.0547	53.5909
52.1836	53.6758
52.3846	53.9769
52.6105	54.2019
52.7335	54.1861
53.1218	54.6883
53.6801	55.2705
53.7849	55.2625
54.203	55.6246
54.4201	56.0879
54.4879	56.128
54.7274	56.3583
54.9991	56.3572
55.3775	56.8356
55.6769	57.0571
55.9062	57.4831
55.9303	57.4336
55.9803	57.596
56.3639	57.9457
56.435	58.0755
56.5338	58.1165
56.8863	58.4804
56.8972	58.6801
57.1278	58.7315
57.4306	58.8456
57.5774	59.121
57.8082	59.3347
57.991	59.5583
58.117	59.588
58.233	59.597
58.4675	60.0281
58.7107	60.1368
58.7505	60.1157
59.3565	60.7926
60.0973	61.7897
60.6682	62.2741
60.675	62.1167
61.0303	62.5119
61.3057	62.8599
61.3371	62.8571
61.4423	63.0783
61.6265	63.2273
61.9178	63.5246
61.997	63.4932
62.0463	63.5879
62.4843	63.9871
62.706	64.1303
63.3637	64.862
63.4043	64.946
63.6401	65.2794
63.7564	65.3872
63.9593	65.5201
64.8879	66.5496
64.9042	66.5644
65.1017	66.5336
65.4702	67.0383
65.6649	66.9947
65.8966	67.5563
65.9204	67.6114
66.0706	67.7115
66.6782	68.0147
66.888	68.264
67.0803	68.9094
67.1049	68.7896
67.2327	69.1016
67.2833	69.1534
67.3677	69.3555
67.4145	69.4044
67.6691	69.6572
67.7877	69.7155
67.8932	69.8344
67.9162	69.9787
68.0772	69.8658
68.1357	70.0265
68.6951	70.3738
68.8173	70.4741
68.9756	70.4296
69.345	70.9702
69.5901	71.0646
70.0205	71.5674
70.3149	71.8918
70.4745	71.9339
70.4753	72.2008
70.67	72.316
70.9478	72.767
71.0169	72.847
71.1269	72.9799
71.2002	72.9504
71.3054	72.96
71.8656	73.3953
72.0991	73.6694
72.4534	73.8846
72.6216	74.1723
73.0378	74.572
73.1487	74.6204
73.4973	75.0663
73.6013	75.1019
73.8291	75.302
74.0221	75.5927
74.0954	75.6184
74.1115	75.7085
74.285	75.9908
74.2975	75.9641
74.7239	76.4969
74.7287	76.416
74.8615	76.5431
75.0174	76.5563
75.4569	76.7995
76.26	77.6923
76.5605	78.0423
76.7555	78.2993
76.8997	78.4296
77.7791	79.2452
78.178	79.647
78.3522	80.0456
78.3933	80.0479
78.5075	80.0385
78.5998	80.0171
78.8624	80.2986
79.1945	81.2833
79.208	81.3384
79.2359	81.3465
79.4149	81.6087
79.4674	81.8641
79.5177	81.9648
79.9714	82.3627
79.9736	82.3357
80.1162	82.3256
80.1947	82.4299
80.2542	82.5218
80.371	82.6104
81.0746	82.7103
81.7246	83.5037
81.7297	83.5199
81.8002	83.634
81.807	83.4672
82.078	83.8492
82.2782	83.9797
82.9912	84.3453
83.13	84.6189
83.3224	84.8275
83.4851	85.0794
83.6293	85.0119
83.7061	85.1713
84.2917	85.6295
84.3994	85.8194
84.5445	86.0699
85.0562	86.5172
85.1556	86.6717
85.5174	87.1986
85.5596	87.2673
85.5924	87.3314
85.6735	87.4191
85.7835	87.5943
85.877	87.6652
86.3292	87.982
86.3513	88.1842
86.4212	88.516
86.4282	88.5573
86.498	88.5004
86.8157	88.7173
86.9202	88.6785
87.3461	88.8767
87.3866	89.0948
87.4229	89.212
87.6236	89.2791
87.833	89.3825
88.4129	89.9815
88.6041	89.9389
89.4637	90.9717
89.8337	91.1511
90.0884	91.6249
90.1509	91.8367
90.1591	91.7971
90.3972	91.8878
90.5103	91.9834
90.6233	92.296
91.8941	93.2994
92.7339	94.1191
92.8718	94.3906
92.947	94.3352
93.5379	95.1083
93.7044	95.2345
93.8232	95.345
93.8926	95.4423
93.9671	95.4677
94.3071	95.9981
94.3208	96.014
95.0439	96.581
95.1958	96.6356
96.0083	97.3313
96.1252	97.7284
96.1641	97.5255
96.5942	98.1227
96.9725	98.8101
96.9853	98.7876
97.5129	99.0463
97.9015	99.2855
98.5847	99.946
99.2851	100.7283
99.6747	101.1209
99.8673	101.2302
100.0189	101.642
100.0651	101.7469
100.1071	101.8791
100.1694	101.8717
100.5432	101.9491
101.1212	102.5443
101.4427	102.921
101.6205	103.3757
101.6568	103.3758
101.7516	103.5943
101.8453	103.6848
101.9053	103.9017
102.0624	104.0228
102.1464	104.0446
102.2701	104.3467
102.3299	104.477
102.5002	104.3608
102.6953	104.5699
103.3857	104.8812
103.8054	105.4583
103.8481	105.3906
104.1347	105.6883
104.4977	105.9584
104.5545	105.9743
104.7288	106.3599
104.7679	106.4241
104.7872	106.5961
104.9576	106.7399
105.1082	106.6813
105.4435	106.7973
105.6468	107.1265
105.6611	107.2203
106.3602	107.8839
106.4394	107.9923
106.6062	108.2431
106.6438	108.3942
107.4522	108.8773
107.9149	109.4965
108.0422	109.451
108.214	109.7491
108.4669	109.892
109.4551	110.9205
109.6063	110.9314
109.7048	111.2588
109.8422	111.3767
110.0945	111.5372
110.123	111.6186
110.2421	111.7647
110.565	112.0498
111.5719	113.0998
111.9375	113.3627
112.2122	113.8205
112.2893	113.9397
112.3385	113.9936
112.7384	114.0643
112.9056	114.7009
112.9081	114.8478
112.9628	114.9907
113.1455	115.1451
113.2387	115.2787
113.3443	115.3249
113.4438	115.3962
113.6592	115.3321
114.1962	115.5836
114.3058	115.7804
114.4376	115.8259
114.9892	116.5575
115.1035	116.6014
115.972	117.4996
116.0359	117.6162
116.2098	117.7413
116.3342	117.8817
116.6617	118.1575
116.8853	118.2273
116.992	118.7785
117.004	118.9679
117.1788	118.9854
117.2039	119.2335
117.3651	119.2263
117.6799	119.4889
117.7487	119.4422
117.7772	119.676
118.0128	119.8855
118.0666	119.8551
118.1191	119.9838
118.3593	120.1605
118.7621	120.3102
119.1247	120.8925
119.1302	120.891
119.1911	120.9954
119.2887	121.0233
119.4511	121.3443
119.6326	121.3937
119.6574	121.6061
119.7391	121.6291
119.9438	121.6235
120.2211	121.739
120.4189	121.7884
120.5083	122.0264
120.5589	122.0909
120.7602	122.2679
120.836	122.5882
120.9142	122.561
120.9495	122.6688
121.324	122.9584
121.3465	122.7823
122.0342	123.4576
122.3786	123.8358
122.4798	123.9789
122.5645	124.3346
122.581	124.3377
122.5921	124.3724
122.6277	124.2941
122.9756	124.3389
124.5	125.9104
124.587	126.44
124.6164	126.4699
124.6333	126.602
124.6832	126.8104
124.7587	126.8854
124.7844	126.8991
124.7886	127.0375
124.9667	127.1176
125.1658	127.2129
125.4211	127.2986
125.884	127.288
126.1859	127.6883
126.2447	127.8754
126.5442	127.9496
126.7325	128.0596
126.9254	128.6912
126.9442	129.0801
127.0336	129.364
127.1287	129.4244
127.3071	129.4545
127.3366	129.508
127.3387	129.4277
127.515	129.5301
128.3286	129.7734
128.3741	129.9781
128.5512	130.0666
128.8572	130.3341
129.2045	130.8988
129.2218	130.7752
129.3497	130.8937
129.6023	131.1918
129.9112	131.3039
130.4931	132.0359
131.0104	132.5911
131.0936	132.5441
131.6595	132.9892
131.8394	133.1974
132.1316	133.6223
132.1354	133.6454
132.4884	133.9147
132.6111	134.5275
132.6494	134.5258
132.8283	134.6503
132.8678	134.7828
133.2968	134.6351
133.5634	135.2546
133.588	135.227
133.8959	135.5184
133.938	135.7202
134.0778	135.828
134.2	135.9268
134.2925	136.0015
134.7426	136.1976
134.8701	136.2608
135.0616	136.5023
135.0773	136.6222
135.2174	136.6579
135.2953	136.7547
135.4632	136.9722
135.6631	137.0812
135.9538	137.5874
135.9626	137.5385
136.2911	137.8771
136.355	138.1895
136.4814	138.2418
136.7603	138.5368
136.7878	138.6411
137.0448	138.6529
137.6413	139.1957
137.69	139.2981
137.7022	139.4117
137.7639	139.5382
138.4614	139.9957
138.4697	139.9512
139.0181	140.6387
139.1725	140.9236
139.191	140.8366
139.83	141.2296
140.0205	141.5348
140.2086	141.7404
140.7402	142.1857
140.8734	142.5184
141.0921	142.6765
141.2706	142.881
141.7218	143.3583
141.7812	143.222
142.022	143.8081
142.0653	143.6175
142.9316	144.4979
143.1695	144.5361
143.5365	145.0693
144.8968	146.3947
145.5363	146.8938
145.6716	147.3908
145.8382	147.6147
146.2645	147.755
147.1537	148.6564
147.1842	148.6491
147.4733	149.1219
147.5159	149.0112
147.8155	149.3546
148.0252	149.447
148.572	149.9143
148.9767	150.3827
149.0732	150.5274
149.1954	150.6196
149.4497	150.9743
149.498	151.234
149.514	151.2077
149.5925	151.4236
150.5876	152.3546
150.6095	152.3348
150.6616	152.4387
150.9485	152.5342
151.1237	152.6928
151.2866	152.6354
151.4982	152.9168
151.7661	153.3558
151.8132	153.4649
152.2879	153.8559
152.4562	154.0472
152.5248	153.8926
153.0453	154.8762
153.0468	154.6822
153.102	154.8409
153.2017	155.2266
153.3183	155.1235
153.3188	155.2061
153.5782	155.2584
154.0863	155.6142
154.2088	155.6186
154.3287	155.6905
154.44	155.8403
154.5521	156.2376
154.6408	156.2463
154.9073	156.4336
155.0513	156.427
155.2884	156.6083
155.4712	156.8598
155.541	157.1109
155.5661	157.127
155.9985	157.648
156.2826	157.9625
156.329	158.0229
156.3321	157.9011
156.6764	158.0953
157.0786	158.4675
157.1603	158.5619
157.3557	158.7664
157.6018	159.2368
157.6604	159.3014
157.828	159.5396
157.8365	159.4667
158.0454	159.5495
158.4765	159.8411
159.2478	160.7087
159.2836	160.7816
159.5389	160.9631
160.5229	161.9219
160.6957	162.1033
161.0111	162.3546
161.334	162.6809
161.4691	162.9973
161.6892	163.2116
162.1315	163.832
162.1421	163.6077
163.0028	164.3983
163.2096	164.9234
163.2229	165.1808
163.2372	165.1319
163.2792	165.194
163.4367	165.1959
163.6342	165.2592
163.9084	165.355
164.4601	165.7912
164.7116	166.0328
164.9149	166.6532
164.9261	166.6709
165.0353	167.0797
165.0786	167.0901
165.2061	167.2702
165.4166	167.5356
165.5263	167.5674
165.6396	167.9037
165.6509	167.9641
165.6764	167.8169
165.7002	167.9098
165.7488	167.9506
166.1814	168.6059
166.3471	168.83
166.591	169.2964
166.6035	169.1868
166.6704	169.3698
166.7347	169.4182
166.9594	169.6389
167.0141	169.4805
167.0371	169.6261
167.3926	169.8859
167.7972	170.0088
167.8167	170.1382
168.1704	170.4591
168.1786	170.2347
168.3155	170.5385
168.3256	170.4445
168.4441	170.5843
168.6736	170.7174
168.8075	170.6326
169.0737	171.1246
169.0845	171.0403
169.3722	171.8719
169.374	171.9732
169.3836	172.0142
169.528	172.241
169.5514	172.2027
169.6983	172.2647
169.7749	172.5615
169.8157	172.3564
169.9975	172.6199
170.0548	172.5778
170.2625	172.622
170.8495	172.5304
171.4916	173.0142
171.722	173.2829
172.1905	173.6516
172.2947	173.7171
172.3542	173.9615
172.5626	173.9427
172.6544	174.2492
172.715	174.3236
172.8026	174.3989
173.9541	175.3178
174.2282	175.5773
174.3812	175.7719
174.4959	176.2173
174.5365	176.2287
174.5434	176.272
175.125	176.5591
175.2357	176.6264
175.354	176.8778
176.0421	177.4119
176.3708	177.9838
176.7791	178.2414
176.915	178.5058
176.9822	178.5714
177.3705	178.9937
177.4009	178.9346
177.6849	179.1628
177.8504	179.3457
177.8831	179.5072
177.946	179.6776
178.0334	179.7554
178.1025	179.8189
178.4592	180.1844
178.5154	180.247
178.613	180.1749
178.653	180.3906
178.907	180.7569
178.9843	181.1451
179.0126	180.9991
179.0373	181.1587
179.1775	181.1556
179.236	181.1725
179.7454	181.3695
179.869	181.3812
180.0744	181.6558
180.1055	181.7849
180.1438	181.8958
180.3343	181.8376
181.6649	183.354
181.6803	183.3791
181.7535	183.5441
181.7842	183.6047
182.3468	183.9306
182.3681	184.0215
182.3964	184.0528
182.7461	184.3932
183.0224	184.3431
183.1596	184.6851
183.4013	184.705
183.6564	185.2845
183.6782	185.1707
184.673	186.1149
184.7236	186.4092
184.7738	186.4148
184.9209	186.5561
185.5843	187.0022
185.6651	187.152
185.7473	187.4136
185.8513	187.8086
185.8704	187.7184
186.1026	187.9239
186.2982	188.16
186.4169	188.0033
186.5401	188.0533
186.7787	188.3747
187.032	188.3938
189.1243	190.4876
189.576	191.1069
189.9367	191.5686
190.0962	191.5363
190.715	192.2686
190.7453	192.3107
190.8719	192.589
191.0794	192.6242
191.1506	192.6717
191.2584	192.9535
191.4124	193.2833
191.5048	193.2265
191.5249	193.3432
191.8896	193.4735
192.258	193.8044
192.2615	193.9724
192.3924	193.9589
192.5935	194.1666
192.86	194.4565
193.0671	194.37
193.3464	194.7917
193.9229	195.3852
194.1624	195.6236
194.7099	196.1627
195.0041	196.3638
195.1219	196.6767
195.2902	196.8205
195.3645	197.0125
195.4391	196.9959
195.6075	197.0659
195.7349	197.1422
196.4338	197.8973
196.5475	198.0419
196.8072	198.3914
197.0188	198.6038
197.0428	198.6048
197.3121	198.7658
197.3956	199.1307
197.5021	199.0689
197.6043	199.2448
197.7118	199.525
197.7138	199.4604
197.8376	199.52
197.871	199.637
198.3039	199.6696
198.4506	199.9363
198.4724	200.0975
198.6895	200.1505
199.1921	200.6697
199.4849	200.9604
199.5426	201.063
199.6063	201.3182
199.608	201.2318
200.2381	201.8874
200.2857	201.9058
200.4312	201.9468
200.6346	201.9525
200.8032	202.3221
200.9307	202.4106
200.9629	202.4575
202.1507	203.8198
202.1762	203.7835
202.3764	204.148
202.5275	204.263
202.8521	204.2677
203.3432	204.8041
203.9475	205.5299
204.222	205.7774
204.448	206.0063
204.5553	206.1358
205.1737	206.5784
205.2759	206.6493
205.4195	207.034
205.4486	206.8937
205.6411	207.2742
206.0214	207.474
206.2249	207.7165
206.2546	207.9772
206.3109	208.0997
206.4914	208.185
206.5655	208.278
206.5808	208.4703
207.1855	208.5848
207.2246	208.7728
207.3217	208.9004
207.4925	209.041
207.7054	209.2016
207.7565	209.2827
207.941	209.5088
208.0351	209.6307
208.7387	210.2162
208.9478	210.3808
209.2337	210.7621
209.6874	211.2017
209.8402	211.3272
209.9141	211.5573
210.072	211.4892
210.3709	211.7229
210.4878	211.9263
210.5357	212.0187
210.9654	212.5261
211.2446	212.8227
211.2626	212.8318
211.343	212.9408
211.8429	213.3913
212.5378	214.0498
213.0103	214.4046
213.5645	215.0946
213.9139	215.3701
214.2171	215.5996
215.0759	216.6176
215.1093	216.7852
215.3359	216.858
215.4222	217.0073
215.5707	217.1222
215.8385	217.3091
215.993	217.7766
216.0934	217.8752
216.165	218.1924
216.3211	218.5492
216.4291	218.7242
216.72	218.9887
216.771	219.0116
216.8237	219.0215
216.8496	219.0523
217.0667	219.3838
217.0899	219.4555
217.3493	219.6285
217.4274	219.6891
217.5518	219.7297
217.6999	219.7732
217.8558	219.6019
218.4182	219.9521
218.9248	220.3268
219.0001	220.6471
219.0207	220.6442
219.354	220.9988
219.56	221.1128
219.6884	221.152
220.2318	221.7242
220.2449	221.9058
220.3073	222.0596
220.3885	222.0475
220.424	222.0667
220.8454	222.4291
220.9277	222.2836
221.2108	222.7189
221.3113	222.7327
221.5687	223.0937
222.0012	223.5093
222.1053	223.4127
222.391	223.9042
222.5751	224.1938
222.6393	224.3946
222.6781	224.3155
222.9729	224.6075
223.1602	224.6164
223.2528	224.6634
223.9361	225.4934
223.9726	225.8714
223.9817	225.694
224.0355	225.845
224.1207	226.0764
224.4049	226.1925
224.422	226.2719
224.4594	226.1446
224.8915	226.4036
224.978	226.5767
224.995	226.5375
225.2508	226.868
225.4674	227.0574
225.4972	226.9343
226.7047	228.1452
226.9308	228.3956
227.1209	228.7459
227.6752	229.2425
227.7762	229.541
227.7801	229.4896
227.7845	229.5285
228.5673	230.1199
228.7277	230.0736
228.8944	230.4428
228.9909	230.409
229.1536	230.7162
229.1916	230.9293
229.2865	230.8625
229.7086	231.2776
230.5383	232.1236
230.6243	232.013
230.9456	232.4317
231.7575	233.1048
232.0806	233.5157
232.4854	234.0707
232.5188	233.9588
233.0386	234.5149
233.1789	234.7515
233.2343	234.6888
233.6451	235.037
234.1532	235.8277
234.2026	235.9171
234.7606	236.151
234.9678	236.3738
235.1649	236.6663
235.1863	236.7019
235.4574	236.8869
235.7835	237.2408
235.9024	237.2709
236.0263	237.5061
236.2753	237.77
236.3857	237.9333
237.0129	238.5036
237.1132	238.5908
237.2068	238.6091
237.418	238.8949
237.959	239.7957
237.9601	239.7495
238.1241	239.9878
238.2899	239.9512
239.7324	241.1218
240.189	241.5418
240.3127	241.8678
240.3304	241.9004
241.1733	242.7816
241.1952	242.5941
241.4167	242.8146
241.5731	243.0088
242.022	243.6108
242.2883	243.6507
242.4047	244.2169
242.4139	244.3292
242.4371	244.159
242.5706	244.345
243.0444	244.5796
243.0464	244.5381
243.1715	244.6074
243.824	245.2355
244.3506	245.9195
244.8226	246.3351
244.8655	246.6151
245.1218	246.5035
245.3283	246.7373
245.3744	246.9995
245.5478	246.9311
246.0587	247.7243
246.0949	247.8712
246.1824	247.8478
246.1864	247.9534
247.2729	248.7591
247.3524	249.1837
247.5084	249.2612
247.5938	249.2843
247.7765	249.4143
247.8636	249.51
248.1293	249.4699
248.3227	249.8233
248.5769	249.9453
248.7773	250.3141
248.8748	250.2391
249.0451	250.4448
249.3018	250.8019
249.7675	251.1678
249.9646	251.5234
250.0694	251.7715
250.0997	251.8999
250.2099	252.0465
250.4101	252.077
250.479	252.0645
251.6961	253.1656
251.9003	253.2411
252.2528	253.5977
252.6156	254.1732
252.7059	254.4338
252.715	254.5929
252.8113	254.6629
252.9264	254.6459
253.5957	255.123
253.8113	255.1957
254.2191	255.6736
254.2978	255.7921
254.6263	256.03
254.9208	256.381
255.1093	256.7212
255.1917	257.1859
255.234	257.0678
255.2409	257.1857
255.2746	257.3527
255.4118	257.2658
255.5855	257.4555
255.8148	257.5002
256.0051	257.493
256.1436	257.6332
256.6346	258.2069
256.9564	258.5443
257.0608	258.5784
257.1938	258.7154
257.629	259.1443
258.3701	259.8908
260.3009	261.7347
260.5172	261.9447
260.7201	262.2756
260.9813	262.3213
261.3623	262.8479
261.8825	263.426
262.0209	263.615
262.4128	263.8807
262.6566	264.2861
262.7146	264.5042
262.8413	264.7073
262.9325	264.8763
262.9357	264.9392
263.0313	264.9568
263.171	265.0878
263.4001	265.293
263.4604	265.303
263.4931	265.5366
263.7092	265.6389
264.0657	265.5505
264.234	265.8636
264.421	265.7509
264.7486	266.1567
265.037	266.6376
265.3946	266.6981
265.9536	267.4197
266.1112	267.5721
266.4338	267.8949
267.0879	268.6073
267.7226	269.1765
267.8165	269.497
267.8427	269.3291
267.9852	269.4652
268.4652	270.1246
268.73	270.2279
268.9136	270.4361
269.0079	270.4222
269.0243	270.5545
270.384	271.9978
270.5358	272.7299
270.5515	272.65
270.6238	272.7183
270.6444	272.7858
270.699	272.7817
270.8618	272.7891
270.8972	273.0148
271.6087	273.1361
271.8564	273.2512
271.8888	273.3937
272.2028	273.6966
272.287	273.8509
272.5432	274.0778
272.5482	274.0389
272.6624	274.351
272.7157	274.3957
272.7273	274.4441
273.1387	274.6564
273.3883	274.858
273.4682	275.0554
273.8294	275.3757
274.043	275.5751
274.0776	275.7775
274.1559	275.9091
274.3142	276.1662
274.3314	276.2849
274.6269	276.3032
274.7739	276.3946
274.9686	276.4579
276.1943	277.5713
276.9513	278.5055
277.5213	279.0539
277.5739	279.0537
277.7832	279.5966
277.7864	279.3835
277.8017	279.6117
277.9129	279.6239
278.1293	279.7971
278.2813	279.9058
278.4798	279.9068
278.7433	280.5229
278.8168	280.4671
279.018	280.5652
279.3376	280.8289
279.3601	280.8661
279.572	281.3636
279.5925	281.4949
279.5936	281.4071
279.653	281.604
279.8671	281.6113
279.9048	281.6707
280.5008	282.089
280.5348	282.1539
280.8952	282.2485
281.1302	282.5038
281.7272	283.0717
281.8823	283.2887
281.9482	283.3469
282.3777	283.751
282.4904	284.0647
282.8284	284.3626
282.892	284.3725
283.2811	284.7106
283.342	284.7458
283.5115	284.9977
283.5834	285.504
283.6367	285.5364
283.6406	285.6269
283.7343	285.8273
283.9903	285.7926
284.0671	286.0699
284.1143	286.0708
284.2618	286.0292
284.334	285.9881
284.9444	286.44
285.0737	286.5095
285.1464	286.7417
285.479	287.2723
285.4842	287.3663
285.5123	287.4166
285.5245	287.444
285.7643	287.4048
286.4977	287.9498
286.5276	288.1835
286.6883	288.1374
286.7771	288.4172
287.0527	288.4293
287.0882	288.6803
287.7504	289.1715
288.0098	289.4905
288.0624	289.8435
288.1312	289.9041
288.181	290.044
288.2368	290.0858
288.2678	290.1112
288.4877	290.2216
288.8444	290.3375
289.0436	290.3643
289.2131	290.5469
289.8333	291.2845
290.2541	291.7243
290.4366	291.8709
291.0371	292.6676
291.0688	292.9149
291.1154	292.9479
291.2621	293.0753
291.4998	293.4037
291.6866	293.4415
291.721	293.5957
291.725	293.5288
292.0871	293.9519
292.1075	293.8831
292.3234	293.8957
292.674	294.1998
292.6937	294.4364
292.8202	294.6445
292.8967	294.5276
293.6367	295.2622
293.6389	295.342
293.9919	295.4743
294.4427	296.1339
294.4554	296.1196
295.0907	296.7249
295.099	296.825
295.2505	296.8709
295.6381	297.1545
295.7052	297.3306
296.5195	298.0734
296.7083	298.11
296.9396	298.4477
296.9752	298.5371
297.085	298.7098
297.2724	298.6818
297.4107	298.9812
297.5046	298.9436
297.6456	299.0665
297.7075	299.3831
298.0358	299.656
298.1055	299.7736
298.3546	299.8174
298.5503	300.1328
298.5808	300.2141
298.6615	300.5134
298.7816	300.545
298.8516	300.6883
298.8954	300.7134
299.6465	301.1212
299.8548	301.4675
299.8745	301.6492
299.8747	301.7681
299.9902	301.8252
300.0008	301.7988
300.2907	302.0152
300.4552	301.9885
300.7024	302.2817
300.7701	302.3509
301.1389	302.7631
301.143	302.7919
301.4832	302.8131
303.1057	304.6669
303.1604	304.6094
303.2297	304.7448
303.7523	305.0652
304.2579	305.903
304.5148	306.0491
304.5795	305.9728
304.7276	306.2621
305.2206	306.6405
305.3534	306.8431
305.5287	306.8485
305.6755	307.1458
305.7389	307.2887
305.9327	307.4802
306.2114	307.6698
306.381	307.9107
306.5165	308.0849
306.7087	308.2381
306.975	308.5744
307.027	308.5272
307.1593	308.7677
307.6863	309.2899
307.7067	309.1817
308.0888	309.6719
308.1787	309.5767
308.3631	310.0971
308.3906	310.0777
308.4837	310.2309
308.6877	310.3072
308.9364	310.4682
309.4321	310.9882
309.5949	311.0667
310.4377	311.7694
310.6025	312.0931
310.8653	312.2336
311.7399	313.2035
311.8754	313.4322
311.9984	313.5867
312.1172	313.5657
312.2231	313.7615
312.9462	314.5207
313.1601	314.6681
313.1856	314.7604
313.4739	314.9165
313.5077	314.9832
313.6871	315.3825
314.3309	315.961
314.3459	316.009
314.5899	315.9007
314.9092	316.3081
315.0406	316.5607
315.125	316.7193
315.3305	316.8634
315.4328	317.0875
315.4838	317.3339
315.5162	317.4211
315.7363	317.5838
315.7695	317.7727
315.7928	317.7269
316.3117	318.1069
316.4762	318.1242
316.5437	318.2032
316.9315	318.6161
317.0498	318.6203
317.2281	318.964
317.3093	318.9143
317.3176	319.1184
317.4554	319.0835
318.6722	320.2354
318.7836	320.495
318.8095	320.4802
318.9729	320.8477
319.0915	320.7526
319.4111	320.9668
319.7725	321.244
320.2775	322.0788
320.3159	322.0264
320.3665	322.1146
320.5253	322.2582
321.1607	322.4997
321.3064	322.6114
321.4369	322.8567
321.726	323.1151
322.0654	323.6227
322.1657	323.7966
322.2286	323.7605
322.971	324.3251
323.1103	324.5878
323.1603	324.6132
323.6821	325.2798
323.7672	325.4034
323.8245	325.625
323.8277	325.4557
324.025	325.5862
324.1392	325.8674
324.2058	325.7363
324.626	326.1068
324.731	326.2241
324.7604	326.3917
325.4807	326.853
325.9091	327.504
325.9139	327.7115
325.916	327.4515
326.2544	327.7348
326.5512	328.0423
326.767	328.2391
326.9197	328.4537
327.1134	328.5041
327.1631	328.8465
327.1906	328.7584
327.6852	329.2633
328.0306	329.4172
328.3693	329.7566
328.4574	329.9111
328.7495	330.3132
328.8366	330.5313
328.9557	330.4513
329.3265	331.0256
329.3309	330.8503
329.4246	331.1415
329.5649	331.5145
329.5694	331.7145
329.5869	331.6937
329.7374	331.9118
329.7602	332.1158
329.7836	332.0673
329.8934	332.22
330.0398	332.1952
330.0424	332.3924
330.1042	332.3963
330.3378	332.5097
330.7703	332.8335
330.7838	332.7326
330.9618	332.8398
330.992	332.9835
331.1152	332.9295
331.2439	332.9524
332.2656	333.801
332.482	334.1476
332.5601	334.4119
332.7586	334.7291
332.8623	334.757
333.0045	334.6265
333.3908	335.2451
333.4147	335.3689
333.497	335.451
333.5997	335.5357
333.6191	335.5593
333.7597	335.7133
333.7685	335.7352
334.191	336.0923
334.2965	336.0051
334.4061	336.2757
334.8831	336.4277
335.2311	336.7819
335.4577	336.8497
335.8713	337.2325
336.1433	337.4714
336.3027	337.7556
336.5136	338.045
336.6473	338.0104
336.7981	338.3472
337.3889	338.9081
337.5283	339.3908
337.5445	339.3118
337.5672	339.2653
337.601	339.4447
337.7975	339.3468
338.2807	339.8896
338.3162	339.9018
338.4742	339.8682
338.5273	340.0457
338.7868	340.2428
339.6681	341.0269
340.176	341.7682
340.1961	341.757
340.444	342.0894
341.1253	342.6636
341.6601	343.0696
341.7599	343.3401
341.8246	343.3771
342.7467	344.387
342.7926	344.4217
342.8192	344.3433
343.5672	345.0489
343.6136	345.3901
343.7219	345.5893
343.8705	345.6714
344.154	345.586
344.419	345.851
345.2938	346.6004
345.4786	346.8568
345.6155	347.3926
345.6409	347.5336
345.643	347.5212
345.6454	347.3508
346.6041	348.0816
346.8379	348.1436
346.9347	348.3865
347.3245	348.7946
347.5509	349.1406
347.6144	349.1724
347.8862	349.4552
347.9271	349.5688
348.2109	349.7328
348.649	350.0369
349.138	350.5717
349.248	350.7977
349.3253	350.8707
349.6641	350.9742
349.8382	351.4213
349.8549	351.5367
350.1527	351.7962
350.8452	352.4073
351.1956	352.6825
351.6858	353.4963
351.7095	353.4645
351.964	353.5508
352.5255	354.0763
352.6355	354.2203
352.993	354.8747
352.9931	354.8184
353.0001	354.9493
353.2637	355.2852
353.41	355.3836
353.4918	355.3221
353.5387	355.2704
354.0451	355.3541
354.1637	355.6063
354.5478	356.2563
354.678	356.3311
354.7692	356.4406
354.8835	356.3986
355.6669	357.2111
355.7957	357.2258
355.8583	357.4707
355.9431	357.5765
356.1005	357.6106
356.8686	358.4059
356.8853	358.6457
356.9598	358.5497
357.504	358.9967
357.7008	359.0588
358.1188	359.5564
358.149	359.676
358.4958	360.0636
358.5074	360.0846
358.9196	360.4647
359.1046	360.6387
359.6407	361.2788
359.6423	361.1225
359.8083	361.4369
360.0241	361.6498
360.0782	361.6427
360.3569	361.718
360.4805	361.863
360.622	362.0302
360.8537	362.2491
361.2974	362.9534
361.5824	363.2837
361.7034	363.3242
362.1904	363.6957
362.4212	363.7866
362.5687	364.108
362.8052	364.1748
362.9567	364.4751
362.9744	364.4487
363.4104	364.9864
363.5211	365.1212
363.5398	365.301
363.5795	365.2182
363.752	365.5659
363.7957	365.3759
364.3506	365.7856
364.3518	365.9487
364.5496	366.1047
364.9396	366.6491
364.9402	366.617
365.3372	366.8694
365.8647	367.3175
366.1031	367.7032
366.1119	367.6853
366.4524	367.9029
366.9736	368.5375
367.0677	368.611
367.4588	368.9548
367.5971	369.041
368.3528	369.7757
368.4442	369.95
368.5077	370.02
368.7966	370.3175
369.1577	370.6345
369.2122	371.0167
369.2779	371.0965
369.4691	370.9584
369.5123	371.1939
370.8157	372.365
370.9854	372.3493
371.2232	372.81
371.5065	372.9344
371.5606	373.0037
371.7203	373.3444
371.778	373.6397
371.8374	373.5229
371.8589	373.6764
371.9548	373.9181
371.9834	373.991
372.0614	374.0426
372.2753	374.2036
372.4	374.2781
372.4088	374.2241
372.5049	374.2968
373.4054	374.8448
373.5057	375.0615
373.7668	375.1789
373.8112	375.2831
373.8527	375.4983
374.027	375.6519
374.1916	375.6705
374.3218	375.9914
374.7801	376.3104
375.0281	376.5681
375.0367	376.6516
375.1628	376.6746
375.6809	377.3926
375.7107	377.4315
375.8543	377.5462
376.374	377.8034
377.2265	378.5344
377.6127	379.1043
377.976	379.5193
378.025	379.6197
378.3098	379.8727
378.3744	379.9358
379.4017	380.9666
379.6529	381.1145
379.7136	381.14
379.7652	381.3956
379.9534	381.4598
380.0034	381.7546
380.0139	381.7193
380.2645	381.8663
380.4652	381.9462
381.1423	382.5365
381.2791	382.7737
382.3256	383.866
382.3867	384.0822
382.7539	384.4831
382.8753	384.7985
382.9622	384.8552
383.1336	385.0076
383.1573	384.9238
383.9982	385.397
385.2476	386.8386
385.6257	387.0178
385.7708	387.1543
386.5399	388.0349
386.541	388.0005
386.7689	388.26
387.2802	388.6546
387.5174	389.0199
387.8198	389.4559
388.6679	390.0536
388.7488	390.3331
388.853	390.6765
388.8908	390.7861
388.942	390.758
388.959	390.8002
389.1587	390.6908
390.2525	391.803
391.3983	392.8261
391.6679	393.0857
392.1152	393.6276
392.2421	393.9283
392.3761	393.841
392.5288	394.3003
392.5576	394.2469
392.616	394.3431
392.9131	394.435
393.1149	394.6942
393.3131	394.9058
393.3398	394.7436
394.3405	395.8304
394.5745	396.0863
394.6802	396.265
394.9131	396.3782
394.9978	396.367
395.2581	396.67
395.7495	397.2056
396.0583	397.6026
396.1274	397.5574
396.8644	398.3726
396.9524	398.4444
396.9577	398.4443
397.1231	398.7272
397.3282	399.1262
397.339	399.1359
397.3636	398.9395
398.1004	399.7206
398.1713	399.6736
398.3504	399.8476
398.9323	400.452
398.9866	401.0114
399.205	401.4999
399.6443	401.7154
399.7849	401.8333
400.0621	402.2696
400.1295	402.3086
400.1816	402.1521
400.3409	402.4589
400.9011	402.7038
400.9338	402.8778
401.0217	402.8411
401.1569	402.9994
401.3481	402.8797
401.6207	403.1292
401.7968	403.2543
401.8357	403.3267
401.9819	404.0661
401.9948	404.0231
402.0662	404.0703
402.0962	404.1884
402.1216	404.2447
402.2301	404.1304
402.2346	404.1683
402.6935	404.4372
403.0946	404.5933
403.1277	404.5466
403.3036	404.6567
404.0187	405.7429
404.1684	406.2909
404.1912	406.3212
404.2767	406.3181
404.5937	406.4499
404.8828	406.6204
405.5802	407.0819
405.6709	407.1584
405.6912	407.281
405.8976	407.4554
406.0033	407.5064
406.5852	407.909
407.1595	408.8255
407.1777	408.8358
407.558	408.922
407.829	409.271
407.9043	409.468
408.4107	410.0869
408.5185	410.0513
409.0362	410.6215
409.4483	410.9887
409.5067	411.4099
409.5395	411.4279
409.5443	411.3308
409.553	411.4607
409.8809	411.628
410.0856	411.7328
410.3744	411.7859
410.4997	411.8408
410.6752	412.3313
410.7784	412.6175
410.8768	412.726
411.0428	412.9048
411.0936	412.8289
411.4164	413.0424
411.4975	413.1655
411.7806	413.2665
412.1673	413.7006
413.649	415.2085
413.7579	415.242
413.9076	415.4018
414.3015	415.8306
414.3217	416.1159
414.4526	416.2221
414.4742	416.1492
415.116	416.4775
415.3184	416.7325
415.4629	416.9962
415.5543	417.1478
415.8821	417.2732
416.1254	417.5141
416.5713	418.1075
416.8059	418.33
417.1591	418.6391
417.3841	418.7822
417.4012	419.0013
417.6925	419.0526
417.7515	419.1266
418.23	420.0592
418.3001	420.4232
418.4545	420.3443
418.5562	420.4423
418.7568	420.5881
418.8356	420.7106
419.6046	421.063
419.6965	421.2198
419.8676	421.6729
419.9834	421.838
419.9871	421.7284
420.0889	421.982
420.1263	422.0391
420.5374	421.9137
420.8263	422.4515
420.8467	422.3288
421.1033	423.0243
421.1169	423.0325
421.3147	423.2642
421.3802	423.2829
421.4125	423.2234
421.5713	423.2098
421.8742	423.2831
422.0826	423.4958
422.9323	424.3762
423.1444	424.596
424.2259	425.5737
424.3819	425.9218
425.8911	427.4847
425.9101	427.5831
425.9754	427.7717
426.7096	428.3588
426.8233	428.5593
426.8312	428.6579
426.8557	428.6238
427.2785	428.8187
427.5244	428.9326
427.8453	429.3781
428.3013	429.8481
428.502	430.2747
428.5082	430.1938
428.6246	430.8161
428.6356	430.7996
428.6596	430.8323
428.7035	430.7382
428.716	430.7693
428.7293	430.9265
429.1914	431.214
429.287	431.1762
429.3867	431.3513
429.5175	431.4079
430.0389	431.4361
430.1782	431.676
430.4508	431.8145
430.7461	432.2799
430.7649	432.3252
431.211	432.6091
431.391	432.9462
431.5412	433.0297
432.1971	433.511
432.4191	433.8837
432.5446	434.48
432.5603	434.3947
432.5693	434.424
433.8277	435.3007
434.1791	435.6808
434.8607	436.41
434.9115	436.7385
434.9837	436.7155
434.9904	436.8384
435.2481	436.7051
435.5594	436.9886
435.6016	437.0917
435.7136	437.4851
435.78	437.5298
435.8746	437.509
435.9029	437.6924
436.1909	437.813
436.2515	438.0591
436.3458	437.9093
436.4963	438.0386
436.5548	438.0248
436.743	438.3137
436.8753	438.2737
437.0637	438.5644
437.1568	438.767
437.7888	439.1619
438.6596	440.4288
438.6709	440.3783
438.734	440.3305
439.0494	440.4118
439.4198	441.0229
439.427	441.1745
439.4446	441.2707
439.5194	441.2209
440.1575	441.8863
440.198	441.8857
441.9416	443.254
442.2329	443.6991
442.4992	443.9663
443.0093	444.5029
443.1439	444.7388
443.2734	444.9288
443.7891	445.3575
444.1005	445.66
444.1882	445.6225
444.2625	445.7458
444.5749	446.0667
444.6036	446.0701
445.119	446.6856
445.778	447.1803
445.8165	447.3733
445.8645	447.4206
446.0162	447.5953
446.8315	448.6573
446.8592	448.8209
446.8742	448.8728
447.0333	448.9485
447.0401	449.1053
447.0427	448.9774
447.0501	449.0173
447.6086	449.3348
447.6646	449.5279
447.7197	449.5609
447.8361	449.6979
448.1236	449.7978
448.2051	449.7371
448.9702	450.3484
449.2032	450.8497
450.5452	452.1151
450.7646	452.4251
450.9034	452.6002
451.3382	452.7135
451.5491	452.8727
452.1476	453.7162
452.6766	454.1884
452.9926	454.5895
453.1616	454.5482
453.3006	454.8715
453.383	454.8467
453.7992	455.5936
453.8162	455.5765
453.9061	455.5835
454.2455	455.842
454.3821	455.9846
454.7178	456.5213
454.7298	456.4643
454.7928	456.6582
454.8084	456.563
454.8933	456.7267
454.9324	456.6778
455.6265	457.2613
455.6399	457.2532
455.7582	457.4523
456.0576	457.4275
456.2813	457.7157
456.6032	458.2885
456.6392	458.1391
456.8458	458.4281
457.0938	458.7655
457.1912	458.83
457.5774	459.1391
457.6536	459.212
457.7963	459.3613
458.0546	459.8712
458.0736	459.6875
458.2019	459.8931
458.2767	459.9218
458.5423	460.3224
458.5766	460.3059
458.6504	460.3255
458.7345	460.5227
459.2077	460.8229
459.5693	461.2696
459.6548	461.2575
459.8372	461.2948
459.998	461.5698
460.2643	461.6115
460.3512	461.6662
460.8655	462.649
460.8772	462.6542
460.8917	462.6276
461.1478	462.8075
461.2495	462.8726
461.6344	463.1481
461.7207	463.2115
462.7532	464.2334
463.1311	464.7887
463.2883	464.7045
463.3856	464.8229
463.6128	465.1433
463.7763	465.2591
464.6902	466.06
464.9393	466.5082
465.0036	466.7697
465.0287	466.7212
465.137	466.9314
465.3941	467.0141
465.4702	467.2023
465.8758	467.4862
466.3451	467.8566
466.6571	468.066
466.8157	468.2588
467.0765	468.5831
467.1645	468.564
467.4566	468.835
467.5482	469.0939
467.8652	469.4799
468.0704	469.4335
468.2701	469.6688
469.0478	470.7832
469.0549	470.5551
470.4143	471.9343
470.5204	471.9963
470.5832	472.1288
470.7204	472.2043
471.2012	472.6868
471.3635	472.9478
471.7311	473.1757
472.05	473.4796
472.2297	473.7085
472.3215	473.6636
472.5566	473.8977
473.0761	474.5878
473.1299	474.8743
473.1834	475.0514
473.2599	475.2452
473.3199	475.3554
473.3424	475.3504
473.427	475.5838
473.6473	475.6347
473.7783	475.9012
473.8145	475.8037
473.986	475.7661
474.1077	475.8519
474.2757	475.9028
474.6702	476.1022
474.805	476.2257
475.6707	477.197
476.0672	477.785
476.1521	477.9062
476.2663	477.8703
476.3252	477.9223
476.6402	478.0349
476.7413	478.1074
477.6715	479.0088
478.2081	479.8559
478.4988	480.0127
478.4997	480.0718
478.7096	480.079
478.8023	480.4134
478.9482	480.4305
479.379	481.1493
479.4149	481.0896
479.5692	481.1816
479.7422	481.1006
480.0854	481.5684
480.1546	481.7249
480.2739	481.7243
481.1095	482.8135
481.1382	482.7316
481.7059	483.0063
482.0467	483.561
482.1252	483.741
483.0841	484.4293
483.6241	485.2651
483.6496	485.1791
483.7078	485.3429
483.7596	485.3102
484.785	486.3406
485.4004	486.9262
485.5027	487.0548
485.8301	487.3952
486.1699	487.5158
486.3242	487.8864
486.3332	487.9133
486.4086	488.0149
486.7576	488.2048
486.7972	488.306
487.285	488.861
487.5928	489.1435
487.8238	489.317
487.8645	489.2471
488.0733	489.5585
488.1257	489.5948
488.9717	490.822
488.9786	490.7036
489.2803	490.8969
489.7939	491.2197
490.082	491.4739
490.1499	491.6506
490.2391	491.7941
490.7181	492.0854
490.8999	492.3332
491.0031	492.7599
491.0125	492.5879
491.0572	492.7391
491.5168	493.0434
492.0358	493.6001
492.1186	493.6922
492.4979	493.9829
492.827	494.1787
493.0256	494.6717
493.0914	494.676
493.1333	494.7779
493.4406	494.8781
493.4809	495.0508
493.542	495.0293
493.696	495.3122
493.75	495.4608
493.7947	495.2938
494.0641	495.6271
494.2446	495.685
494.9835	496.5432
495.0915	496.4617
495.232	496.5721
495.5157	496.951
495.7079	497.0778
496.0834	497.5767
496.6784	498.2668
496.6947	498.255
496.8028	498.4338
497.3151	498.8137
498.3482	499.7869
498.5004	500.0028
498.5611	500.223
498.5914	500.2526
498.9611	500.316
499.2401	500.6558
499.3026	500.8382
499.5131	501.0342
499.5277	500.9459
499.9915	501.4288
500.3035	501.7405
500.3747	501.7632
500.5049	502.038
500.6942	502.2079
500.7196	502.4369
501.0152	502.4765
501.6536	503.0646
501.7615	503.1933
502.6161	504.0968
502.6484	504.223
502.8029	504.3865
503.0668	504.7316
503.1017	504.7158
503.5138	505.118
503.7103	505.1792
503.9103	505.6022
504.0154	505.7514
504.1121	505.7416
504.2731	505.6928
504.5033	505.9317
504.6923	506.1738
505.079	506.6877
505.1447	506.6515
505.2075	506.7625
505.5041	507.1308
505.5304	506.9674
505.7333	507.1224
505.8359	507.5249
505.9885	507.8511
506.0929	507.9041
506.205	507.857
506.4395	508.0352
506.5359	508.1575
507.2066	508.6916
507.3765	508.8938
507.6482	509.3067
508.2099	509.7343
508.6239	510.1415
508.9522	510.5517
509.2015	510.7049
509.4191	510.8148
509.4614	510.9633
510.0551	511.4257
510.2336	511.7032
510.6084	511.9389
510.9092	512.2561
511.0878	512.6531
511.1999	512.7547
511.7782	513.4303
511.801	513.2445
512.1434	513.5214
512.4423	513.9086
512.9726	514.3548
513.141	514.6464
513.1642	514.8248
513.6844	515.2234
513.6926	515.282
514.2662	515.8075
514.6679	516.2128
515.0402	516.4708
515.2534	516.9726
515.2821	517.0701
515.3446	517.1849
515.4091	517.2379
515.672	517.3891
515.7258	517.5394
515.8347	517.73
516.021	517.6296
516.3792	518.1969
516.4133	518.306
516.4616	518.3293
516.5493	518.5864
516.597	518.644
516.7073	518.8661
516.8397	518.8184
516.8497	518.8633
516.9559	518.8569
517.0843	519.0615
517.6214	519.1676
518.1969	519.7998
518.2141	519.6882
518.3001	519.7703
518.5865	519.9664
519.1382	520.5892
519.4336	521.1125
519.4815	521.0638
519.9085	521.3237
520.3049	521.667
520.6562	522.2543
520.7528	522.1959
521.1338	522.7048
521.2139	522.9461
521.248	523.1193
521.2647	523.3913
521.3264	523.3403
521.4642	523.3969
521.5939	523.607
521.644	523.466
522.0678	523.6367
522.188	523.8377
522.3779	523.8042
522.7176	524.1297
523.2	524.5616
523.314	524.7397
523.3884	524.8826
523.4496	525.0674
523.7458	525.5538
523.7875	525.4153
523.995	525.793
524.4238	526.2082
524.4508	526.1822
524.4542	526.2573
524.7254	526.6918
524.7394	526.7383
524.8028	526.6501
524.9115	526.8315
524.9852	527.0222
525.1317	527.0439
525.343	527.1175
525.4495	527.0623
525.6108	527.1166
525.8952	527.4447
526.0007	527.5336
526.0289	527.7009
526.072	528.0261
526.1777	528.2912
526.2233	528.1346
526.3107	528.2849
526.3307	528.384
526.5378	528.4479
527.0346	528.51
527.2047	528.8057
527.6761	529.2451
527.8335	529.277
527.8653	529.4818
528.0999	529.6973
528.1014	529.7801
528.5299	530.1153
528.5822	530.3632
528.6635	530.3706
529.3939	531.1231
529.4899	531.0725
529.7542	531.2699
530.084	531.6244
530.6122	532.177
530.7991	532.2026
530.9497	532.5185
530.9962	533.0257
530.9977	532.9423
531.0646	533.1703
531.0825	533.1502
531.1161	533.3297
531.3426	533.6456
531.3719	533.6619
531.5842	533.5548
531.7218	533.6186
531.7278	533.6231
532.0273	533.6834
532.3806	533.8806
532.7535	534.1204
532.8344	534.248
533.1871	534.7562
533.3067	534.9775
533.3771	534.7652
533.5658	535.1528
533.8048	535.4392
534.4033	535.7998
535.2765	536.7323
535.316	537.0062
535.4009	537.0796
535.4776	537.1216
536.5747	537.9744
536.7226	538.2793
536.8547	538.5827
536.8747	538.556
536.9388	538.5757
537.0469	538.8574
537.0493	538.9198
537.3062	539.1988
537.3555	539.3082
537.4425	539.5672
537.4538	539.4759
537.9287	539.7531
537.9969	539.7324
538.0723	539.7257
538.7446	540.1618
538.7965	540.4134
538.9605	540.4136
539.1555	540.5763
539.1648	540.733
539.7829	541.3053
539.9699	541.4696
540.3254	541.8447
540.4821	541.8789
540.8985	542.5024
541.2073	542.7314
541.2937	542.7989
541.6827	543.2821
541.7086	543.2717
541.7731	543.3209
541.8375	543.4838
542.0044	543.7292
542.4298	543.9931
542.6502	544.1038
542.7401	544.1356
543.2504	544.654
543.5035	544.8184
543.9161	545.3577
544.1256	545.6401
544.1467	545.5919
544.3496	545.7644
544.7823	546.1498
545.0329	546.6009
545.0624	546.5263
545.8588	547.2452
546.1932	547.638
546.2213	547.7013
546.6856	548.0315
547.871	549.3724
548.2396	549.7631
548.7224	550.2736
549.2585	550.7419
549.3627	550.828
549.5108	551.0722
549.6361	551.0205
549.7582	551.2881
550.6167	551.9505
550.7898	552.3045
550.9735	552.5442
551.0074	552.6498
551.1843	552.6353
551.8965	553.279
552.5189	554.2184
552.5692	554.0873
552.6001	554.3226
552.6739	554.3765
553.2798	554.7842
553.5103	555.0086
554.218	555.6696
554.4197	555.7809
554.5682	556.0013
554.8946	556.4213
555.0305	556.3635
555.5634	557.0975
555.7928	557.3374
555.927	557.4854
555.9479	557.4851
556.2459	557.837
556.3052	557.8348
556.4149	558.0105
556.5054	558.3805
556.5392	558.5692
556.6499	558.4933
556.6729	558.6753
556.6888	558.5305
557.0336	558.6113
557.4323	558.8698
557.5058	558.9277
557.6964	559.2504
557.7301	559.3503
557.9561	559.5067
558.0899	559.7551
558.131	559.6742
558.2217	559.7864
558.3611	559.9077
558.46	560.0282
558.7903	560.4081
558.8233	560.3671
558.8558	560.456
560.0283	561.5051
560.3486	561.7362
560.6814	562.229
560.7681	562.3426
561.0019	562.4301
561.0499	562.583
561.2401	562.8053
561.3742	562.8936
562.1461	563.6808
562.9761	564.5198
563.7901	565.2967
563.9025	565.3351
564.0478	565.6032
564.4747	566.0982
564.5861	566.0975
565.0417	566.8727
565.1206	567.0228
565.1321	567.1211
565.3094	567.3932
565.4249	567.3908
565.4748	567.3272
565.5111	567.4441
565.8025	567.5223
566.5268	568.0384
567.0454	568.6115
567.1513	568.9205
567.1883	568.8926
567.3794	569.006
567.5239	568.9899
567.7389	569.327
567.8402	569.387
568.1241	569.6976
568.2688	569.745
568.3619	569.7727
568.5442	569.8948
568.6209	570.1373
568.6642	570.4335
568.7342	570.5407
568.8626	570.6497
568.9899	570.5291
569.1757	570.5708
569.341	570.9791
569.5809	571.5096
569.6094	571.4974
569.835	571.7428
569.8633	571.76
570.6467	572.0271
570.7045	572.1761
570.7265	572.2718
571.0226	572.5398
571.0946	572.715
571.1974	572.5331
571.8359	573.2118
572.1052	573.6149
572.3832	573.7302
572.7863	574.2095
573.214	574.7975
573.2761	575.0802
573.2851	575.1633
573.4958	575.3111
573.5447	575.4815
574.1264	575.604
574.8376	576.2575
574.8778	576.5317
574.9953	576.385
575.4273	576.9368
575.5944	577.0885
575.7556	577.1477
576.3977	577.9438
576.7567	578.0639
576.8654	578.4699
576.8817	578.573
576.9562	578.655
577.0567	578.5262
577.369	578.7023
577.535	579.0784
577.6156	579.4082
577.6407	579.4645
577.7182	579.4668
577.7687	579.5008
578.2196	579.7879
578.8978	580.3508
579.0943	580.835
579.1243	581.1161
579.1517	581.1005
579.1601	581.17
579.161	581.1688
579.5635	581.4739
579.6574	581.5106
579.7119	581.5714
580.1927	581.6366
580.765	582.4317
580.9232	582.356
581.0777	582.5797
581.797	583.3759
581.8793	583.3451
581.9466	583.3142
582.2113	583.677
582.2964	583.693
582.446	583.9871
582.6872	584.108
583.2452	584.7041
583.2673	584.8525
583.5579	584.8942
584.1106	585.8235
584.1819	585.9689
584.2833	586.0441
584.3042	585.9847
584.5644	586.249
584.7244	586.2911
584.9277	586.5094
584.9959	586.6012
585.5355	586.8481
585.9174	587.5213
586.1147	587.7776
586.1755	587.6995
586.5953	588.1056
586.9751	588.3515
587.0768	588.5061
587.4905	588.7963
587.9548	589.4425
589.0045	590.6211
589.0677	590.7279
589.4997	590.9443
589.7448	591.0985
589.8819	591.304
590.0042	591.4514
590.176	591.8539
590.2646	591.9744
590.3283	591.9555
591.2251	592.6446
591.7155	593.081
591.9027	593.295
592.2636	593.7413
592.6306	594.3007
592.6763	594.2155
592.7834	594.3913
593.7514	595.2927
593.8098	595.4204
594.3016	595.886
594.6542	596.167
594.7047	596.4269
595.0357	596.4418
595.4174	596.8322
595.8457	597.431
596.0453	597.6258
596.4037	597.8331
596.8918	598.4734
596.8988	598.5392
596.9615	598.4568
597.2388	598.6449
597.5328	599.2395
597.6404	599.1918
598.0376	599.5564
598.2717	599.844
598.3545	599.7072
598.5628	599.9624
598.7377	600.2039
598.9128	600.3813
599.9601	601.5646
599.9731	601.7013
600.0154	601.721
600.5659	602.1453
600.6364	602.451
600.7237	602.3388
600.8203	602.3023
601.2229	602.7253
601.3266	602.9207
601.3809	602.9627
602.305	603.661
602.5003	603.9992
602.7095	604.1697
602.768	604.1648
603.0828	604.5582
603.2377	604.655
603.4843	604.9405
603.663	605.1635
603.7008	605.4484
603.7501	605.4989
603.851	605.7035
603.9399	605.678
604.3702	605.9971
604.4102	605.9368
604.9463	606.5313
605.1812	606.7385
605.4173	606.8917
605.7627	607.1054
606.0831	607.558
606.4275	607.9868
606.5523	608.2552
606.5975	608.1706
606.6016	608.239
607.2617	608.992
607.3285	609.1727
607.3854	609.1037
607.4391	609.3018
608.8682	610.3158
608.8957	610.3645
608.9858	610.4573
609.1302	610.713
609.1585	610.5973
609.3553	610.8252
609.3645	610.9761
609.5278	611.1896
609.5668	611.2825
609.6457	611.2792
609.8401	611.5377
609.9025	611.5408
610.5838	612.3236
610.6855	612.3734
610.6973	612.2688
611.134	612.5214
611.1628	612.5927
611.2922	612.8661
611.3618	612.7912
611.5362	613.0806
612.0575	613.4163
612.5785	613.9249
613.0761	614.6267
613.7592	615.2111
613.8905	615.4956
613.9141	615.5852
614.3687	615.6907
614.4723	616.1524
614.484	615.9661
614.8727	616.2537
615.6402	617.0118
615.7322	617.2069
615.9115	617.4082
615.9202	617.4715
616.1058	617.461
616.1626	617.5303
616.3459	617.695
616.5368	618.0377
617.0496	618.3862
617.1755	618.7305
617.2343	618.8658
617.3997	618.9067
617.7115	619.2127
618.1904	619.5993
618.2326	619.7688
618.4735	619.8872
618.9707	620.3148
619.2042	620.5322
619.7322	621.2239
619.8333	621.6661
619.9151	621.545
620.1512	621.5513
620.3933	621.9108
620.5051	622.2623
620.5149	622.2794
620.9108	622.4785
621.8338	623.3677
621.8636	623.5105
622.529	624.0704
623.0244	624.5427
623.2614	624.6237
623.3745	624.7035
623.6131	624.9696
624.0349	625.5892
624.2208	625.6003
624.586	626.0867
624.6152	626.1929
624.6622	626.3862
625.022	626.6592
625.5636	627.0366
625.9162	627.6555
626.4745	627.8757
626.5761	628.0182
626.669	628.1418
626.9659	628.45
627.262	628.7282
627.6139	629.1531
627.6714	629.2652
627.8792	629.313
628.134	629.7204
628.2557	629.9197
628.3104	630.0051
629.1641	630.729
629.2792	630.6782
629.518	631.1139
629.7071	631.2167
629.9834	631.331
630.1277	631.7559
630.2028	631.892
630.254	631.8596
630.6484	632.1156
630.9362	632.5621
630.9662	632.6398
631.0552	632.6946
631.2399	632.6192
631.3792	632.8954
632.1702	633.6864
632.1761	633.7448
632.8076	634.3622
633.0064	634.4242
633.0799	634.7691
633.1571	634.719
633.2228	634.6561
633.7387	635.176
634.0323	635.4558
634.2824	636.2527
634.2914	636.2103
634.2989	636.1915
634.5361	636.6181
634.5405	636.7497
634.5528	636.8196
634.5774	636.8226
634.6326	636.728
634.8068	636.8046
635.0767	636.9177
635.4371	637.0204
635.4406	636.9966
636.4885	637.8933
636.6921	638.7972
636.7164	638.7209
636.7737	638.8212
636.9805	639.1405
637.03	639.1574
637.0812	639.1429
637.6716	639.2719
637.8775	639.2818
638.5231	639.9798
638.8091	640.2818
638.8664	640.4259
638.9207	640.6085
639.4403	640.8628
639.7036	641.1244
639.817	641.3631
639.8363	641.4744
639.9551	641.4186
640.1759	641.7446
640.606	642.0813
640.6391	642.1196
641.0864	642.8357
641.1216	642.9114
641.1228	642.6823
641.8588	643.4072
642.8318	644.606
642.8658	644.8342
642.8978	644.6954
643.0916	644.9025
643.105	645.0898
643.554	645.2764
643.7496	645.4483
643.809	645.4229
644.43	646.036
644.4355	646.0245
644.7024	646.1368
644.9398	646.2892
645.3809	646.8289
645.4912	647.0713
646.5945	648.016
646.8132	648.3481
646.8584	648.3749
647.0166	648.6775
647.0742	648.8055
647.0985	648.7827
647.6897	649.0796
648.6057	650.0362
648.6877	650.322
648.8089	650.6038
648.8095	650.7376
648.8401	650.771
648.8544	650.7329
649.1312	650.8851
649.5923	651.1466
649.6869	651.4558
649.7271	651.3881
649.7928	651.3551
650.0873	651.4136
650.2447	651.8886
650.2524	651.7571
650.3776	652.0457
650.3908	652.1553
650.542	652.2384
650.6027	652.3783
650.7566	652.2201
651.0086	652.5294
651.0561	652.4512
651.2668	652.7578
651.3719	652.7801
652.0058	653.6332
652.3665	653.9024
652.8587	654.2162
653.3342	655.0237
653.3927	655.0211
653.466	655.0759
653.8489	655.3912
653.8951	655.5903
654.0741	655.6618
654.314	655.7067
654.7355	656.2166
655.2079	656.7058
655.4559	656.9738
655.5321	657.0604
655.7675	657.4468
655.9012	657.6757
656.0315	657.7927
656.3777	657.9084
657.318	658.7901
657.3846	658.7941
657.8803	659.495
657.8918	659.6283
658.0571	659.6597
658.3283	659.9928
658.4262	660.151
658.4787	660.1267
658.6033	660.5461
658.651	660.4317
658.7455	660.533
659.4976	661.2234
659.5113	661.0332
659.8135	661.3502
660.2441	661.9617
661.5544	663.0012
661.6108	663.0201
661.8251	663.2517
662.128	663.5626
662.4157	663.7496
662.9785	664.4371
663.026	664.7336
663.1636	664.7443
663.2509	664.9255
663.3284	665.1019
663.5851	665.2576
663.9554	665.7305
663.9707	665.6896
664.1885	665.8555
665.7868	667.323
665.8404	667.3979
665.9081	667.7781
665.9474	667.6896
666.0037	667.9462
666.2842	668.0229
666.3627	667.9821
666.9258	668.2443
667.1888	668.5932
667.3268	668.8291
667.5463	669.0552
667.7323	669.221
667.7823	669.4479
667.9648	669.4272
668.1808	669.7047
668.3906	670.2068
668.5881	670.15
668.6439	670.3987
668.8586	670.2819
669.1328	670.7215
669.1612	670.6049
669.2827	670.8299
669.3339	670.9859
669.6371	671.4253
669.8126	671.757
669.8831	671.8136
669.9246	671.7417
670.6471	672.1528
670.8058	672.3478
670.8421	672.2697
671.3048	673.0486
671.3743	673.0205
671.3959	673.0981
671.7237	673.2964
672.0408	673.6246
672.168	673.6062
672.4536	673.8625
672.7786	674.2434
672.9134	674.4485
673.4198	675.0012
674.2515	675.9644
674.2643	675.9345
674.4235	676.1621
674.5697	676.0201
674.8384	676.4119
674.97	676.7137
675.0378	676.8082
675.0704	676.8084
675.1341	676.8425
675.3845	677.0447
675.7662	677.4938
675.8478	677.5979
675.934	677.7302
675.9572	677.7927
675.9977	677.7019
676.2157	677.921
676.7017	678.2636
676.711	678.3364
676.7232	678.4165
677.0488	678.457
677.2526	678.8202
677.3847	678.9315
677.6103	679.252
677.6235	679.3491
677.7941	679.4675
678.0282	679.855
678.0325	679.9084
678.0402	679.6952
678.456	680.4358
678.4584	680.3836
678.689	680.348
678.7662	680.4386
679.1582	680.636
679.6328	681.146
680.009	681.429
680.1303	681.6337
680.218	681.8549
680.248	681.8703
680.4698	682.0355
680.5547	681.9941
680.9299	682.3809
681.0271	682.5043
681.3971	682.8511
681.7644	683.1446
681.9447	683.452
682.0628	683.3901
682.5001	683.937
682.6725	684.1827
682.7518	684.1818
682.9498	684.3878
682.965	684.5798
683.0721	684.5908
683.3951	684.7988
683.7021	685.1479
683.7761	685.276
683.7803	685.5248
683.8466	685.5675
684.0856	685.4912
684.1311	685.781
684.275	685.6275
684.8944	686.3991
685.1974	686.6024
685.7362	687.4772
685.7392	687.2448
685.7719	687.5081
686.3509	687.7602
686.4605	687.877
686.6429	688.2326
686.6627	688.1939
686.8842	688.4853
687.0145	688.4388
687.566	688.9665
687.7579	689.2871
687.9064	689.4867
687.9577	689.5018
688.2577	689.6946
688.5196	690.0512
688.5335	690.0888
689.2107	690.6233
690.3118	691.8768
690.4451	692.0868
690.4771	692.2496
690.6024	692.8843
690.604	692.7446
690.7086	692.9613
690.7287	693.0591
690.8942	693.3749
691.2413	693.8371
691.2515	693.8857
691.2842	693.8341
691.3579	693.7545
691.4718	693.9719
691.7908	693.9968
692.0159	694.1292
692.2967	694.2048
692.6997	694.3226
692.7392	694.443
693.095	694.7444
693.2994	694.9772
693.3001	694.9099
693.4059	695.2212
693.5823	695.4415
693.6066	695.4167
693.7353	695.3284
693.9968	695.8922
694.0188	695.9887
694.0483	696.0276
694.1849	696.3839
694.205	696.4621
694.2108	696.6355
694.2291	696.563
694.3973	696.7569
694.5885	697.0589
694.6379	696.9581
694.728	697.1533
694.781	697.0311
695.1959	697.1788
695.3104	697.4721
695.6525	697.5964
695.7104	697.4745
695.8787	697.7463
695.9068	697.7592
696.2319	697.7582
696.5365	697.9531
696.6644	698.07
696.7824	698.3269
697.3297	698.814
697.7309	699.3034
698.1364	699.4838
698.623	700.1453
699.0068	700.5727
699.0085	700.5085
699.1493	700.5973
699.3745	700.7932
699.4929	701.0373
699.9107	701.4918
700.0746	701.7537
700.0749	701.8663
700.3052	701.8852
700.9613	702.6571
701.1977	702.911
701.241	702.7417
701.7138	703.3258
701.7395	703.3566
701.8948	703.5677
702.153	703.9532
702.192	703.9782
702.3263	704.1219
702.3327	704.1516
702.3375	704.1455
702.8203	704.2385
702.8434	704.2297
703.6017	705.1833
704.1321	705.73
704.3226	705.9544
704.4372	706.654
704.4985	706.8318
704.5558	706.9023
704.5859	706.825
704.8411	707.3145
704.8691	707.1692
704.9461	707.3304
705.0586	707.4474
705.0866	707.4556
705.3222	707.5548
705.5274	707.4381
706.076	707.6053
706.4731	708.1905
706.7465	708.1112
706.9381	708.2753
707.0835	708.7247
707.1277	708.5273
707.4446	708.9861
707.7508	709.1029
707.8391	709.197
708.0367	709.5058
708.1859	709.7047
708.953	710.594
709.3492	710.7165
709.6125	710.9919
710.4692	711.9416
710.51	712.0366
710.6562	712.1243
711.1603	712.5922
711.5549	713.101
711.708	713.0202
712.295	713.7343
712.4351	713.929
712.4643	713.9989
712.5364	714.0592
712.9471	714.4211
713.1186	714.5525
713.8198	715.1226
714.1476	715.5584
714.3423	715.6923
714.7252	716.1414
714.7316	716.2241
714.9946	716.5753
715.062	716.5714
715.0721	716.6656
715.3512	716.9216
715.5752	717.1702
715.7857	717.6578
715.9703	718.388
716.0041	718.3259
716.0321	718.3397
716.0628	718.4939
716.1724	718.3766
716.2993	718.622
716.4956	718.6431
716.6908	718.836
717.2735	718.9285
717.4693	719.1701
717.515	719.1191
717.8109	719.3231
718.1437	719.7056
718.2506	719.9079
718.3074	720.0
718.6348	719.9709
718.9517	720.3253
719.5503	721.1019
719.5878	721.2717
719.705	721.1625
720.3155	721.6402
721.0315	722.4121
721.1955	722.6989
721.2944	722.8674
721.5549	723.063
721.6011	723.3114
721.8151	723.2735
722.0875	723.3969
722.2134	723.7002
722.6237	724.1908
722.7418	724.13
723.2409	724.6828
723.5648	725.164
723.6212	725.4361
723.6657	725.2243
723.9021	725.4454
724.206	725.6694
724.4968	725.8312
724.9972	726.5376
725.0138	726.6004
725.5121	727.0422
725.81	727.2979
725.8244	727.5734
726.4555	728.0521
726.486	727.9928
726.7201	728.2254
726.9666	728.2743
727.277	728.7268
727.8553	729.308
727.8707	729.3668
727.9966	729.4799
728.3062	729.7594
729.0544	730.6115
729.0863	730.5806
729.5691	731.1343
729.6158	731.3521
729.6784	731.2717
730.0528	731.6176
730.1593	731.7508
730.5595	731.9466
730.713	732.3718
730.7526	732.5106
731.1231	732.5627
731.2127	732.558
731.3316	732.7921
731.3998	732.9071
731.5599	733.0478
732.8429	734.4476
732.8575	734.259
733.7851	735.2765
734.3946	735.7827
734.605	736.0791
734.6458	736.2218
734.6721	736.3156
734.751	736.3484
735.0581	736.6221
735.3709	736.7862
735.9451	737.4903
736.0522	737.5962
736.551	738.0271
736.7579	738.2323
736.774	738.3273
737.3355	738.9278
737.406	739.2509
737.4392	739.3623
737.8313	739.7668
737.9086	739.7151
737.9748	739.9202
738.165	739.9628
738.7036	740.0811
738.9543	740.3015
739.1994	740.631
739.2883	740.794
739.6966	741.2307
739.9347	741.2927
740.0707	741.5911
740.4509	741.8414
740.6442	742.2499
741.0012	742.4539
741.0798	742.7461
741.1136	742.6203
741.2871	742.9817
741.5796	743.1186
742.3722	743.8459
742.5363	744.0685
742.6271	744.1393
742.6606	744.2952
742.9708	744.4593
743.2537	744.5578
743.6018	745.1665
744.0597	745.5804
744.179	745.656
744.4252	746.0487
744.5003	745.9759
745.1621	746.6232
745.6764	747.027
745.8559	747.5254
745.8666	747.6756
745.9816	747.6961
746.9629	748.3566
747.1963	748.7206
747.7058	749.1379
747.8104	749.1266
748.4337	749.9647
748.5095	749.9195
748.585	750.0246
748.7703	750.1638
749.2767	750.8222
749.4207	750.7418
749.599	751.1951
749.811	751.1902
750.9645	752.5401
751.1307	752.9007
751.1758	752.7831
751.3219	752.7854
751.8159	753.3264
751.8876	753.642
751.9075	753.6373
751.9187	753.6441
751.9311	753.696
752.0418	753.8493
752.3371	753.8803
753.1306	754.5623
753.8741	755.2432
753.9318	755.4362
754.4641	755.8445
755.1233	756.5786
755.2843	756.6957
755.45	757.0428
756.3503	757.914
756.7689	758.2927
757.0301	758.3508
757.3674	758.8218
758.2863	759.7447
758.5075	759.9739
758.6811	760.0391
758.7743	760.3593
758.8791	760.5634
758.9752	760.5325
759.8673	761.4326
760.127	761.4698
760.436	761.9604
760.7791	762.2924
761.1862	762.593
761.4856	763.0659
761.5009	762.9736
761.6594	763.1981
761.9923	763.6144
762.2067	763.7134
762.2365	763.7898
762.7311	764.2592
762.8926	764.3548
762.9002	764.4973
763.1777	764.7788
763.2171	764.7922
763.2611	765.085
763.3433	765.1503
763.4056	764.9759
763.6739	765.3453
764.0381	765.4325
764.4758	765.9197
764.6661	766.3213
765.1461	766.5532
765.4966	766.8553
765.7492	767.5081
765.7693	767.5921
765.79	767.6433
765.9173	767.8309
765.9653	767.7922
766.0192	767.9665
766.1435	767.8953
766.1661	768.0428
766.3393	768.1557
766.7165	768.3665
767.4436	769.0155
767.5674	769.1591
768.2771	769.7611
768.7731	770.3181
769.4711	770.855
769.5274	771.0355
769.7476	771.1151
769.9433	771.6023
769.9695	771.6076
770.0094	771.7012
770.3751	771.938
770.6501	772.0747
770.688	772.1667
771.2407	772.6409
771.5085	772.9566
771.7597	773.0684
771.8754	773.3176
771.9683	773.2824
772.0874	773.5451
772.5805	774.061
773.0097	774.5517
773.1114	774.5633
773.3918	774.904
773.479	774.8532
773.885	775.3952
774.271	775.7869
774.4319	775.7585
774.6014	776.273
774.6362	776.3387
774.8873	776.4394
775.7097	777.438
775.8729	777.6829
775.9833	777.8185
775.9953	777.7184
776.1727	777.682
776.9144	778.4801
776.9714	778.5192
777.0045	778.6245
777.1851	778.8702
777.214	778.8434
777.2709	779.0185
777.6358	779.0322
777.9054	779.4136
778.6636	780.0436
778.7579	780.33
778.801	780.3191
779.8699	781.1919
780.0143	781.5978
780.58	782.073
780.658	782.0775
780.9225	782.3986
780.9317	782.6295
781.0411	782.6638
781.0864	782.6095
781.7335	783.1529
781.8322	783.5194
781.8329	783.3529
781.9584	783.5702
782.4568	783.7621
783.0136	784.4133
783.2875	784.9454
783.3324	784.8648
783.438	785.0271
783.6386	785.0842
783.6893	785.174
783.9414	785.3445
784.0507	785.5001
784.0864	785.7319
784.703	786.3033
785.3518	786.6749
785.5255	787.0139
785.8024	787.3574
785.8408	787.4001
785.9753	787.6988
786.1485	787.6524
786.4303	788.0149
786.4908	788.3356
786.4999	788.3901
787.0453	788.4906
787.2209	788.7487
787.3272	788.6544
787.5186	788.8809
787.6735	789.1591
787.7582	789.3326
788.2102	789.6041
788.2839	789.6563
788.6106	789.9635
789.0812	790.5508
790.0204	791.7084
790.1306	791.7059
790.2116	791.8163
790.6987	792.3348
790.7963	792.2456
790.9409	792.4837
791.3134	792.8008
791.7853	793.2265
791.9968	793.4078
792.174	793.7498
792.3812	793.9943
793.3233	794.8507
794.1039	795.4797
794.64	796.0333
794.754	796.1774
794.9597	796.3717
795.1299	796.637
795.618	797.2862
795.6293	797.3157
795.7934	797.4076
796.2095	797.6256
796.267	797.777
796.6241	798.2024
796.7122	798.6336
796.7286	798.5391
796.7669	798.6119
796.9039	798.6933
798.1588	799.6196
799.0992	801.1978
799.1012	801.0187
799.1771	801.1994
799.2176	801.2286
799.2722	801.4433
799.4714	801.4629
799.4921	801.5418
799.6942	801.6674
800.0511	801.7435
800.2525	801.8483
801.2553	802.6712
801.4492	802.9095
801.6676	803.1372
802.0935	803.5045
802.3638	803.8446
802.801	804.6823
802.8946	804.6967
803.1152	804.6896
803.8174	805.3614
804.0076	805.4454
804.3807	805.8176
804.4501	805.941
804.5225	806.1293
805.3231	806.9242
805.7667	807.1966
806.4359	807.966
806.687	808.0877
807.1468	808.6933
807.2011	808.7977
807.4476	808.8301
807.6532	809.1093
807.7065	809.5151
807.8751	809.726
807.9153	809.5747
807.9405	809.6264
808.0093	809.8929
808.3638	809.922
808.7029	810.134
808.8199	810.1223
809.5919	811.0271
809.7903	811.4851
809.9619	811.5461
810.6255	811.9963
810.842	812.5021
810.8549	812.3908
810.9938	812.5425
811.6486	813.3433
811.6869	813.502
811.6909	813.5517
812.0618	813.7729
812.3025	814.0736
812.939	814.4697
812.9949	814.5839
813.3315	814.8613
813.4648	814.9223
813.5882	815.0269
813.8446	815.1599
814.1158	815.5159
814.3428	816.0346
814.4004	816.0048
814.9731	816.3528
815.0584	816.7361
815.439	816.9063
815.6096	817.1345
815.6246	817.3436
815.8835	817.3
816.1925	817.6837
816.6975	818.4152
816.7125	818.475
816.8855	818.3497
817.1924	818.798
817.2807	818.8533
817.5523	818.9194
817.6124	819.1365
817.9536	819.6392
817.9748	819.7234
817.994	819.7037
818.0307	819.826
818.1187	819.8184
818.1529	819.9926
818.4561	820.0461
818.7129	820.1612
819.0364	820.58
819.2877	820.7824
819.9346	821.3599
820.2808	821.8162
820.3482	821.936
820.4008	822.041
820.6058	822.1193
820.8112	822.5236
820.8273	822.3767
820.929	822.6145
821.1339	822.7313
821.298	822.6354
821.4911	823.0707
821.6911	823.1096
822.5145	824.1403
823.0881	824.7917
823.1825	824.9312
823.2214	824.8664
823.2421	824.7714
823.5556	824.9483
823.9266	825.5068
824.4004	825.9711
824.4376	825.8388
824.7031	826.2348
824.8364	826.4128
825.0091	826.5668
825.0765	826.5532
825.524	827.0842
825.9471	827.4249
826.0201	827.6118
826.0642	827.5495
827.2655	828.7587
827.3332	828.9174
827.6825	829.2107
827.8457	829.1746
828.3926	829.7034
829.466	831.0801
829.5111	831.1748
830.3667	832.1443
830.3945	832.0161
830.9131	832.2599
830.9985	832.3673
831.1855	832.5393
831.7494	833.169
831.8015	833.426
832.3718	833.7112
832.5054	833.8962
832.6305	834.1185
832.9297	834.502
833.455	835.024
833.8759	835.2638
833.9917	835.371
834.2069	835.614
834.6221	836.2611
834.6257	836.2091
834.6601	836.316
834.9693	836.5699
835.1325	836.5348
835.4278	836.9423
835.5146	836.8838
835.8336	837.346
836.7317	838.4345
836.7403	838.4865
836.9123	838.7394
837.0795	838.7903
837.1758	838.9403
837.6941	839.0392
838.0445	839.5374
838.5049	840.1367
838.5506	840.0461
838.94	840.4305
839.1684	840.7585
839.911	841.4179
840.0548	841.553
840.1868	841.643
840.1939	841.6404
841.6169	843.0656
842.0561	843.655
842.1874	843.8409
842.2756	843.7184
842.3732	843.7933
842.712	844.2299
843.0409	844.5349
843.0499	844.6751
843.7796	845.1388
844.0435	845.4244
844.5569	846.0833
844.751	846.1161
844.9713	846.4692
845.3652	846.8008
845.8092	847.5104
845.8148	847.5364
845.8363	847.4102
846.4039	847.8315
846.4805	848.0739
846.6074	848.0418
846.664	848.1041
846.9071	848.5067
847.4309	849.148
847.4393	849.2202
847.6482	849.4786
847.7975	849.5974
848.0281	849.8451
848.0862	849.9778
848.1609	849.977
848.2703	850.1073
848.4789	850.3511
848.553	850.2472
849.0465	850.5618
849.0571	850.7335
849.2765	850.8611
849.3342	850.727
850.0726	851.6841
850.0818	851.8847
850.0927	851.8014
850.2286	851.9547
850.6581	852.2068
850.764	852.3927
851.0515	852.5804
851.0641	852.5467
851.4726	852.7891
852.2618	853.7134
852.667	854.191
852.8843	854.5097
852.9168	854.4475
853.4218	854.9149
854.1037	855.6498
854.1541	855.6747
854.3378	855.9528
854.4446	856.1862
854.4645	856.1621
854.4757	856.3139
854.8811	856.7157
854.8885	856.853
854.9414	856.8276
855.2021	857.0317
855.8208	857.1422
856.2703	857.7543
856.4505	857.8731
856.7992	858.1941
857.0196	858.4987
857.0625	858.743
857.1687	858.7217
857.4726	858.9437
857.7153	859.2452
858.3929	859.8005
858.6411	860.1254
859.1928	860.6855
859.3087	860.8127
859.4105	860.8744
860.2594	862.0566
860.3122	861.9358
860.6347	862.1986
860.7367	862.3093
861.258	862.8444
861.3718	862.9948
861.5299	863.1256
861.7544	863.1681
861.8392	863.2108
862.1038	863.414
862.2242	863.7237
862.6798	864.2623
862.7688	864.2192
863.0463	864.4457
863.1796	864.7274
863.7088	865.2729
863.815	865.2886
864.296	865.8615
864.3362	865.7507
864.7679	866.1343
864.8369	866.3514
865.6763	867.0818
865.7357	867.3166
865.902	868.2001
865.9056	868.205
865.9244	868.1056
865.9276	868.2077
866.0484	868.4184
866.2634	868.8415
866.3448	868.9572
866.435	869.1508
866.5075	869.2124
866.5266	869.0036
866.907	869.4727
866.938	869.5419
867.0183	869.5269
867.082	869.7166
867.2766	869.8845
867.3713	869.8427
867.6253	870.1121
867.7283	870.1599
867.7946	870.1879
868.3531	870.5651
868.4182	870.4464
868.5157	870.6322
868.6434	870.5291
868.7241	870.7304
868.757	870.7775
869.0536	870.8165
869.3685	870.9045
869.797	871.181
869.9576	871.336
870.1033	871.6797
870.6528	872.1127
871.0564	872.6584
871.2938	872.7549
871.9598	873.4265
872.2518	873.5755
872.5957	874.1561
872.6776	874.2296
872.941	874.6534
873.0677	874.629
873.2725	874.8658
873.292	874.7882
873.3596	875.0617
873.9281	875.3413
874.2089	875.6665
874.229	875.6611
874.3597	875.7455
874.5779	876.129
874.7888	876.3485
875.1922	876.7994
875.2925	876.6807
875.7693	877.3351
875.9998	877.5933
876.4537	877.9066
876.5245	878.027
876.5751	878.0796
877.2886	878.6869
877.4578	878.8622
877.5612	879.0814
877.5701	879.1763
877.7173	879.3946
877.734	879.5657
877.7627	879.5181
878.0485	879.5386
878.5001	880.0334
878.6331	880.1379
878.6436	880.2985
878.9737	880.4215
879.096	880.5631
879.387	880.7988
880.4724	881.9929
880.5712	881.9141
880.8062	882.4722
881.0208	882.5196
881.5634	883.1762
881.7491	883.2235
882.0033	883.3797
882.0868	883.4707
882.3152	883.8178
882.7511	884.3662
882.8207	884.4351
882.8763	884.4177
883.6053	885.0008
884.0211	885.3617
884.7003	886.4276
884.7448	886.3487
884.7658	886.5218
884.9761	886.8128
885.0334	886.8163
885.1443	887.1127
885.173	887.008
885.405	887.3316
885.4306	887.3766
885.4376	887.2827
885.5334	887.3338
885.7015	887.4981
886.1375	887.8143
886.1884	887.9944
886.4558	888.3368
886.5012	888.4442
886.5554	888.3884
886.6074	888.368
886.8163	888.6248
886.8194	888.5288
887.2122	888.801
887.4801	889.028
887.9102	889.4145
888.1766	889.6829
888.2793	889.9359
888.6979	890.0459
888.8454	890.2347
888.9599	890.4445
889.2414	890.6556
889.3213	890.811
889.6612	891.1883
889.8932	891.3167
890.3353	891.8575
890.398	892.0712
890.4915	892.0543
890.8326	892.2862
891.3668	892.929
891.4101	893.0573
891.4283	893.3268
891.4608	893.3455
891.6769	893.4183
891.9101	893.5477
891.9495	893.72
892.1956	893.6559
892.3306	893.9535
893.0608	894.5487
893.5025	895.0298
893.8299	895.2001
894.0512	895.7648
894.1509	895.8604
894.2684	895.7255
894.2959	895.8499
894.5343	895.8485
894.6314	896.0524
895.2075	896.5182
896.3957	897.9314
896.4254	897.8432
896.6297	898.1809
897.1614	898.6592
897.433	898.9366
897.5757	899.0644
897.5964	899.2273
897.7408	899.2848
897.8409	899.3118
898.5874	900.0798
898.8926	900.4719
899.1607	900.6791
899.1767	900.7379
899.7849	901.2544
899.9701	901.6643
900.0785	901.6546
900.3043	901.7038
900.3464	902.0153
900.615	902.0844
901.0737	902.4923
901.4253	903.1286
901.4263	903.0392
901.9366	903.3486
902.0059	903.6939
902.0832	903.7638
902.0886	903.8795
902.2309	904.1713
902.2931	904.1617
902.3219	904.1493
902.9432	904.5503
902.9735	904.8602
903.021	905.1175
903.0259	905.0396
903.1371	905.1556
903.2063	905.2134
903.455	905.479
903.6004	905.4119
903.8305	905.3428
904.5784	906.1293
904.608	906.0855
904.9229	906.4358
905.5717	907.1508
905.5772	907.2322
905.6989	907.2409
906.112	907.8358
906.6979	908.175
906.7241	908.2561
906.9297	908.4348
907.2298	908.6583
907.9657	909.5306
908.136	909.8636
908.1387	909.8297
908.3225	909.827
908.6787	910.3447
908.7434	910.1592
908.9538	910.452
909.0189	910.7519
909.1944	910.6866
909.4511	911.0123
909.7109	911.251
909.7435	911.2983
910.2048	911.6429
910.2725	911.7393
911.2134	912.6692
911.3576	912.8789
911.6785	913.29
911.7374	913.2545
911.8528	913.4412
912.2472	913.7361
912.7427	914.2034
912.7657	914.489
912.8666	914.4919
913.4994	915.1077
913.5234	915.116
913.8084	915.3293
914.0303	915.4413
914.1308	915.5333
914.5146	916.2145
914.6786	916.3526
914.6964	916.3516
915.11	916.5821
915.1487	916.8545
915.2421	916.8999
915.2547	916.9786
915.8517	917.2911
915.9541	917.507
916.0374	917.6779
916.3283	918.1705
916.3428	918.0566
916.4851	918.1217
916.8145	918.1819
917.5148	919.0352
917.7129	919.4051
917.7332	919.3866
917.7963	919.465
918.0864	919.6443
918.4563	920.0163
918.5851	920.2532
918.649	920.2533
918.7214	920.2701
919.2122	920.7517
919.3169	920.7038
919.5445	921.043
919.8969	921.4517
920.1316	921.6351
920.712	922.2297
921.4232	922.7973
921.4943	922.8402
921.6376	923.0312
922.0012	923.6256
922.5201	924.099
922.5707	924.0863
922.8597	924.2999
923.0085	924.5466
923.1096	924.5576
923.3902	924.9784
923.5677	925.4216
923.5731	925.546
923.6061	925.6226
923.6549	925.7204
923.6914	925.7222
923.9693	926.0742
924.2144	926.068
924.3833	926.0159
924.884	926.3353
924.9211	926.433
924.9689	926.5636
925.2328	926.8622
925.2879	927.018
925.3026	926.9266
925.4264	926.9843
925.5418	927.1148
926.1182	927.6237
926.224	927.7374
926.4307	928.0327
926.4716	927.9039
926.933	928.4174
926.9508	928.5795
927.6484	929.1552
927.8073	929.1768
928.7441	930.3035
928.8072	930.4015
929.1633	930.7101
929.2737	930.8623
929.2889	931.0131
929.4914	931.0397
929.5807	930.9729
929.8883	931.2322
930.0708	931.5077
930.2089	931.5893
930.9872	932.5362
931.3462	932.9009
931.4527	933.0215
931.5294	932.888
932.4524	933.97
933.2788	934.6081
933.7396	935.1658
933.8001	935.4744
933.8676	935.481
934.2878	935.6521
934.3435	935.8054
935.4648	936.9777
935.6773	937.2109
935.9533	937.4459
936.2609	937.7759
936.3862	937.88
936.412	938.0282
936.5988	938.3611
936.6362	938.2583
936.6747	938.3596
936.8223	938.5056
937.5701	939.0052
937.5934	939.0852
937.6941	939.2138
937.7822	939.4557
938.3722	939.7114
938.746	940.0971
938.8249	940.4981
939.1792	940.8503
939.1869	940.884
939.1943	941.0518
939.4165	941.0156
939.7078	941.1126
940.0896	941.5299
940.2653	941.8116
940.3789	941.7528
940.4225	941.8827
940.7344	942.0912
940.8643	942.5862
940.9198	942.5645
940.9419	942.7223
941.5584	942.9365
941.6762	943.3934
941.689	943.2609
942.0901	943.5643
942.3059	943.7099
942.4048	944.0556
942.5964	944.4247
942.8009	944.5206
942.906	944.4427
943.4336	945.0119
943.4389	945.1814
943.6875	945.1621
943.7351	945.2797
944.1169	945.7708
944.2799	945.9632
944.8125	946.3775
944.9376	946.4848
945.0887	946.4874
945.1432	946.8451
945.1984	946.8494
945.2965	946.8962
945.7533	947.1777
946.1816	947.7876
946.277	947.8756
946.5459	948.0665
947.1769	948.5768
947.4499	948.8895
948.2505	949.5836
948.6787	950.213
948.7886	950.2744
948.9576	950.5188
949.0814	950.7134
949.4616	950.9527
950.2352	951.6168
950.5835	952.0995
951.1903	952.8449
951.1976	952.6917
951.9015	953.3178
952.0295	953.7097
952.2286	953.9574
952.4474	953.9884
952.9776	954.3854
954.1773	955.5442
954.4453	956.1358
954.4842	956.0675
954.584	956.1125
954.7311	956.3011
954.8749	956.4909
955.0515	956.491
955.7808	957.1888
955.9172	957.5044
956.171	957.5641
956.2696	957.9795
956.2769	957.794
956.3269	957.8202
956.5711	957.9637
957.1911	958.5465
957.3166	958.7394
957.5363	958.8634
958.3586	959.7103
958.6767	960.0843
959.2227	960.6642
959.2468	960.7542
959.7267	961.4946
960.2305	961.6866
960.5161	962.0214
960.5732	962.2973
960.6897	962.7516
960.6927	962.7958
960.76	962.8476
960.8112	962.8737
961.0778	963.0095
961.1892	962.9115
961.2661	962.9672
961.7154	963.218
962.034	963.5749
962.321	964.1054
962.332	963.9384
962.3564	964.0266
962.5043	964.3935
962.5315	964.3149
962.5458	964.368
962.7916	964.5468
963.4475	964.8778
963.835	965.3634
963.8381	965.5145
963.9263	965.4592
964.1901	965.7733
964.1966	965.629
964.5044	965.9036
965.1232	966.5004
965.1758	966.7218
965.7448	967.3239
965.8317	967.2245
966.0815	967.7458
966.1034	967.8005
966.2137	967.8521
966.4769	968.1219
966.5097	968.2421
966.6361	968.2362
967.2011	968.7688
967.3621	968.7447
967.4655	969.1194
968.3726	969.7549
968.8438	970.3358
968.939	970.5013
969.0291	970.4266
969.1664	970.6507
969.2027	970.6712
969.4018	970.9076
969.4781	970.9701
969.4816	971.1747
969.6584	971.1145
969.896	971.303
970.0548	971.6429
970.2195	971.8584
970.6398	972.0622
971.0873	972.6223
971.1262	973.0376
971.1927	973.1886
971.2239	973.0092
971.27	973.2515
971.4534	973.3093
972.0281	973.4994
972.9072	974.2375
973.0013	974.6492
973.0943	974.5507
973.9052	975.3557
973.9906	975.6188
974.1791	975.6581
975.0262	976.5604
975.4276	977.0314
975.4927	976.9771
975.7179	977.15
976.0171	977.5825
976.0523	977.6392
976.1754	977.9267
976.3168	977.8193
976.6043	977.9659
976.8678	978.3986
976.9115	978.4688
977.3488	978.8514
977.3653	979.0561
977.3894	979.0165
978.0009	979.6797
978.0724	980.3656
978.0976	980.3225
978.2052	980.7831
978.3423	980.8197
978.4085	981.1131
978.5481	981.1863
978.6167	981.0841
978.6837	981.2949
978.7613	981.1341
979.1553	981.4701
979.1942	981.4944
980.2379	981.581
980.4605	981.8981
980.8268	982.5535
980.8283	982.563
980.9158	983.0049
980.9758	982.8888
981.0054	983.0578
981.0157	982.9287
981.3937	983.087
981.9919	983.3826
982.0961	983.5545
982.1362	983.5869
982.2363	983.6633
982.7853	984.386
983.0421	984.441
983.3306	984.7177
983.4135	984.742
983.6213	985.2831
983.6284	985.2122
983.7854	985.3332
983.9281	985.517
984.1269	985.9471
984.1668	986.0395
984.4168	986.1397
984.5109	986.2329
984.5178	986.2725
984.6912	986.5934
984.8161	986.7072
984.9301	986.8019
984.9735	986.8018
985.0616	986.9344
985.2336	987.0418
985.3914	987.0706
985.7047	987.0212
985.9004	987.2092
986.0457	987.6609
986.2783	987.9045
986.2907	987.8258
987.014	988.4323
987.1733	988.6152
987.517	988.9991
987.5855	989.3272
987.6291	989.4333
987.6594	989.5138
987.8388	989.6466
988.1983	989.879
988.2363	989.7068
988.2557	989.817
988.9456	990.3426
989.2694	990.6118
989.9326	991.4657
990.3586	991.9782
990.3689	992.0778
990.5717	992.3168
990.663	992.5547
990.7356	992.6608
990.8219	992.7961
990.8715	992.9795
991.047	992.9664
991.0538	993.2115
991.0984	993.1529
991.2044	993.1349
991.2976	993.2308
991.9994	993.4729
992.0709	993.5579
992.1501	993.8401
992.3972	993.9746
992.6051	993.9947
992.7684	994.3344
993.3623	994.9274
993.5119	995.1823
993.6289	995.3476
993.7166	995.2998
993.7676	995.4746
994.1033	995.5004
994.5737	996.1548
995.1908	996.7617
995.2097	996.7592
995.5208	996.9526
995.5544	997.1332
995.8796	997.3015
996.5125	998.0422
996.5396	998.171
996.6167	998.5127
996.6428	998.6603
996.7492	998.6215
996.8809	998.7844
996.9479	998.8438
997.0687	998.9214
997.6436	999.1261
997.9553	999.443
998.4308	999.8551
