0.5498	2.1132
0.7174	2.2765
0.7642	2.5994
1.0056	2.5819
1.1945	2.8825
1.2926	2.7308
2.0199	3.5067
2.1248	3.6389
2.292	4.0248
2.3795	4.1211
2.5653	4.2764
2.7201	4.3754
2.823	4.7498
3.0462	4.7929
3.1953	4.8948
3.6366	5.0421
3.6831	5.2627
4.021	5.4942
4.0901	5.6743
4.2862	5.8709
4.9637	6.3598
5.473	6.9946
5.6886	7.1368
5.8898	7.3328
5.9339	7.4339
5.9549	7.5523
7.0024	8.397
7.223	8.7198
7.5941	9.0438
7.6721	9.3414
7.7371	9.5812
7.8447	9.7237
7.9068	9.7288
8.0221	9.8948
8.6209	10.0117
8.8535	10.1724
9.5354	10.8619
9.6967	11.1813
10.0974	11.5563
10.4868	11.8949
10.9891	12.6542
11.066	12.9094
11.2701	12.9098
11.4804	12.9976
11.647	13.1642
11.7823	13.4327
11.9991	13.6077
12.3326	13.8873
12.6073	14.1532
13.0317	14.4088
13.157	14.6657
13.6076	15.0323
13.6462	15.1501
13.998	15.4641
14.1454	15.7099
14.2967	15.7239
14.6035	16.3135
14.8836	16.7351
15.1879	16.7251
15.8236	17.313
16.2991	17.6563
16.3548	17.7277
16.6635	18.1281
16.935	18.6359
17.1392	18.6971
17.6061	19.1293
17.7977	19.1622
18.1	19.5091
18.2612	19.5847
18.623	19.9402
18.7512	20.2143
18.9456	20.3701
18.9687	20.5378
19.4268	20.9884
19.7683	21.3057
19.9484	21.4666
20.2127	21.6448
21.1905	22.8602
21.202	22.8075
21.3763	22.9009
21.9961	23.4629
22.0554	23.5182
22.2732	23.7577
22.5267	24.1671
22.5702	24.2637
22.6304	24.2871
22.7033	24.4347
22.7588	24.5589
22.9673	24.754
23.494	24.8854
23.5637	25.0482
23.8982	25.3123
24.0925	25.4017
24.2064	25.6285
25.6779	27.1782
26.0713	27.5229
26.2755	27.641
26.4536	27.8206
26.6388	28.0813
27.1543	28.6408
27.3593	28.7591
27.406	29.0528
27.4843	29.0836
27.5789	29.2331
27.6596	29.3121
27.9102	29.4495
28.0327	29.6442
28.2033	29.6014
28.8271	30.3348
28.9673	30.3565
29.2393	30.7949
29.2695	30.758
29.8529	31.6766
29.8671	31.7094
29.9055	31.7786
30.0927	31.787
30.2492	31.9582
30.4812	32.0193
30.5089	32.2429
31.6488	33.1493
31.6577	33.273
31.986	33.5309
32.03	33.575
32.1056	33.9308
32.2084	33.9835
32.6609	34.0779
33.0121	34.4342
33.1569	34.5192
33.2552	34.6615
33.9822	35.3115
34.0604	35.5796
34.4173	35.7478
34.7074	36.0211
34.8758	36.3696
35.2454	36.7741
35.3614	36.9253
35.4493	37.0554
35.9453	37.362
35.9747	37.5907
36.5697	37.9972
36.8068	38.1946
37.6943	39.112
37.7203	39.1838
37.9408	39.4509
38.1233	39.5343
38.1594	39.6012
38.3094	39.9623
38.9876	40.3361
39.0795	40.8143
39.1012	40.8033
39.1881	40.8335
39.2125	40.941
39.5552	41.0666
39.7719	41.1641
40.1122	41.7558
40.1408	42.2207
40.175	42.349
40.2094	42.3732
40.334	42.3925
40.4535	42.4826
40.493	42.5329
40.5231	42.7173
40.9274	42.7266
41.3606	42.8069
41.3684	43.0457
41.6335	43.1344
42.0115	43.5165
42.3007	43.853
42.3576	44.0181
42.6007	43.9444
42.8886	44.4362
43.1928	44.5657
43.3323	44.8326
43.8183	45.4588
44.138	45.6222
44.1644	45.8667
44.3878	45.7386
44.6102	46.1061
44.7024	46.2367
44.797	46.4503
44.8879	46.582
45.4848	47.0947
45.6534	47.2086
45.7978	47.2442
47.3973	48.8858
47.7632	49.2588
48.0576	49.3798
48.1993	49.5861
48.7138	50.1019
48.8606	50.4603
48.9187	50.3116
49.1167	50.5242
49.2914	50.8227
49.6753	51.2337
49.8568	51.3695
49.8669	51.4963
50.3537	51.9102
50.9515	52.3225
51.3149	52.6246
51.445	52.9182
52.0249	53.4488
52.8785	54.3425
53.0263	54.4495
53.3168	54.8104
53.4485	54.9452
53.9448	55.5273
54.0537	55.6095
54.1516	55.7283
54.3994	55.8577
54.543	55.9368
54.9101	56.4216
55.1367	56.6225
55.3923	57.0508
55.4313	57.064
56.039	57.6059
56.1748	57.5979
56.3867	57.8486
56.6142	57.9772
56.7083	58.3
56.7132	58.2583
57.1657	58.568
57.4976	58.9742
57.8482	59.2738
57.8512	59.4094
58.387	59.9081
58.4674	59.9835
58.8431	60.4676
58.8575	60.4597
58.995	60.8766
59.0745	60.9384
59.2059	61.1473
59.207	61.0694
59.3318	61.3914
59.3531	61.2772
59.4965	61.3247
59.6885	61.3942
59.8577	61.5037
59.9843	61.4579
60.4116	62.3778
60.4286	62.3063
60.4651	62.4383
60.8783	62.5123
61.0551	62.6208
61.2213	62.9309
61.2452	62.7351
61.3355	63.1441
61.5966	63.7095
61.6527	63.8024
61.6718	63.8757
61.7019	63.9417
61.8387	64.2159
61.9881	64.2825
62.1112	64.3181
62.1574	64.3644
62.2026	64.5996
62.3889	64.5021
62.5353	64.7127
62.6602	64.5722
62.956	64.6457
63.3889	64.9872
63.6293	65.1022
64.1155	65.5738
64.5408	65.8431
65.4553	66.9178
65.5907	67.1129
66.0773	67.6272
66.5867	68.1589
66.6043	68.1886
66.8476	68.44
66.958	68.4839
66.9779	68.4199
67.5095	68.968
67.5624	68.9765
67.6767	69.3661
67.7627	69.3967
68.2371	69.8071
68.288	70.0533
68.3358	69.8845
69.0625	70.3672
69.301	70.8056
69.4478	71.2765
69.518	71.3603
69.531	71.2312
69.6093	71.322
70.2255	71.6009
70.6814	72.0021
70.781	72.1642
70.8451	72.2735
70.9751	72.3534
71.5138	72.8825
71.7638	73.1381
72.1972	73.7835
72.2645	73.7756
72.5172	74.1164
72.8432	74.4809
72.905	74.609
73.1535	74.6819
73.1632	74.6706
73.7782	75.2406
73.9379	75.3807
74.0148	75.4603
74.1156	75.5255
74.3878	75.8026
74.6695	76.0229
74.8481	76.2016
75.5276	77.1656
75.5745	77.4455
75.6976	77.5478
76.1547	77.5664
76.2943	78.0368
76.3071	78.0198
76.3266	78.1624
76.4889	78.1965
77.2588	78.9921
77.2798	79.0558
77.2832	78.965
77.4739	79.0751
77.6857	79.3239
77.8395	79.4842
77.9794	79.6396
78.1805	79.7165
78.7588	80.3768
79.1856	80.5956
79.2021	80.7968
79.6872	81.4573
79.7117	81.6089
80.1981	81.739
80.3298	81.7963
80.768	82.2063
80.8577	82.6067
80.9476	82.6074
80.9951	82.7466
81.2221	82.9774
81.2489	82.9406
81.6266	82.9916
81.999	83.5681
82.4422	83.8419
82.8192	84.4466
82.8225	84.4424
82.9388	84.5177
82.9827	84.5692
83.5007	85.0029
83.5477	85.3787
83.5602	85.2306
83.8457	85.3234
84.1042	85.7785
84.1649	85.8423
84.3005	85.8005
85.3639	86.8047
85.4841	87.1503
85.5168	87.2275
85.5916	87.2478
85.7423	87.5014
85.9745	87.3846
86.1612	87.7524
86.1854	87.6632
86.8308	88.3985
87.3045	88.7477
87.8365	89.3594
87.9769	89.5625
87.9866	89.7067
88.5088	89.9459
88.6545	90.0149
88.9923	90.5048
89.1186	90.9162
89.1696	90.9992
89.3623	90.8723
89.4171	91.0342
89.9625	91.4649
90.3518	91.8505
90.5838	92.1257
90.7724	92.3211
90.972	92.4439
91.097	92.475
91.2064	92.9081
91.482	93.2448
92.0743	93.5197
92.4249	93.9642
92.4471	94.0741
92.7155	94.2638
92.7381	94.2535
93.0746	94.6972
93.5067	95.1849
93.5816	95.2488
93.6448	95.4851
93.8732	95.5965
94.2706	95.625
94.4159	95.9902
94.5684	96.0544
94.7752	96.3905
95.122	96.7612
95.1256	96.7808
95.382	97.1827
95.4147	97.2761
95.4886	97.1839
95.553	97.3332
95.9247	97.464
96.0769	97.5405
96.1883	97.6723
96.494	97.9938
96.8654	98.4927
96.917	98.5809
97.0222	98.5127
97.1164	98.7167
97.3404	98.8888
97.5057	99.0195
97.6386	99.0798
98.1518	99.6263
98.1961	99.6583
98.681	100.1884
98.7757	100.2473
98.8453	100.2519
99.5282	100.9941
99.8485	101.3227
99.9894	101.3666
100.8711	102.5872
100.9097	102.5413
100.9863	102.6026
101.0254	102.604
101.0767	102.7526
101.4143	102.8141
101.9713	103.4623
102.5161	104.0663
102.5286	103.9973
102.812	104.2263
103.2526	104.6774
103.3553	104.6939
103.523	104.9106
103.8657	105.2387
104.0836	105.4702
104.8869	106.3566
104.9923	106.6729
104.9927	106.5992
105.641	107.0854
105.7288	107.3063
105.7355	107.3492
105.9836	107.571
106.077	107.4203
106.2768	107.716
106.3929	107.9246
106.5356	108.0526
106.8393	108.4493
106.9764	108.7395
107.014	108.7727
107.1388	108.9525
107.238	108.9665
107.6059	109.0842
107.704	109.3065
107.7735	109.3505
107.8336	109.3406
108.6252	110.0325
108.7531	110.2684
109.0605	110.4085
109.361	110.9303
109.5783	110.9891
109.7363	111.3038
109.8293	111.4339
109.9455	111.5124
110.1625	111.4802
110.4537	111.7815
110.5564	112.1775
110.8688	112.317
111.9231	113.4058
112.1433	113.8714
112.1464	113.8035
112.3841	113.9195
112.501	114.2042
112.5052	114.1536
112.559	114.1667
113.2957	114.6151
113.9028	115.5834
114.0207	115.5901
114.1171	115.876
114.1691	115.9281
114.2984	116.016
114.4464	116.0604
114.8074	116.5135
114.8848	116.3357
115.3118	116.8015
115.8916	117.5527
115.8985	117.6108
115.9595	117.8135
116.7944	118.2461
117.1482	118.6289
117.3088	118.714
117.4947	119.0502
117.655	118.9707
117.8455	119.4181
118.2892	119.6918
118.5716	119.9231
118.7847	120.2243
119.4941	121.0059
119.6547	120.9722
120.2751	121.9008
120.3622	121.829
120.388	121.9386
120.7358	122.3655
120.8827	122.7929
120.8993	122.9695
121.0388	122.9593
121.0432	122.9793
121.1082	123.0211
121.6687	123.203
121.9483	123.5042
122.3955	124.0411
122.4276	124.0731
122.7244	124.1606
122.9288	124.2389
123.281	124.7205
123.8002	125.3803
123.8447	125.4435
123.9503	125.4281
124.0882	125.687
124.57	126.1442
125.1675	126.7412
125.3186	126.7251
126.3444	127.7182
126.6466	128.181
126.9425	128.4017
127.0248	128.5566
127.1317	128.5061
127.3254	128.7908
127.7361	129.2273
127.9104	129.4177
128.099	129.5865
128.0992	129.5056
128.3665	129.7228
128.5319	130.0688
128.5738	129.9645
128.9848	130.3753
129.3818	130.8984
129.5619	131.2182
129.5699	131.0238
129.7837	131.3789
129.8146	131.6055
129.8432	131.6973
129.9611	131.6511
130.1492	131.9695
130.3214	132.0397
130.6125	132.3158
131.5222	133.0677
131.5458	133.0333
131.5688	133.2243
131.9357	133.4634
132.0704	133.5688
132.1919	134.1972
132.2021	134.0856
132.4321	134.4784
132.4428	134.3012
133.4004	134.8139
133.6582	135.1663
133.6917	135.2934
133.756	135.5757
133.8063	135.4528
133.975	135.6563
134.1526	135.5863
134.2835	135.6947
134.6035	135.9164
134.7024	136.1979
134.9434	136.2701
135.2129	136.7049
135.3349	136.6688
135.6707	137.1572
135.8603	137.3923
135.9718	137.7547
135.9869	137.8215
136.1604	137.9506
136.1652	137.988
136.4387	138.0231
136.9945	138.6279
137.4377	138.8765
137.7635	139.1451
137.8159	139.4689
137.8664	139.5256
137.9021	139.5666
138.4172	139.866
138.6703	140.0473
138.9247	140.3961
138.9353	140.4892
139.192	140.6953
139.3005	140.724
139.5884	141.1751
139.6515	141.503
139.6885	141.6921
139.7554	141.7757
140.1739	141.711
140.4674	142.1129
141.0761	142.5382
141.237	142.6989
141.4322	142.7877
141.7294	143.4222
141.7758	143.5736
141.8129	143.557
142.0867	143.77
142.1338	143.8281
142.3485	144.0249
142.4675	144.0671
143.0675	144.7254
143.1002	145.1355
143.1322	145.4784
143.1937	145.6636
143.2478	145.7727
143.2666	145.7825
143.3152	145.8416
143.4181	145.704
143.4322	145.807
143.5752	145.7933
144.0658	146.0685
144.0958	146.0664
144.6908	146.3378
144.8718	146.7743
144.9087	146.6022
144.9426	146.7044
145.047	146.8302
145.4402	147.3647
145.5142	147.361
145.6472	147.6893
145.6486	147.9167
145.6685	147.9228
145.6936	147.9933
145.7371	147.7784
145.9249	148.0238
146.0705	148.2019
146.2573	148.4023
146.4623	148.3572
146.7447	148.9886
146.7477	148.8245
146.7622	148.9006
146.7899	148.9596
146.9487	149.1409
147.0662	149.2306
147.2044	149.2841
147.4252	149.5616
147.4396	149.5621
147.6138	149.4326
147.9874	149.7746
148.0718	149.6753
148.661	150.0895
148.7621	150.3318
148.9263	150.2697
149.2776	150.7862
149.4619	151.0651
149.483	150.9202
149.8545	151.4786
149.8573	151.4991
149.9814	151.4957
150.2785	151.8265
150.3514	152.0349
150.8146	152.208
151.0422	152.7259
151.1189	152.7644
151.471	152.9482
152.0747	153.552
152.2612	153.748
152.3252	154.0482
152.3748	154.1662
152.5824	154.1754
152.9058	154.8628
152.9176	154.9433
152.9281	154.8084
152.9525	154.991
153.0744	155.1569
153.1495	155.3415
153.3601	155.3086
153.493	155.5561
153.5216	155.6594
153.7522	155.5957
153.8697	155.7152
154.0601	155.8129
154.8643	156.1846
154.9787	156.4989
155.0086	156.5524
155.0173	156.522
155.2306	156.7199
155.8464	157.2821
156.0743	157.5217
156.2653	157.7873
156.3023	158.0332
156.3375	158.1158
156.4284	158.1849
156.7474	158.2483
157.1695	158.544
157.3694	158.9792
157.7985	159.2181
158.048	159.8725
158.0748	159.8376
158.155	159.8613
158.3106	160.0388
158.6051	160.06
158.7624	160.1047
159.0034	160.4536
159.0314	160.5078
159.2121	160.7002
159.2776	161.1112
159.3973	161.474
159.4556	161.2914
159.7196	161.5437
159.7962	161.6332
160.5641	162.0494
160.782	162.1974
161.074	162.6081
162.0551	163.5367
162.1107	163.7109
162.1814	163.7326
162.7961	164.3177
162.9778	164.5141
162.9821	164.609
163.1265	164.9694
163.1337	165.0326
163.1474	164.941
163.2868	165.128
163.4707	165.335
163.6501	165.5927
163.661	165.7856
163.6625	165.6695
163.7501	165.8765
163.986	166.2021
164.0802	166.1631
164.3084	166.2583
164.3216	166.2945
164.3681	166.4082
164.4064	166.3727
164.9482	166.4211
165.1973	166.6891
165.2692	166.9235
165.2843	166.8337
165.842	167.1807
165.9362	167.425
166.4152	167.8589
166.4649	167.9409
166.7717	168.1212
166.8233	168.2476
167.0825	168.5591
167.1741	168.8778
167.3122	168.989
167.4457	168.8878
167.9628	169.3465
168.0833	169.6012
168.2574	169.7538
168.6406	170.3003
168.6471	170.2773
168.95	170.2844
169.3995	171.1006
169.4754	171.2047
169.8252	171.3582
169.9364	171.4795
170.0219	171.5026
170.0883	171.7445
170.2197	171.6916
170.3515	171.7857
170.4464	171.9337
170.5542	172.1166
170.8067	172.4671
171.1667	172.7361
171.3421	172.9072
171.3802	173.0436
171.5264	173.3943
171.5715	173.4684
171.795	173.3433
171.9986	173.5712
172.4706	174.2667
172.4845	174.2518
172.4847	174.487
172.5096	174.3496
172.722	174.5294
173.2131	174.8737
173.315	174.909
173.3315	174.8558
173.7394	175.3719
173.7443	175.3785
174.0397	175.7083
174.2295	175.712
174.4141	175.898
174.4358	176.0642
174.5068	176.0988
174.6446	176.149
174.8006	176.3619
174.9042	176.6011
174.9534	176.67
175.0706	176.7011
175.1601	176.8266
175.263	176.8841
175.2872	177.0633
175.5044	177.0807
175.8807	177.3714
176.3041	178.2076
176.4742	178.2378
176.7756	178.3734
177.0178	178.4645
177.1464	178.6678
177.2781	178.8292
177.4637	178.9211
177.5636	179.0113
177.601	179.1451
177.7704	179.3062
178.1176	179.6861
178.2158	179.6977
178.966	180.4314
179.5544	181.0619
180.2068	181.6154
180.3411	181.8282
180.3415	181.8853
180.5908	182.1396
180.7029	182.1868
181.1975	182.8628
181.2475	182.8589
181.5461	182.9328
182.1623	183.5835
182.5491	184.099
182.9789	184.5007
183.0882	184.7955
183.1398	184.8654
184.09	185.5209
184.1429	185.9522
184.1899	186.246
184.2666	186.2183
184.3935	186.4833
184.4342	186.5051
184.4736	186.5293
184.5639	186.66
184.6818	186.8353
184.8778	186.7874
185.0047	186.9589
185.1839	186.9586
185.558	187.3458
185.6301	187.3196
186.1287	187.5152
186.6891	188.108
187.0468	188.5056
187.2253	188.8181
187.5184	188.9534
188.2205	189.7624
188.6786	189.9852
189.0733	190.571
189.2427	190.5618
189.6611	191.1093
189.977	191.4003
190.0803	191.7096
190.1291	191.7071
190.2865	191.883
190.5802	192.2049
190.7734	192.3564
190.8557	192.3594
191.0383	192.5495
191.0654	192.5536
191.2551	192.8094
191.366	192.9734
191.6122	193.039
192.305	193.786
192.3384	193.947
192.7045	194.2844
192.833	194.2443
193.409	194.93
193.8056	195.287
193.8333	195.4598
194.0698	195.402
194.169	195.4914
194.3186	195.8319
194.4631	196.0241
194.9976	196.5387
195.1368	196.5384
195.1976	196.5931
195.4427	197.0191
195.4952	197.0308
196.0018	198.035
196.0361	198.3049
196.1373	198.3002
196.223	198.4741
196.3436	198.64
196.4366	198.7438
196.4582	198.8793
196.5993	198.9898
196.7558	199.1762
196.7694	199.3157
197.4219	199.5098
197.6783	199.6921
197.788	199.5977
198.485	200.0548
198.5839	200.093
198.7303	200.3498
198.7826	200.5709
198.7993	200.5191
198.8685	200.5186
199.3494	200.8822
199.4718	200.8408
200.1496	201.4713
200.2741	201.8128
200.3465	202.0218
200.3493	202.0782
200.5464	201.9555
201.1183	202.5778
201.2968	202.8074
201.7774	203.1004
202.0633	203.7432
202.0962	203.8073
202.1161	204.0046
202.1444	204.0182
202.2672	204.1974
202.4638	204.468
202.5264	204.5511
202.6164	204.7399
202.6212	204.5858
202.6946	204.8452
202.718	204.8451
202.9179	204.8417
203.1767	204.8603
203.2293	205.0962
203.5108	205.2239
203.7399	205.4753
203.7653	205.7495
203.7677	205.5746
203.7768	205.5697
203.9117	205.7859
203.9737	205.7847
204.5968	206.0393
204.8342	206.3145
204.9114	206.6296
205.078	207.0184
205.3353	207.3351
205.3591	207.3081
205.4336	207.2661
205.4807	207.3305
205.679	207.4052
206.2214	207.81
206.3057	207.7547
206.3255	208.0154
206.695	208.472
206.7073	208.3576
207.4576	208.8927
208.2167	209.5381
208.4808	209.9356
208.521	210.3259
208.5897	210.4717
208.6594	210.3895
208.6867	210.3604
208.8089	210.5288
208.9224	210.4445
209.3595	210.7663
209.5769	210.8961
209.7305	211.2039
209.7695	211.2775
209.9093	211.5367
209.9761	211.6377
210.0404	211.5693
210.2416	211.7946
210.3434	211.7207
210.8666	212.2775
211.2154	212.7289
211.2298	212.8877
211.4002	212.8595
212.7843	214.3328
212.804	214.619
212.8875	214.7315
212.9316	214.7157
212.9362	214.8339
213.2039	214.9102
213.6172	215.3698
213.7492	215.4322
213.9483	215.6611
213.9607	215.7635
214.2243	215.8384
214.2413	216.1024
214.3209	215.8947
214.763	216.1885
214.8987	216.3102
215.0246	216.7077
215.0736	216.8523
215.955	217.4643
215.9954	217.5065
216.1878	217.7129
216.8564	218.4009
216.9136	218.5466
217.3018	218.8632
217.3432	218.9682
217.7679	219.2054
218.1334	219.4766
218.2651	219.7283
218.3855	219.8314
218.6088	220.1204
219.0381	220.3966
219.2371	220.772
219.6754	221.0722
219.8643	221.5075
219.8817	221.6911
219.882	221.635
220.3303	221.9058
220.3314	222.0088
220.3959	222.0884
220.7744	222.452
220.8061	222.4306
221.3946	223.3206
221.5492	223.209
221.6473	223.2099
223.6279	225.0182
224.0473	225.6572
224.1136	225.8522
224.725	226.1318
224.7607	226.1818
224.9154	226.4618
225.6587	227.204
225.7023	227.2625
225.8283	227.38
226.3779	227.9756
226.4717	228.047
226.9707	228.477
227.0048	228.6327
227.5151	229.0503
227.942	229.4094
227.9561	229.3681
228.4363	229.9683
228.5052	230.0438
228.9371	230.5515
228.9578	230.7704
229.1367	231.0342
229.1925	230.8524
229.4073	230.9437
229.732	231.3876
229.8108	231.3112
229.8474	231.385
230.1527	231.7113
230.2132	231.6451
230.7086	232.0775
230.8997	232.5866
230.9371	232.6111
231.1159	232.7677
231.2591	233.0346
231.3472	233.0717
231.7112	233.2691
231.8282	233.2529
231.9066	233.516
232.0094	233.4544
232.0933	233.532
232.2185	233.6408
232.5843	233.9419
233.035	234.437
233.2242	234.6537
233.3366	235.0093
233.3766	235.1291
233.4074	235.1167
233.4606	235.261
233.7656	235.2715
234.7343	236.1991
234.7878	236.3703
235.6384	237.1392
235.741	237.1579
236.0446	237.4214
236.2586	237.8666
236.4211	238.0759
236.8036	238.1535
236.9287	238.3159
237.1943	238.876
237.3964	238.8808
237.7604	239.3665
237.8958	239.4913
238.5147	239.8748
238.57	240.1201
238.7127	240.2883
238.7628	240.3193
239.2026	240.7206
239.3	240.8734
239.5232	241.0702
239.5628	241.0162
239.6654	241.2822
239.897	241.3418
240.1499	241.5666
240.5562	242.1509
241.081	242.5476
241.2441	242.8527
241.3344	242.7349
241.6641	243.2021
241.9747	243.2957
242.1839	243.6578
242.3144	243.7606
242.3925	243.8123
242.6187	244.0439
243.5162	244.854
243.7822	245.2479
243.8176	245.2953
243.9582	245.4495
244.265	245.8612
244.5738	245.9846
244.6699	246.0421
245.1761	246.6678
245.6798	247.1402
245.7366	247.352
245.7788	247.3594
245.9603	247.6952
245.9735	247.7695
246.2858	248.0437
246.3269	247.9023
246.634	248.1698
247.1848	248.6563
247.2829	249.0102
247.391	249.001
247.526	249.1315
247.8369	249.3273
247.8495	249.3715
248.0259	249.4748
248.9701	250.5489
249.1713	250.8341
250.1567	251.5882
250.4224	252.0635
250.4318	251.9151
250.6647	252.1637
251.0693	252.5108
251.525	253.0945
251.9923	253.467
252.5592	254.217
252.5772	254.1471
252.7454	254.3119
252.8929	254.2498
253.1706	254.5882
253.4062	254.9899
253.4799	255.0706
253.5029	255.0067
253.7728	255.2737
253.8992	255.5286
254.3879	256.3722
254.398	256.3543
254.4078	256.3741
254.5	256.3329
254.8064	256.5445
254.9824	256.5461
255.1345	256.631
255.2885	256.8612
255.4628	256.9853
255.6841	257.2811
255.7684	257.1958
256.1605	257.6072
256.2955	257.8361
256.3778	257.8054
256.913	258.6754
256.9478	258.6897
257.0056	258.7767
257.2088	258.8853
257.7794	259.0825
257.8876	259.5153
257.9196	259.4503
258.0459	259.5729
258.5388	259.9852
258.6776	260.2495
258.7184	260.1838
259.0851	260.598
259.2162	260.8166
259.2354	260.798
259.347	261.0948
260.6003	262.0252
260.67	262.281
260.7705	262.4167
260.7836	262.3129
260.8954	262.3689
261.1446	262.6251
261.429	262.8893
261.5152	262.9457
261.9873	263.3704
262.4754	263.868
262.5947	263.9746
262.8591	264.5863
262.968	264.9428
262.977	264.7578
263.0872	264.9427
263.3234	265.02
263.8243	265.1483
263.9871	265.3389
264.3094	265.6463
264.5692	266.114
264.6438	266.3355
264.6466	266.2712
265.4414	266.9979
265.4993	267.0894
265.5244	267.0141
265.7597	267.2696
265.7768	267.2614
265.7868	267.5213
266.1266	267.5852
266.547	267.881
267.0562	268.4104
267.5858	269.0211
267.8111	269.303
268.7218	270.1185
268.7622	270.2952
269.2163	270.5874
269.7218	271.1688
269.9165	271.3098
270.1459	271.5469
270.2418	271.771
270.4839	272.2359
270.5167	272.3552
270.5607	272.2256
270.644	272.2329
271.627	273.0342
271.8005	273.2158
272.0823	273.5651
272.1438	273.6924
272.3749	274.1417
272.4631	274.1467
272.4871	274.1164
272.7908	274.24
272.8313	274.2324
272.9979	274.5791
273.0462	274.5904
273.1358	274.9605
273.1759	275.0737
273.2805	275.2379
273.3313	275.0562
273.6822	275.1912
274.2083	275.5128
274.4786	276.1402
274.5157	276.2691
274.5624	276.1385
274.6978	276.4145
275.5811	277.0181
275.8576	277.247
276.0619	277.4462
276.1748	277.6561
276.401	277.9364
276.6233	277.9581
276.6931	278.2544
277.1774	278.6651
277.3212	278.8551
277.5049	278.9621
278.1582	279.6548
278.237	279.5675
278.9019	280.4674
279.1786	280.4987
279.4132	280.7437
279.5535	280.9511
279.615	281.0665
279.8945	281.4789
279.9259	281.452
280.2131	281.7786
280.2916	281.6811
280.4376	281.9397
280.5458	282.0863
280.8139	282.3226
281.0189	282.5092
281.3734	282.9268
282.1966	283.7834
282.2442	283.6662
282.4197	284.079
282.6281	284.1327
282.7361	284.3438
283.0995	284.6186
283.6796	285.0605
284.8883	286.4594
284.912	286.4205
285.1141	286.6465
285.5651	287.0558
285.9162	287.3707
285.9785	287.3768
286.094	287.6808
286.7783	288.3117
286.9651	288.5687
287.1082	288.6972
287.3642	288.8189
287.432	288.9124
287.8203	289.3826
288.127	289.6467
288.2169	289.7926
288.3485	290.0268
288.6042	290.3094
288.6657	290.2903
288.9619	290.5213
289.2704	290.6917
289.6198	291.1027
289.7784	291.8479
289.8942	292.0329
289.9011	292.0829
289.9177	292.1909
290.1753	292.3678
290.2991	292.5164
290.4955	292.6184
290.5285	292.6386
290.8606	292.5539
291.15	292.8416
291.3342	292.7985
291.5821	292.9571
291.7764	293.1413
292.1072	293.6935
292.2961	293.7067
292.344	293.7232
292.7606	294.505
292.8234	294.5922
292.8676	294.7797
292.8822	294.6665
292.9463	294.6451
293.4426	294.8281
293.4697	294.9019
293.7618	295.5479
293.8025	296.0252
293.819	296.0173
293.8441	295.9147
293.849	295.961
293.9585	296.1877
294.0017	296.0273
294.0209	296.2494
294.7201	296.3724
294.8066	296.5414
294.9987	296.5497
295.4112	296.87
296.0224	297.5595
296.6293	297.9575
296.8238	298.2176
297.2842	298.8043
297.6808	299.3454
297.6896	299.4527
297.7186	299.5229
297.8156	299.553
297.8955	299.7012
298.2653	299.9154
298.4486	299.8654
298.7959	300.3227
299.0033	300.6709
300.1836	301.7065
300.2409	301.9846
300.304	301.9813
300.6517	302.1309
300.8363	302.2364
300.9195	302.3481
301.2008	302.7427
301.6196	303.5505
301.6268	303.5813
301.6547	303.4636
301.7113	303.6561
301.8715	303.7214
302.5239	303.9241
302.5961	304.2072
302.7011	304.4242
302.705	304.3108
303.0454	304.5597
303.3813	304.6828
303.79	305.2005
303.8823	305.2768
304.2536	305.6242
305.2298	306.8098
305.259	306.8175
305.4517	306.9347
305.5234	306.9649
307.0928	308.6656
307.7149	309.3849
307.7405	309.5422
307.7523	309.4436
307.8613	309.5279
308.46	309.9041
308.6606	310.1048
309.3076	310.8528
309.4424	311.0162
309.625	311.3092
309.8509	311.6692
309.8718	311.6458
310.097	311.6915
311.1881	312.6456
311.8599	313.5176
312.7135	314.5415
312.7273	314.4211
312.8349	314.5952
313.0386	314.7412
313.6098	315.0528
313.6511	315.4523
313.7049	315.5
313.8124	315.6136
315.0937	316.6057
315.4055	316.9055
315.4949	316.9181
315.959	317.5295
316.1411	317.732
316.1689	317.6103
316.4699	317.9043
316.7313	318.1578
317.0753	318.6051
317.3179	318.6739
317.4232	319.0448
318.0053	319.3841
318.1999	319.6693
318.2412	319.7837
318.6266	320.2042
318.9103	320.3497
318.9644	320.6517
319.1556	320.5937
319.2568	320.6865
319.4387	320.8001
319.6219	321.0298
319.8128	321.3289
319.8341	321.3528
320.0818	321.5303
320.5129	321.9726
320.7887	322.3463
320.8429	322.231
321.0528	322.5476
321.1403	322.6694
321.3174	322.6764
321.4835	323.0585
321.7062	323.2401
321.7309	323.4097
321.8705	323.2531
322.2577	323.5861
322.5219	323.9934
322.6956	324.2273
322.9754	324.5071
323.2813	324.7141
323.3091	324.7655
323.967	325.5145
324.0145	325.518
324.3699	325.8088
324.3985	326.0353
324.4837	326.1579
324.627	326.0701
324.759	326.2895
325.1555	326.5088
325.377	326.7602
325.5742	326.9548
325.688	327.2192
326.06	327.6357
326.0861	327.5368
326.2131	327.8099
326.4468	327.9745
326.5321	328.096
326.6487	328.2357
326.6904	328.304
327.0099	328.439
327.0663	328.8212
327.0973	329.0437
327.1385	329.1736
327.1811	329.1846
327.2168	329.3888
327.2178	329.1831
327.5026	329.4417
327.6045	329.4398
328.1235	329.5018
328.4688	329.9745
328.6545	330.1002
329.1881	330.6923
329.2991	330.7876
329.5041	330.8406
330.8543	332.414
330.8552	332.5169
331.0649	332.5464
331.2712	332.7525
331.4361	332.8646
331.4807	332.9143
331.633	333.186
331.7929	333.2508
331.8452	333.2726
332.1887	333.7262
332.4379	333.7926
332.7063	334.3042
333.1176	334.6609
333.345	334.9125
333.356	334.8786
333.6266	335.4378
333.7458	335.494
333.9501	335.7203
334.0037	335.655
335.0758	336.556
335.3186	336.7963
335.5115	337.0486
335.6321	337.1755
335.7508	337.2417
335.793	337.3379
335.8806	337.5099
336.1115	337.4525
336.467	337.9822
336.7099	338.1597
337.0536	338.7015
337.1051	338.7824
337.1052	338.6421
337.3206	338.7447
337.4031	338.8491
337.7963	339.2546
337.8301	339.3668
338.0211	339.394
338.3145	339.6265
338.9029	340.2956
339.0331	340.7307
339.0483	340.7747
339.1706	340.7437
339.6938	341.0866
339.753	341.3335
339.981	341.7256
339.9953	341.7522
340.0794	341.8017
340.2942	342.0196
340.5787	342.0293
340.6428	342.2091
340.9089	342.4024
340.9398	342.4665
341.3108	342.8893
341.3466	342.9137
341.4435	343.0993
341.8173	343.5342
342.8976	344.42
342.9834	344.3463
343.3115	345.0227
343.3451	345.1457
343.6302	345.2354
343.7697	345.2343
344.074	345.4591
344.097	345.6845
344.5114	345.8473
344.6132	346.0327
345.1707	346.4762
346.3612	347.7338
347.0381	348.6388
347.0633	348.6735
347.2686	348.9535
347.2823	348.8839
347.3385	348.9577
347.7484	349.198
347.7912	349.2872
348.0794	349.4332
348.2289	349.7908
348.2776	350.0706
348.5104	350.1484
349.799	351.1554
349.8909	351.6266
349.9243	351.7203
349.9299	351.7201
350.3764	351.903
350.8252	352.4228
351.421	352.9429
351.85	353.2633
352.0632	353.6701
352.1638	353.6965
352.2244	353.8201
352.3459	354.1183
352.3561	354.1583
352.4716	354.0822
352.8605	354.2879
353.0978	354.7013
353.1009	354.6862
353.2771	354.7621
353.4989	355.2068
353.7846	355.498
353.9175	355.4665
354.0899	355.514
354.134	355.6442
354.3308	355.7416
354.4802	355.8817
354.6173	356.0397
355.144	356.5159
355.2139	356.6535
355.4283	356.8925
355.5321	356.9343
356.0725	357.5835
356.076	357.664
356.4283	357.7472
357.0304	358.461
357.2789	358.8252
357.6575	359.0451
358.2516	359.8137
358.451	360.0423
358.7462	360.2748
358.7688	360.3625
359.0813	360.4709
359.1953	360.7451
359.3301	360.9249
359.4082	360.8055
359.573	361.1261
359.8598	361.3196
360.1507	361.5291
360.3857	361.9057
360.4972	362.0389
360.6325	362.2436
360.8799	362.4774
361.2709	362.889
361.3521	363.2778
361.4496	363.2771
361.5013	363.3901
362.0362	363.5915
362.1008	363.7092
362.2898	363.6597
362.7894	364.3177
362.9565	364.5162
363.0107	364.614
363.122	364.6349
363.4547	365.0068
364.4055	365.9304
364.485	366.2365
364.6142	366.4215
364.6839	366.4198
364.8257	366.6486
364.9643	366.5824
365.0637	366.7378
365.3222	366.7745
365.4223	366.9037
365.6396	367.065
365.7928	367.4191
365.7998	367.4727
365.9358	367.4991
366.1106	367.7761
366.1406	368.0715
366.2366	367.9598
366.312	367.9459
366.7788	368.2858
367.3083	368.7075
367.3641	368.9639
368.1348	369.6364
368.3015	369.9416
368.4056	370.1575
368.4221	370.258
368.8425	370.4077
368.907	370.4477
368.9334	370.499
369.0692	370.5317
369.6767	371.2202
369.9057	371.7245
369.928	371.7659
370.34	371.9711
370.3556	371.8701
370.4565	371.9209
370.932	372.364
371.4255	372.8231
371.5113	372.981
371.6102	373.3844
371.6331	373.3846
371.8285	373.5964
372.1795	373.5474
372.4912	374.1979
372.5456	374.2412
372.6007	374.3653
373.0002	374.3669
373.3768	374.9214
373.3955	374.9609
373.6621	375.2387
373.719	375.2264
373.999	375.7415
374.0164	375.8251
374.0417	375.8288
374.2029	376.126
374.3034	376.0862
374.9054	376.3218
375.1069	376.4122
375.7588	377.3602
375.8439	377.4342
376.0055	377.3306
376.1737	377.6761
376.3279	377.8559
376.3799	378.0245
376.4907	377.9374
377.1344	378.5984
377.3202	378.7076
377.4	378.8221
377.5604	379.0214
377.6002	379.3187
377.7139	379.7327
377.8555	380.1787
377.8933	380.0604
377.928	380.1755
377.9654	380.4154
378.0344	380.4936
378.1633	380.6159
378.1704	380.6605
378.2009	380.5997
378.2798	380.6166
378.8005	380.9315
378.8783	380.9583
379.4784	381.0636
379.515	381.0826
380.0103	381.8991
380.0118	381.7467
380.201	381.9106
380.6538	382.1997
380.9812	382.5591
381.0327	382.7191
381.0779	382.7732
381.4967	383.007
381.6129	383.0166
381.8594	383.4455
382.0211	383.4516
382.2775	383.6215
382.4532	383.8311
382.6672	384.094
382.901	384.3274
383.1467	384.4916
383.3977	384.7802
383.4643	385.1755
383.4761	385.0676
383.5757	385.2839
383.8344	385.2613
384.0869	385.4496
384.2849	385.8006
384.4171	385.8786
384.4768	386.1626
384.6334	386.2019
384.6405	386.1579
384.9177	386.5795
385.0432	386.662
385.082	386.5869
385.5909	387.2523
385.9231	387.2824
385.9759	387.4997
386.4473	387.9127
386.8379	388.3988
386.8505	388.3059
387.2182	388.9357
387.3025	388.8813
387.6491	389.1558
387.685	389.1736
388.2072	389.5147
388.4023	390.1244
388.4028	389.8862
388.6617	390.367
388.7368	390.2796
388.9552	390.5024
389.1408	390.6146
389.3626	390.9961
389.9577	391.3394
390.3312	391.8839
390.3904	391.844
390.4411	392.0977
390.5332	391.966
390.8225	392.3328
390.856	392.2858
391.3442	393.0003
391.3476	392.9395
391.4045	393.0156
391.4641	393.1084
391.6564	393.2902
392.3744	393.8197
392.8803	394.4502
393.1136	394.6434
393.9078	395.3638
393.9445	395.552
394.37	395.8197
394.3989	395.8256
394.608	395.976
394.7643	396.2174
395.7085	397.2278
395.7735	397.3879
396.0113	397.5652
396.1991	397.7506
396.6513	398.1039
396.9291	398.6672
396.9644	398.6602
397.1348	398.7434
397.236	398.8179
397.3447	399.0872
397.457	399.1432
397.7362	399.3775
398.1596	399.5016
398.2392	399.7736
398.2788	399.9684
398.4117	399.7982
398.7533	400.0557
398.8738	400.3618
398.9012	400.3124
399.3411	400.828
399.5407	401.0443
399.6034	401.1443
399.6309	401.3152
399.8287	401.5523
400.3168	401.798
400.4498	402.1007
400.5941	402.3908
400.6388	402.3247
400.72	402.6696
400.8783	402.8241
400.8825	402.7112
401.2296	402.7953
401.6282	403.172
401.9982	403.6306
402.0281	403.4536
402.1949	403.8118
402.295	403.7797
402.6742	404.3652
402.736	404.2439
403.0674	404.4138
403.3528	404.7965
403.6742	405.0162
404.1829	405.7833
404.1907	405.6866
404.3797	405.7918
404.5347	405.8751
404.6485	406.2584
404.6871	406.3757
404.6909	406.2369
405.2121	406.7921
405.279	406.8366
405.5055	406.9143
405.6673	406.9712
405.7638	407.292
405.8179	407.437
406.0633	407.4647
406.1918	407.9965
406.195	407.8403
406.2352	407.8457
406.2468	407.8736
406.6322	408.5514
406.6325	408.41
406.6598	408.4801
406.7809	408.5497
406.9605	408.6694
407.0064	408.7078
407.1883	408.7225
407.489	408.8271
407.5832	409.0722
408.1178	409.5751
408.1416	409.7616
408.1847	409.8783
408.7756	410.0919
408.8708	410.2539
409.4302	410.9533
409.5306	411.0359
409.9066	411.305
410.3818	411.9709
411.2435	412.6751
411.7441	413.2592
411.9364	413.4063
412.306	413.8647
412.4175	413.884
412.5811	414.0818
413.1552	414.6709
413.2419	414.8026
413.3731	414.9438
413.7801	415.2105
413.8407	415.4122
413.9822	415.4879
414.0687	415.5633
414.4814	415.9926
414.8283	416.1692
414.9625	416.454
415.49	417.084
415.645	417.2393
415.7516	417.2116
416.2757	417.816
416.3979	417.7915
417.477	418.8452
417.5424	418.967
417.9314	419.348
418.0997	419.4887
418.1326	419.6498
418.2978	419.9046
418.515	419.9629
418.7585	420.1503
418.932	420.3994
419.3604	420.9796
419.4031	421.0862
419.9963	421.5021
420.1649	421.8761
420.2233	422.0947
420.3347	422.3168
420.4201	422.3649
420.4852	422.4672
420.5058	422.4419
420.6366	422.4828
420.8267	422.6361
420.9457	422.4713
421.8199	423.2671
422.0097	423.4769
422.1074	424.0121
422.1213	423.9458
422.7079	424.2449
422.7451	424.5206
422.8423	424.6633
423.0494	424.6691
423.4061	424.8952
423.9121	425.4804
424.0344	425.5753
424.1514	425.7612
424.7926	426.3287
425.3626	426.8484
425.592	427.1359
425.701	427.3042
427.9021	429.3116
427.9952	429.6075
428.1151	429.603
428.1306	429.8216
428.3394	430.0071
428.5053	429.999
428.6188	430.0889
428.9135	430.562
429.0844	430.4333
429.2667	430.7589
429.4569	431.0072
429.6486	431.1648
430.2151	431.9642
430.238	431.7934
431.0659	432.6728
431.6442	433.1432
431.6486	433.0835
431.8707	433.4545
431.9535	433.5975
432.974	434.3821
433.4153	434.9821
433.8395	435.3949
434.0743	435.6448
434.5025	436.0341
434.582	436.2328
434.7372	436.294
435.017	436.3853
435.2976	436.8482
435.3624	436.7423
435.6047	437.0622
435.6894	437.3472
435.7636	437.4079
435.9469	437.2829
436.1163	437.6853
436.36	437.9326
436.3976	438.1236
437.0008	438.3817
437.0839	438.6874
437.0853	438.8088
437.1738	438.9211
437.4179	438.8271
437.572	439.022
437.7161	439.3823
437.7469	439.383
437.8212	439.4152
438.1853	439.5268
438.8211	440.2564
438.9059	440.538
438.9398	440.5881
439.284	440.6888
439.6282	440.9552
439.7133	441.1642
439.7771	441.5588
439.8298	441.5038
439.8403	441.5378
439.89	441.5611
440.0606	441.7837
440.1868	441.9469
440.4022	442.1016
440.4439	442.1541
440.576	442.3582
440.7477	442.2988
441.1754	442.6674
441.9369	443.8862
441.9885	443.9196
442.041	444.0871
442.052	443.9274
442.2509	443.9867
442.2947	444.0291
442.8137	444.2957
443.3933	444.729
443.5983	444.9717
443.669	445.2633
444.1916	445.7255
444.3743	445.9545
444.5191	446.106
444.5555	446.1173
444.7651	446.2072
445.1224	446.6819
445.469	446.9333
445.7851	447.1744
446.1299	447.6705
446.1793	447.8948
446.2132	447.9281
446.6953	448.2883
446.7214	448.2392
447.1413	448.6867
447.8196	449.2288
448.0728	449.7557
448.0928	449.8149
448.2157	449.9257
448.2326	450.0207
448.2593	449.9353
448.4442	450.0576
449.2248	450.5504
449.6746	451.237
449.8758	451.2768
450.0235	451.3997
450.2488	451.761
450.2658	451.8245
450.4573	451.8886
450.6365	452.0928
450.7207	452.4731
450.736	452.3365
450.7607	452.2524
451.7743	453.2362
451.7849	453.2499
452.0319	453.5104
452.1435	453.8398
452.1642	453.8839
452.2251	453.8055
452.8919	454.4224
452.9569	454.4474
453.3672	455.0291
453.3679	454.9079
453.5375	455.3711
453.559	455.4514
453.6864	455.522
454.4425	455.7927
454.6811	456.2183
455.6682	457.0664
455.7788	457.3254
455.7806	457.57
455.8442	457.5361
455.9672	457.5034
456.2301	457.9027
456.2311	457.7902
456.4208	458.0771
456.4364	457.9473
456.581	458.268
456.6158	458.2364
456.6967	458.5558
456.8401	458.436
457.0195	458.5713
457.1788	458.821
457.4793	459.0273
457.5654	459.3338
457.6289	459.3584
457.8123	459.5321
457.8797	459.6892
457.9738	459.7415
458.2041	460.0143
458.2812	459.8916
458.6425	459.9748
459.0579	460.6686
459.2096	461.2178
459.3265	461.3553
459.3535	461.4743
459.5175	461.5612
459.683	461.5068
459.7077	461.509
460.1867	461.8104
460.2283	461.9295
460.3602	461.9249
460.8363	462.2324
460.9864	462.5664
461.0229	462.5742
461.1866	462.7579
461.5272	462.8859
461.7624	463.0798
461.9541	463.4645
462.274	463.6446
462.4345	464.052
462.5875	464.2175
462.5915	464.2022
462.9241	464.4104
463.0894	464.8829
463.1837	465.2249
463.1958	465.1459
463.6219	465.7261
463.6421	465.6267
463.6549	465.5724
463.7203	465.6775
464.3856	465.8601
464.5832	466.0309
464.6078	466.2125
465.0387	466.589
465.8525	467.4357
466.1731	467.5498
466.5489	467.9074
466.6771	468.2461
466.762	468.8483
466.8443	468.9062
466.8572	468.8457
467.3718	469.2558
467.3842	469.1011
467.4457	469.1702
467.7689	469.3609
468.3262	469.6701
468.7905	470.1637
468.8863	470.3256
469.4008	470.963
469.4164	471.01
469.4523	471.2415
469.7002	471.4766
469.7224	471.481
469.9444	471.4132
470.211	471.7621
470.2689	471.8021
470.464	471.7889
470.8632	472.2713
471.1135	472.6555
471.4833	472.9286
471.9606	473.5008
471.9793	473.6007
472.3591	473.8734
472.6319	474.0951
472.688	474.2707
473.0678	474.4435
473.1607	474.8154
473.1758	474.8561
473.4993	475.0674
473.533	475.0783
473.9388	475.415
474.0299	475.472
474.9703	476.5443
475.2435	476.8083
475.3909	477.0888
475.442	477.18
475.6924	477.5662
475.7289	477.4779
475.7765	477.6413
475.8425	477.6165
476.087	477.7746
476.3527	477.9687
476.9358	478.3221
477.2136	478.8429
477.6332	479.0939
478.0365	479.5712
478.1685	479.8764
478.1956	479.7722
478.208	479.7167
478.6657	480.1565
478.9199	480.344
479.2509	480.7251
479.4288	480.7735
479.7463	481.0637
479.8793	481.3853
480.1383	481.6282
480.2323	481.7306
481.0367	482.5138
481.5005	482.8324
481.6867	482.9926
482.095	483.809
482.214	483.8027
482.6257	484.1141
482.6399	484.2327
482.7626	484.2474
483.0701	484.6395
483.2352	484.788
483.9904	485.578
484.0997	485.4965
484.3042	485.8694
484.4221	486.0133
484.4583	485.9478
484.6218	486.0787
485.0268	486.5704
485.0362	486.6275
485.3325	486.9201
485.4104	487.0767
485.4533	487.2039
485.592	487.2805
485.6605	487.3152
485.8787	487.5944
485.953	487.6983
486.0285	487.5483
486.1628	488.0093
486.166	487.8236
486.3217	488.1383
486.3532	488.2133
486.4309	488.3891
486.8977	488.521
487.1688	488.9199
487.4264	489.0497
488.1909	489.7493
488.3162	489.7003
488.63	490.2486
488.6391	490.219
488.8042	490.4704
489.0578	491.0826
489.1717	491.424
489.198	491.4187
489.2759	491.5247
489.3579	491.6328
489.6285	491.5981
489.7765	491.6685
489.7806	491.8172
490.131	492.004
490.4313	492.4329
490.4547	492.4921
490.4689	492.3956
490.4818	492.3201
490.7598	492.396
491.1416	492.6466
491.2345	492.7609
491.381	492.9724
491.4107	492.9604
491.4198	493.0532
491.6075	493.3212
491.8165	493.3237
492.1843	493.5327
492.3084	493.7908
492.431	493.8446
492.7175	494.1716
492.8696	494.2594
492.9139	494.4048
493.0268	494.5077
493.2945	494.8752
493.3157	494.8362
495.1493	496.5833
495.2383	496.7314
495.5347	497.1047
495.676	497.3986
495.7049	497.5514
495.7191	497.7197
495.8227	497.6762
495.9306	497.7884
496.1151	497.9757
496.1807	497.9148
497.0799	498.6251
497.2959	498.6637
497.3861	498.8759
497.7049	499.2331
498.0815	499.5908
498.3343	499.9053
498.5065	500.0741
498.7369	500.1557
498.802	500.3132
499.5223	500.8768
499.6494	501.2569
499.8123	501.3741
500.3143	501.7085
500.9447	502.5278
500.9556	502.6207
501.3632	502.8049
501.6775	503.1885
501.949	503.4678
502.3176	503.6751
502.6297	504.094
502.7152	504.084
503.2007	504.829
503.2592	505.1531
503.2888	505.0018
503.5162	505.3695
503.5445	505.4084
503.5634	505.4068
504.0222	505.5703
504.0334	505.5748
504.9714	506.4326
504.9896	506.4435
505.2189	506.5865
506.3301	507.7449
506.5302	508.0994
506.9828	508.6185
506.9935	508.5474
507.4269	508.8705
507.4479	508.8649
508.216	509.6376
508.3918	510.0737
508.4484	510.1437
508.6039	510.3598
508.6893	510.5783
508.7489	510.5096
508.8469	510.8903
509.1412	511.5984
509.1464	511.5363
509.1774	511.6072
509.3011	511.7373
509.47	512.0551
509.5219	512.163
509.8424	512.1835
509.9127	512.3689
510.1093	512.3315
510.2186	512.3969
510.3283	512.4776
510.9684	512.5652
511.1251	512.8089
511.1863	512.7479
511.2857	512.8943
511.4506	512.9539
511.8752	513.3774
512.0454	513.6502
512.1046	513.792
512.3538	513.829
512.9258	514.4957
513.2511	514.571
513.9481	515.5537
513.9663	515.7342
514.0382	515.8883
514.0911	515.819
514.7072	516.3808
514.7244	516.2547
515.0478	516.3499
515.2571	516.5741
515.4804	516.9044
515.632	517.0206
515.7539	517.1488
515.967	517.5248
516.1656	517.7047
516.4551	517.9352
516.506	518.1321
516.5304	518.2682
516.6278	518.3046
516.7795	518.272
517.3245	518.8023
518.2416	519.7751
518.3643	519.6834
518.4981	519.9407
518.6867	520.176
519.1904	520.7488
519.285	520.9461
519.3499	521.0657
519.4654	521.3676
519.5344	521.3222
519.5905	521.3161
519.9704	521.4752
520.023	521.5
520.2259	521.8584
520.3296	522.0086
520.4254	522.156
520.495	522.2464
520.733	522.6006
520.8405	522.7195
520.9402	522.9503
520.9913	522.7616
521.3789	522.8388
521.8144	523.1185
521.9939	523.612
522.0236	523.7592
522.0789	523.8296
522.2276	523.811
522.6263	524.1994
522.6537	524.2907
522.8109	524.8088
522.8168	524.6719
522.8629	524.6639
523.007	524.7862
523.5292	524.934
523.8272	525.4595
523.9095	525.5567
524.1539	525.6228
524.4111	525.873
524.5237	525.8492
524.7009	526.2314
525.1184	526.7145
525.2401	526.9905
525.3223	526.8988
525.3259	526.9121
525.5489	526.9624
525.8727	527.4319
525.8739	527.4541
525.9109	527.5417
526.0844	527.7687
526.2899	527.6834
526.606	528.0609
527.3752	528.8648
527.4428	528.8636
527.8692	529.2718
528.2024	529.7985
528.276	529.8937
528.4449	530.2885
528.5221	530.1677
528.8924	530.3965
529.1315	530.538
529.4736	531.1009
529.5012	531.1981
529.7213	531.5955
529.8388	531.5126
529.8708	531.7576
530.0545	531.6403
530.2578	531.7374
530.7409	532.0694
530.8926	532.2874
530.9009	532.3618
531.2654	532.6444
531.3397	532.7869
531.4869	532.9354
531.8745	533.3605
531.9809	533.6362
532.0004	533.6388
532.7801	534.308
532.8278	534.4554
533.86	535.3363
534.3557	535.7329
534.8132	536.2738
535.2425	536.7422
535.4011	537.0532
535.4077	536.818
535.9222	537.4681
535.9237	537.4792
535.9635	537.6066
536.1814	537.5999
536.3508	537.7745
536.5311	537.8381
536.6784	537.9958
537.1801	538.4864
537.3348	538.8268
537.5095	538.9397
537.5234	539.0292
537.6685	539.1013
537.9526	539.4297
538.1668	539.7585
538.3555	539.8094
538.4556	539.8869
538.4619	540.07
538.6753	540.2476
538.7264	540.5713
538.7647	540.4901
539.1069	540.6369
539.684	541.3004
539.6889	541.4061
539.7056	541.2945
539.8236	541.5457
540.0114	541.8478
540.0427	542.0472
540.1633	542.31
540.2149	542.2397
540.227	542.3288
540.2413	542.3148
540.5003	542.6203
540.5882	542.8345
540.6807	542.8599
540.8616	543.133
540.8658	543.2434
541.0317	543.2893
541.2622	543.4566
541.6604	543.4731
542.0402	543.5975
542.5911	543.9547
542.7175	544.1363
542.8093	544.2708
542.8934	544.5309
544.233	545.8698
544.264	545.8734
544.6834	546.1076
544.9771	546.5308
545.0371	546.7911
545.1176	546.5682
545.4958	546.8699
545.8542	547.3869
546.0486	547.4493
546.5159	547.979
546.5702	548.2935
546.8251	548.2305
547.4091	548.9707
547.4359	548.8663
547.655	549.2152
547.6789	549.2164
547.8574	549.398
548.3645	550.0598
548.3764	549.9521
548.6356	550.1033
548.9174	550.2741
549.1634	550.6287
549.1783	550.6303
549.3421	550.6978
549.6799	551.1195
549.977	551.7024
550.374	551.9677
550.4297	551.9958
550.8217	552.2529
551.0234	552.7305
551.0332	552.8812
551.1378	552.9306
551.1599	552.869
551.2134	553.0184
551.4328	553.2843
551.5763	553.3311
551.7164	553.1824
552.0756	553.4488
552.4035	553.8757
552.5393	554.2446
552.603	554.244
552.6356	554.4383
553.1406	554.6726
553.2277	554.6634
553.2669	554.854
553.5856	555.289
554.5126	556.069
554.5698	556.1169
554.6434	556.2812
554.7935	556.5056
555.1849	556.7485
555.3208	556.7107
555.6118	557.0603
555.9104	557.4747
556.4793	557.9147
556.858	558.3645
557.0455	558.3649
557.1918	558.5675
557.612	559.138
557.7583	559.3073
557.8671	559.406
558.3748	559.7296
558.657	560.0764
558.8867	560.4028
559.0892	560.4535
559.3044	560.7306
559.68	561.2442
560.0328	561.5983
560.2255	561.6867
560.3157	561.8544
560.3858	561.9721
560.7568	562.2442
561.0619	562.519
561.4213	563.067
561.4455	563.4012
561.4842	563.4397
561.5983	563.634
561.5997	563.6961
561.6318	563.7844
561.6666	563.8936
561.6743	563.9418
561.9402	564.0169
562.5139	564.0313
562.7321	564.2077
562.939	564.3765
563.0558	564.4766
563.5712	564.8838
563.6598	565.2901
563.7142	565.1697
564.2669	565.7177
564.7936	566.1895
565.1144	566.6934
565.3487	566.9742
566.2374	567.6903
566.6759	568.1835
567.4507	568.8375
567.883	569.2679
568.1094	569.7112
568.2317	569.9604
568.3322	570.1739
568.707	570.1925
569.0199	570.4926
569.1247	570.7986
569.5875	571.0733
569.8828	571.4493
570.3843	571.9212
570.8483	572.2829
571.0653	572.5619
571.4416	572.8054
571.8037	573.3286
572.2758	573.6912
572.3409	573.7612
572.6758	574.0834
572.9712	574.4669
573.0691	574.6294
573.4372	574.9824
573.4993	575.1875
573.5489	575.3216
573.8911	575.255
574.2671	575.9061
574.2993	575.9365
574.3191	576.1599
574.3353	575.9942
574.5919	576.4205
574.7344	576.319
574.9359	576.5544
575.1724	576.5016
575.2641	576.6487
575.5267	576.9459
575.9257	577.2546
576.2433	577.6647
576.5907	578.0494
576.7815	578.1476
577.3108	578.8188
577.5266	579.0988
577.5877	579.0497
578.0698	579.3797
578.4445	580.0333
578.5411	580.3447
578.5718	580.2554
578.6477	580.5539
578.7791	580.649
579.0669	581.0495
579.1533	581.1214
579.5597	581.3135
579.624	581.2673
580.2306	581.8779
581.2957	582.8189
581.7393	583.0737
581.936	583.4447
582.1206	583.6672
582.1461	583.8707
582.6115	584.3077
582.7832	584.2209
583.1622	584.5358
583.3453	585.0645
583.3468	585.0464
583.3694	585.213
583.489	585.1629
583.8694	585.2851
583.9347	585.5498
584.1889	585.8164
584.834	586.5854
585.5061	586.983
585.5406	587.1635
585.9025	587.2104
586.571	587.9347
586.891	588.564
586.9079	588.4735
587.6169	589.0684
587.7034	589.3438
587.729	589.541
587.8251	589.5404
588.3992	589.9682
589.0087	590.4193
589.1081	590.5187
589.2284	590.8061
590.2657	591.6427
590.4199	591.926
590.6726	592.1064
590.7092	592.4361
590.9293	592.6866
590.9837	592.6766
591.0381	592.8016
591.068	592.7704
591.116	592.9242
591.6219	593.3133
591.7272	593.3861
592.1381	593.7867
592.4201	593.8665
592.5034	594.1598
592.5315	594.1181
592.58	594.1197
593.1878	594.7357
593.4963	594.9376
593.5403	595.1402
593.8612	595.404
594.0378	595.416
594.2336	595.6185
594.825	596.3803
595.1005	596.9778
595.1348	597.0217
595.2048	597.0143
595.4136	597.1724
596.0394	597.482
596.0981	597.6845
596.3104	597.8441
596.6487	598.0851
596.8284	598.2201
596.8733	598.28
597.1626	598.587
598.1778	599.6697
598.4777	599.8369
598.5749	600.0342
599.0017	600.6434
599.0724	600.8981
599.076	600.9606
599.1609	600.9447
599.1685	601.0902
599.272	601.0939
599.3106	601.1582
599.5311	601.1504
599.8763	601.5251
599.9403	601.8693
599.9998	602.1384
600.0534	602.2447
600.2387	602.1654
600.3418	602.197
600.6538	602.244
600.9	602.6458
601.0037	602.9872
601.0095	603.0901
601.0187	603.2038
601.2174	603.379
601.2249	603.4155
601.2351	603.3368
601.2964	603.4812
601.6713	603.9285
601.7154	603.9815
601.7513	604.0499
601.8476	604.1465
601.8825	604.1509
602.0217	604.0744
602.3603	604.203
602.5243	604.3884
602.7871	604.5761
603.0109	604.6503
603.2499	604.5984
603.9287	605.4203
604.0615	605.4665
605.0383	606.5282
605.3497	607.0875
605.3841	607.174
605.3856	607.0943
605.8445	607.1721
606.0307	607.5113
606.2774	607.8135
606.6592	608.2222
606.8644	608.3124
606.948	608.5106
607.0739	608.4934
607.3732	608.6872
607.4818	608.9796
607.812	609.1778
608.0655	609.462
608.3719	609.9104
608.5672	610.0174
608.6089	610.142
608.9778	610.38
609.7512	611.2541
609.8659	611.4234
609.9418	611.3222
610.2499	611.7061
610.3091	611.9652
610.7946	612.2878
611.0192	612.4605
611.1628	612.7583
611.2458	612.7964
611.3632	613.1977
611.5982	613.2778
611.6808	613.2012
612.1168	613.4978
612.4454	613.9091
612.9025	614.3528
612.917	614.4592
613.1915	614.7605
613.3177	614.8567
613.3382	614.9967
613.5754	615.0311
613.8358	615.2979
613.9747	615.3598
614.0697	615.5442
614.3703	615.769
614.4041	615.8023
614.9568	616.6935
615.0233	616.6551
615.2048	616.7607
615.4136	617.0547
615.4654	617.5041
615.4665	617.3682
615.4944	617.4427
615.5779	617.5077
615.643	617.6226
615.7099	617.8793
615.858	617.9436
616.0124	617.9699
616.1193	617.9133
616.6183	618.1723
616.6719	618.2551
616.9206	618.3235
617.2498	618.8558
617.3813	618.8254
617.7706	619.4824
617.8211	619.5925
617.8924	619.8433
617.969	619.9284
618.1	619.7627
618.1175	619.8855
618.5934	620.1439
618.8966	620.5284
619.0384	620.8273
619.1568	620.9621
619.204	621.1583
619.2535	621.0531
619.3662	621.1529
619.3773	621.2016
619.5939	621.4782
619.6334	621.4851
619.7044	621.478
621.2861	622.7173
621.6329	622.9839
621.7313	623.3897
621.7373	623.4269
621.9224	623.3371
623.1765	624.5132
623.5909	625.0107
623.6678	625.4138
623.6887	625.4604
623.7493	625.3712
624.0022	625.5406
624.6239	626.1422
624.6621	626.2655
624.7586	626.4106
624.8745	626.3831
625.5194	626.9989
625.621	627.0487
626.0125	627.3432
626.1247	627.465
627.1533	628.4636
627.3458	629.1154
627.4064	629.3082
627.4677	629.3534
627.6136	629.3943
627.7897	629.2591
628.1405	629.5737
628.6641	630.3016
628.7197	630.521
628.7431	630.6607
628.7678	630.7193
628.8267	630.5004
629.5573	630.9858
629.5782	631.0248
629.7995	631.2002
629.9389	631.7537
629.9789	631.6547
630.023	631.8033
630.0702	631.9512
630.1235	632.1913
630.1509	632.2703
630.3581	632.4437
630.364	632.3242
630.6731	632.466
630.7858	632.7101
631.0541	632.6917
631.3296	632.9713
631.394	632.9591
631.4424	633.0653
631.821	633.2988
632.0473	633.5758
632.3017	633.7592
632.4471	634.0277
632.4624	634.0516
632.6035	634.2077
632.7664	634.4506
632.8258	634.6525
633.0896	634.6186
633.8203	635.3522
633.9224	635.302
633.9956	635.6795
634.0226	636.0209
634.0322	635.9603
634.1426	636.0053
634.4642	636.1134
634.9161	636.3002
634.9515	636.4411
635.43	636.8177
635.5897	636.9206
635.7279	637.2179
635.772	637.4356
635.878	637.3626
636.7654	638.2597
636.9435	638.319
637.0085	638.491
637.1645	638.8471
637.2923	638.8006
637.4508	639.0276
637.9027	639.2202
638.0634	639.488
638.2029	639.5569
638.3231	639.8805
638.3256	639.9416
638.5045	640.0043
638.7963	640.3882
639.1692	640.5461
639.7614	641.1894
639.9262	641.6138
640.0387	641.441
640.248	641.7249
640.5005	641.9848
640.8046	642.2396
640.9585	642.5644
640.9728	642.5656
640.9954	642.6783
641.1446	642.9002
641.2967	642.9376
641.9483	643.2672
642.3274	644.0003
642.3329	644.0477
642.4187	644.0023
642.8064	644.3579
642.9047	644.5455
643.7612	645.1948
645.1409	646.4886
645.708	647.1995
645.938	647.2429
646.2374	647.9335
646.2574	647.9438
646.2917	647.9652
646.8893	648.4542
647.0205	648.3693
647.3664	648.7731
647.8096	649.5038
647.8606	649.5513
647.9063	649.5717
647.9453	649.5242
648.3937	649.9486
648.5501	650.0689
649.1462	650.56
649.5764	650.9434
649.6253	651.2718
649.7495	651.1334
649.845	651.248
650.1613	651.5306
650.216	651.7073
650.5397	651.9457
650.7279	652.2905
650.9008	652.4522
651.1802	652.5261
651.6306	653.0762
652.6135	654.1118
652.708	654.2323
652.9949	654.3893
653.0731	654.6226
653.304	655.0939
653.3202	655.0147
653.3759	655.1295
653.5616	655.1668
653.9213	655.2867
654.0458	655.7058
654.0621	655.754
654.0829	655.6746
654.1528	655.8037
654.5714	656.0589
654.9224	656.5392
655.6662	657.2902
655.6883	657.2864
655.8345	657.3451
655.8534	657.3704
656.0339	657.5316
656.3488	657.9336
656.3529	657.9628
656.8503	658.3484
656.8775	658.3092
657.0191	658.6338
657.085	658.6969
657.3425	658.6783
657.8282	659.3369
657.8706	659.4554
657.935	659.4378
658.1178	659.7026
658.2061	659.6198
658.4047	660.0494
658.6415	660.1908
658.977	660.3762
659.2471	660.7096
659.515	661.0642
659.53	661.2978
659.678	661.277
659.8732	661.4061
659.9252	661.4205
660.0734	661.598
660.5076	662.2016
660.5525	662.3087
660.5528	662.3959
660.6536	662.529
660.782	662.5769
660.8366	662.7449
660.8875	662.8333
660.9642	662.7799
661.537	662.9893
661.5811	663.1112
661.8768	663.4365
662.0558	663.6443
662.1155	663.8456
662.2754	663.8693
663.1174	664.6135
663.429	664.7894
663.6336	664.9967
664.4572	666.2402
664.5812	666.1395
665.0183	666.6648
665.0955	666.7562
665.3279	667.1219
665.3315	667.1203
666.0046	667.4427
666.2101	668.1002
666.2132	668.1972
666.2216	668.0518
666.2369	667.9863
666.8225	668.5916
666.8285	668.6409
667.073	668.5528
667.7271	669.7852
667.728	669.8209
667.767	669.849
667.8227	669.7975
667.9095	670.0555
668.9929	670.7379
668.9993	670.6181
669.4112	670.7659
669.5147	670.9731
669.6067	671.0441
669.7572	671.3061
670.0018	671.5518
670.1308	671.4948
670.2192	671.5921
670.2973	671.8637
670.6708	672.1935
670.8439	672.2983
670.8885	672.3249
671.3434	672.8134
671.348	672.8719
671.7203	673.2485
671.7542	673.3076
671.7582	673.4337
671.7852	673.3416
672.1962	673.5442
672.4523	673.8813
672.643	674.0491
672.6617	674.1494
673.0477	674.6417
673.1656	674.9698
673.3291	675.1242
673.4055	675.149
673.6102	675.3407
673.7897	675.4775
673.954	675.4459
674.1235	675.5792
674.3776	675.9083
674.8201	676.3741
674.9202	676.5179
675.3051	676.9398
675.3331	676.7485
675.6869	677.2827
675.7761	677.279
676.0665	677.585
676.2097	677.7662
676.6902	678.1953
676.9774	678.3565
677.3833	678.8385
677.9725	679.3294
678.3139	679.8197
678.4916	680.034
679.748	681.1727
679.9209	681.5345
679.9302	681.3918
680.3614	681.9077
680.3866	681.9968
680.4878	682.2541
680.6312	682.3031
680.7723	682.6387
680.9407	682.7232
681.1812	682.8469
681.2832	682.8619
681.3942	683.0086
682.0704	683.5637
682.2264	683.7204
682.4243	683.8416
682.5388	683.8909
682.7772	684.121
683.1097	684.5607
683.2012	684.6148
683.4276	684.9745
683.8136	685.3219
684.0441	685.5975
684.3257	685.9022
684.4084	686.062
684.5881	686.1334
684.7509	686.1614
685.213	686.7388
685.404	687.0626
685.4605	687.2368
685.4774	687.2472
685.7538	687.541
686.0013	687.5505
686.2772	687.9501
686.4273	688.0353
686.6919	688.0328
687.1762	688.6386
687.9366	689.3675
688.0096	689.5854
688.3062	689.6905
688.371	689.7615
688.9869	690.7533
689.044	690.755
689.1955	691.0404
689.4392	691.1886
689.4457	691.0524
689.6488	691.1371
689.9082	691.3983
690.1762	691.7676
690.1897	691.8428
690.1912	692.0128
690.3945	692.1011
690.5126	692.2906
690.6172	692.2727
691.0226	692.4339
691.3098	692.6175
691.4954	693.0237
691.5752	693.3451
691.794	693.5271
691.9804	693.611
692.1693	693.8029
692.2072	693.8413
692.3983	694.0462
692.8733	694.3274
693.3319	694.8077
693.5198	694.8953
693.7522	695.1702
693.7527	695.2374
693.9841	695.4517
694.2264	695.853
694.6456	696.2244
694.9104	696.491
695.25	696.813
695.8115	697.1439
696.0317	697.4116
696.1303	697.6026
696.3827	698.1784
696.4467	698.2104
696.4551	698.3696
696.4798	698.2562
696.5004	698.2817
696.6482	698.4587
697.2001	698.6289
697.2118	698.7775
697.903	699.3812
698.1774	699.6037
698.3275	700.1506
698.3488	700.2453
698.4522	700.3171
698.5396	700.5168
698.5682	700.3522
698.6135	700.3794
698.7968	700.6421
698.9644	700.8153
698.9672	700.8503
699.1537	700.8895
699.5112	701.1232
699.6057	701.2544
699.7324	701.4008
699.7834	701.3838
699.9118	701.5356
700.1544	701.5415
700.268	701.8296
700.2846	701.7438
700.485	702.0362
700.6079	702.103
700.6961	702.4148
701.4205	702.8406
702.0118	703.5343
702.6748	704.3149
702.9593	704.3867
702.977	704.5527
703.6168	705.1441
704.1246	705.5051
704.8181	706.537
704.836	706.5818
704.96	706.8756
705.0186	706.7359
705.1311	706.811
705.2519	706.9699
705.286	706.9344
706.0839	707.6959
706.1862	707.6599
706.8052	708.1622
706.9746	708.5062
707.2328	708.8079
707.4158	708.9453
707.7435	709.2638
707.9807	709.4793
708.2123	709.5717
708.7095	710.0822
708.89	710.2744
708.9392	710.601
709.0197	710.6515
709.4851	710.9853
709.6381	711.1812
710.253	711.7985
710.2947	712.0802
710.3166	711.9844
711.0458	712.5907
711.1172	712.5382
711.2912	712.8137
711.4876	712.8641
711.8014	713.5107
711.8188	713.4402
711.9916	713.5822
712.1	713.4885
712.5667	713.9877
713.24	714.7405
713.7102	715.2151
713.7352	715.202
713.8838	715.4115
714.7378	716.0432
714.9609	716.4938
715.0161	716.5773
715.2978	716.8456
715.6776	717.3186
715.7685	717.4993
715.7832	717.3498
716.7351	718.5343
716.767	718.4701
716.8099	718.4897
716.8764	718.7319
717.1686	718.9061
717.2811	718.8096
717.4275	718.9616
718.068	719.4981
718.2547	719.7558
718.2632	719.7901
718.3604	720.112
718.3866	719.9788
718.9637	720.4218
719.1352	720.6896
719.3669	720.6708
719.5062	720.8936
719.6739	721.0162
719.748	721.2707
720.7973	722.1691
720.9	722.4561
721.265	722.6251
721.5132	722.9243
721.6296	723.451
721.6354	723.516
721.7293	723.5864
722.3508	723.746
722.4344	723.8264
723.6296	725.0601
723.8999	725.4228
724.0668	725.8218
724.303	725.9705
724.4785	726.0304
724.6853	726.0373
724.8582	726.7211
724.8748	726.8911
724.9444	726.9207
725.1375	726.7367
725.672	727.1086
725.6805	727.3242
726.0825	727.8612
726.1731	727.814
726.2793	728.006
727.057	728.598
727.1519	728.564
727.1609	728.7297
727.4605	728.7883
727.9233	729.6969
727.9472	729.6506
727.9502	729.6868
728.6535	730.1336
728.8325	730.4956
729.214	730.6908
729.5181	730.8369
729.7658	731.1688
729.8685	731.2489
730.2414	731.8895
730.6878	732.0749
730.9052	732.603
731.0517	732.7276
731.1579	732.7513
731.2906	732.8107
731.4502	732.9424
731.6542	733.085
731.9184	733.5602
732.0085	733.9653
732.0338	734.0425
732.7574	734.2654
733.726	735.2218
733.7442	735.2836
733.7864	735.3855
734.1971	735.826
734.756	736.4336
734.7809	736.4488
735.1315	736.5604
735.6751	737.1984
736.17	737.5273
736.3962	737.9141
736.5747	738.2527
736.587	738.1003
737.2966	738.8328
737.3541	739.0302
737.6218	738.9967
737.7787	739.1214
738.4704	739.9966
738.5391	740.111
739.245	740.6966
739.9771	741.2943
740.1874	741.7448
740.7774	742.2105
740.8599	742.3507
740.9039	742.4389
742.5465	743.9747
743.0266	744.4036
743.7989	745.3573
744.7734	746.1744
744.8519	746.3894
744.9032	746.6727
745.1493	746.8343
745.2828	746.818
745.3701	747.1413
745.5394	747.2024
745.7251	747.1837
746.1744	747.6333
746.8766	748.5844
747.0169	748.626
747.0285	748.7371
747.2693	748.796
747.629	749.1913
747.7841	749.3458
748.4129	749.9488
748.5474	750.0382
748.7079	750.0777
748.8018	750.1309
749.0896	750.4568
749.4861	751.0977
749.562	751.3593
749.8134	751.5331
750.1114	752.0094
750.1218	751.8907
750.1386	751.8729
750.3267	751.9297
750.7052	752.2619
751.1452	752.5845
751.1901	752.8102
751.4456	752.9444
751.7462	753.3205
752.0981	753.4281
752.2756	753.6612
752.5427	754.1195
752.6032	754.5863
752.64	754.4383
752.7985	754.7013
753.0794	754.7787
753.7182	755.0421
754.2446	755.7718
754.471	755.981
754.5429	756.042
754.8237	756.3045
755.0028	756.4479
755.1207	756.693
755.1464	756.6568
755.2085	756.7855
755.8468	757.4588
755.8734	757.7123
755.8999	757.5342
756.1636	758.1108
756.1696	758.0186
756.17	758.148
756.1941	758.1012
756.5162	758.2853
756.5732	758.2381
756.8764	758.4619
757.6041	758.9878
757.8649	759.6449
757.9166	759.6474
757.9852	759.8402
757.9903	759.7884
758.1193	760.1143
758.2166	760.0816
758.3189	760.2539
758.4989	760.2624
758.5607	760.3101
758.7334	760.2556
759.3293	760.8802
759.4157	761.0408
759.6619	761.2734
759.7032	761.1752
760.5481	761.9873
760.775	762.3137
760.9527	762.3717
761.1914	762.4917
761.4415	762.9757
761.6742	763.1252
762.2038	763.881
762.2077	763.8906
762.3165	763.9434
762.3953	764.0172
762.7552	764.1834
763.0235	764.3781
763.2325	764.5762
763.4338	764.8092
764.7426	766.2842
765.1158	766.4985
765.3506	766.8764
765.5399	767.116
765.5983	767.3102
765.7376	767.3309
765.8694	767.3514
765.8734	767.5
766.1673	767.6953
766.6579	768.2688
766.6645	768.221
766.7296	768.2812
766.9822	768.3359
767.2446	768.6639
767.323	768.9472
767.3252	768.8842
767.7132	769.2128
767.8563	769.2931
768.0269	769.3971
768.1696	769.6768
768.3653	769.8683
768.5665	769.9677
769.1306	770.5442
769.4155	770.9808
769.7341	771.2572
769.8604	771.6795
769.8745	771.4882
770.358	771.7831
770.4807	771.9675
770.625	772.157
770.7799	772.5215
770.8456	772.8222
770.8736	772.9568
770.8738	772.8905
770.8785	773.0373
771.1398	773.2943
771.4253	773.2636
771.4607	773.3393
772.3294	773.8001
773.0657	774.5563
773.7122	775.2831
773.7905	775.1501
773.9235	775.4241
774.1279	775.6399
774.5568	776.0925
774.5615	776.0943
774.7413	776.1279
775.1186	776.8541
775.1228	776.813
775.1365	776.6906
775.5679	777.3466
775.5825	777.4356
775.5834	777.4686
775.6149	777.544
775.6808	777.5888
775.7322	777.6697
775.8712	777.923
775.933	777.96
776.2386	777.9134
776.6612	778.1735
777.5167	778.908
777.6437	779.4176
777.6864	779.5276
777.8627	779.5209
777.9341	779.5269
778.0785	779.5464
778.8085	780.3257
779.0902	780.6355
779.1068	780.6071
779.2837	780.7864
779.4202	780.8025
779.8575	781.4075
779.903	781.5459
780.432	781.9011
780.743	782.3647
780.7903	782.4344
780.8152	782.4349
781.0236	782.5539
781.19	782.7691
781.3357	782.8264
781.4963	782.8788
781.9155	783.4108
782.5668	784.1788
782.5691	784.1699
783.0173	784.3614
783.1531	784.5329
783.4279	784.934
783.8859	785.3157
783.9049	785.298
784.123	785.6444
784.3429	785.8125
784.411	785.9402
784.7531	786.3777
785.4028	786.9834
785.6786	787.2306
785.8183	787.4985
785.8358	787.4627
786.2808	787.6824
786.3868	787.7098
786.6065	788.0453
786.8031	788.2967
787.1356	788.6753
787.5203	788.95
787.7877	789.2241
788.2738	789.7073
788.9609	790.5132
789.0601	790.6365
789.2344	790.6458
789.3397	790.6929
789.9566	791.3843
790.1681	791.5685
790.4027	791.8987
790.7235	792.2049
790.7482	792.1657
791.0028	792.5527
791.2161	792.7836
791.7275	793.3355
791.8904	793.2484
792.0914	793.5255
792.4059	794.0099
792.543	794.2586
792.5681	794.372
792.7433	794.4362
792.8228	794.5179
792.8411	794.586
793.0312	794.9448
793.0337	795.1248
793.0712	795.0724
793.1167	795.1844
793.5047	795.3878
793.5163	795.1962
793.97	795.5304
793.9885	795.571
794.2376	795.7969
794.3241	795.6687
794.4413	795.8532
794.6357	796.1205
795.5217	797.0922
795.5991	797.2131
795.724	797.4559
795.9306	797.4011
796.3031	797.8407
796.3849	797.9051
796.5688	798.0663
796.9449	798.375
797.0524	798.5207
797.1757	798.7477
797.2986	798.7404
797.5224	799.277
797.5427	799.3211
797.5502	799.2431
797.7621	799.3844
797.8261	799.4493
798.113	799.7603
798.5871	800.0629
798.6593	800.3629
798.8445	800.4427
799.8929	801.3987
800.0395	801.5112
800.7267	802.168
801.0891	802.5639
801.1636	802.8111
801.2362	802.8099
801.2571	802.8187
801.4379	802.9483
801.6825	803.084
802.1658	803.5998
802.5173	803.8956
802.6043	804.0941
803.2032	804.5534
803.6685	805.2151
803.7337	805.3171
804.2934	805.6554
805.0832	806.9094
805.1224	807.0793
805.1427	807.3157
805.3238	807.3631
805.3298	807.2273
805.45	807.2955
806.0563	807.5837
806.1239	807.9036
806.1521	807.9522
806.312	808.1352
806.4047	808.4653
806.4363	808.3471
806.5489	808.5721
806.6867	808.7394
806.7775	808.7599
806.7969	808.7313
806.8249	808.8002
806.974	808.936
806.9785	808.8078
807.4462	809.1783
807.6588	809.4181
807.7214	809.6524
807.739	809.4999
807.8066	809.6556
808.0326	810.0022
808.2029	809.9536
808.315	809.997
808.4447	810.2037
808.6446	810.2716
809.1636	810.4854
809.2578	810.8048
809.2869	810.8986
809.3223	810.9039
809.5816	811.147
809.782	811.2523
809.8803	811.4939
809.9534	811.4346
810.0833	811.7382
810.4469	811.8327
810.586	812.0092
810.7331	812.2973
810.7741	812.1668
811.2943	812.8199
811.3592	813.0284
811.3889	813.2061
811.439	813.1784
812.2578	813.6909
812.3094	813.8867
812.4314	813.9515
812.6227	813.9998
812.7639	814.1869
812.8608	814.2423
813.2591	814.6851
813.4235	814.7305
813.6932	815.2087
813.7651	815.3647
813.9059	815.624
813.9913	815.7464
814.2078	815.7668
814.5257	816.0106
814.8558	816.3405
815.3469	817.0316
815.3647	817.018
815.8911	817.3303
816.0095	817.6112
816.0509	817.5861
816.1746	818.0891
816.2566	818.4413
816.2576	818.3695
816.3721	818.3695
817.0031	818.842
817.0716	818.8828
817.2266	818.7523
817.5585	819.0531
817.6091	819.204
817.8422	819.376
817.9323	819.4545
818.0082	819.5423
818.2717	819.5897
818.4494	819.7895
818.5981	819.9794
818.7853	820.409
818.8238	820.5146
818.9403	820.625
818.9811	820.4913
819.2665	820.6522
819.5164	820.8876
820.0337	821.3717
820.2964	822.0072
820.3206	821.9881
820.5539	822.073
820.7245	822.2702
820.821	822.4605
820.9299	822.6554
821.0155	822.761
821.4177	823.1496
821.4639	823.136
821.4921	823.156
821.7627	823.5281
822.4529	823.7565
822.7546	824.2963
822.8448	824.3997
822.9123	824.2659
823.3391	824.8467
823.685	825.3131
823.6871	825.2831
823.704	825.4332
823.9694	825.6269
824.3001	825.7363
825.2863	826.7322
825.5973	827.0726
825.6518	827.2214
825.8434	827.159
826.3047	827.7741
826.3325	828.0384
826.4295	828.0358
826.6668	828.1342
826.9952	828.6944
827.009	828.7048
827.0347	828.873
827.4599	828.898
827.8427	829.3814
827.8752	829.6039
828.014	829.4797
828.9821	830.5928
829.1053	830.6629
829.131	830.7318
829.1325	830.6985
829.786	831.6722
829.7976	831.758
829.8883	831.9755
829.9554	832.1281
830.0046	832.1435
830.0125	832.2072
830.4686	832.3445
830.6727	832.3885
831.0663	832.5109
831.4274	832.8278
831.5779	833.1319
831.8351	833.254
831.8818	833.2664
832.2685	833.6428
832.5816	834.3665
832.5818	834.2364
832.9843	834.4738
833.216	834.684
833.5198	834.8944
833.7792	835.2733
833.9241	835.3283
833.9999	835.4722
834.5478	835.9596
834.7251	836.3212
834.8128	836.293
835.2032	836.5889
835.9681	837.3664
836.6605	838.2716
836.8769	838.4434
837.9758	839.6064
837.9761	839.7135
838.0624	839.6321
838.2311	839.7094
838.3306	839.7702
839.0599	840.5517
839.1416	840.5719
839.8282	841.3664
840.0572	841.7053
840.2425	841.9491
840.3327	842.0848
840.4161	842.283
840.5019	842.4426
840.6275	842.4942
840.8774	842.6067
841.036	842.9773
841.0461	842.9822
841.133	842.9116
841.2391	842.9453
841.5015	843.1449
841.9002	843.4817
841.9498	843.4457
842.3834	843.9526
842.4102	843.9022
842.539	843.9819
842.8272	844.4165
842.8651	844.5289
843.6021	845.1331
843.7903	845.2014
844.0189	845.3597
844.4848	846.5045
844.626	846.6044
844.6425	846.8203
844.6839	846.6836
845.0047	846.9269
845.0365	846.9769
845.4276	847.105
845.548	846.9949
846.4257	847.977
846.855	848.4001
847.6152	848.99
848.5791	850.2386
848.5808	850.279
848.6162	850.3532
849.4231	850.9894
849.5522	850.942
849.9254	851.5181
850.1716	851.7123
850.188	851.8107
850.7685	852.3087
850.9552	852.3472
851.3726	852.8553
851.4099	852.9914
851.7101	853.0872
851.9519	853.3857
852.0392	853.549
852.8516	854.4273
852.9051	854.5308
853.1483	854.9939
853.153	855.0526
853.5307	855.2726
853.7373	855.3567
854.0291	855.5311
854.4814	856.1513
855.1208	856.6252
855.2008	856.5954
855.3584	857.0309
855.5184	857.4413
855.654	857.4274
855.7575	857.6016
856.1406	857.7404
856.4468	858.0514
857.1185	858.4664
857.8285	859.2653
857.9267	859.3041
858.0078	859.4129
858.5089	859.9563
858.5829	859.9593
859.1878	860.5355
859.5214	861.2385
859.5705	861.4437
859.5942	861.5341
859.7002	861.7555
859.8079	861.8067
859.888	862.0089
860.0581	862.226
860.4515	862.4573
860.8539	862.7054
860.887	862.6426
860.8897	862.7747
861.7377	863.3257
861.8273	863.7287
861.8456	863.7165
862.0334	863.8629
862.0351	863.7639
862.4839	863.8211
863.0976	864.604
863.6764	865.2498
863.8807	865.3748
864.1164	865.5352
864.1982	865.6956
864.2183	865.8787
864.5781	866.1853
865.1069	866.743
865.1641	866.7806
865.3175	866.8126
865.6273	867.0281
866.1916	867.6827
866.2996	867.6643
866.7409	868.2014
866.9457	868.5901
867.1667	868.933
867.8178	869.3785
867.8189	869.3263
867.9458	869.4792
868.2001	869.739
868.4002	870.1396
868.416	870.069
868.5952	870.2724
868.6383	870.3975
869.5485	871.0652
869.888	871.3178
870.3759	871.9153
870.4737	871.908
871.1557	872.5886
871.3455	872.977
871.364	873.0293
871.5666	873.0685
871.8856	873.4615
872.0682	873.4683
872.2617	873.8284
872.481	874.1276
872.4839	874.0136
872.7961	874.1738
873.0385	874.4151
873.5074	875.0297
873.8534	875.2894
873.9714	875.3662
874.0872	875.5115
874.1175	875.712
874.4095	875.9635
874.4931	875.8885
874.5602	876.0427
874.6904	876.2009
874.86	876.4118
874.9787	876.6795
875.1058	876.73
875.16	876.822
876.0571	877.4672
876.161	877.7502
876.1908	877.7648
876.4057	878.0386
876.4376	878.2172
876.8582	878.1896
877.0857	878.612
877.2488	878.6126
877.4046	878.9642
877.5728	879.1636
878.0437	879.6117
878.3535	880.1751
878.4395	880.2302
878.4524	880.3526
878.5024	880.4573
878.5306	880.3272
878.8783	880.4716
879.0297	880.6882
879.2057	880.6991
879.4408	880.8395
879.4852	881.1097
880.6083	882.1968
880.8705	882.6445
880.876	882.6105
880.8806	882.6195
881.1285	883.1141
881.1453	883.1773
881.2549	883.305
881.269	883.4892
881.2862	883.5135
881.4484	883.683
881.4507	883.5711
881.5825	883.7153
881.7125	883.8209
881.9541	883.815
882.3639	884.0472
882.6185	884.1454
882.9755	884.4874
882.9775	884.4545
883.1073	884.5671
883.2153	884.718
883.7155	885.1617
884.0032	885.361
884.1924	885.8187
884.2162	885.9494
884.2384	885.8939
884.3802	886.2085
884.4753	886.2013
885.3786	886.9506
885.9187	887.3498
886.3438	887.8466
886.3954	888.157
886.4995	888.2281
886.5113	888.3676
886.5771	888.3385
886.6043	888.5521
886.8447	888.4681
886.9925	888.5355
887.4312	889.0646
887.4511	889.1217
887.5731	888.9739
887.8115	889.3321
887.8751	889.2459
888.1193	889.8934
888.1553	889.9083
888.215	890.0273
888.3052	889.9059
888.6314	890.2784
888.8807	890.2854
889.2226	890.8285
889.2653	890.8605
889.5097	890.9158
890.0261	891.3876
890.5305	892.1095
891.4172	892.9725
891.5475	893.0438
891.6531	893.16
891.657	893.0741
891.8645	893.476
891.8699	893.65
892.0661	893.6047
892.3756	893.8789
892.9822	894.3914
893.239	894.659
893.427	895.0086
893.5088	895.034
893.593	895.1615
893.8717	895.392
894.0428	895.5161
894.4031	895.9777
894.4055	895.9154
894.7411	896.0978
895.1755	896.8142
895.3179	897.0523
895.4094	896.9872
895.6415	897.1256
895.6869	897.1909
895.7442	897.4651
896.6208	898.3296
897.1074	898.6346
897.1222	898.576
897.4402	899.1647
897.4938	899.4041
897.5542	899.6549
897.5858	899.5847
897.6032	899.7681
897.8996	900.1855
897.9082	900.1478
897.9985	900.3641
898.1257	900.2751
898.3166	900.5033
898.3824	900.5241
898.5323	900.6006
898.5431	900.6805
899.0074	900.7842
899.1562	900.943
899.2863	900.9583
899.4517	901.0347
900.0307	901.3642
900.2714	901.6609
900.5943	902.0415
901.1339	902.5295
901.3757	902.7531
901.4483	903.0497
901.4753	903.0741
901.7647	903.2292
901.8233	903.2425
901.9048	903.5051
902.0864	903.4939
902.3226	903.7397
902.3735	903.8998
902.6377	904.2187
902.6774	904.3169
902.9137	904.3223
903.1482	904.6548
903.1588	904.7122
903.3236	904.8216
903.8596	905.2272
904.2113	905.6344
904.4947	906.163
904.605	906.1843
904.8813	906.2855
904.9067	906.3762
905.2649	906.8249
905.6615	907.0875
905.9048	907.3684
906.262	907.8527
906.658	908.0942
906.9743	908.3274
907.2144	908.5237
908.0754	909.8756
908.1462	909.9645
908.6388	910.2619
908.7634	910.9394
908.7704	910.9007
908.9172	911.0068
908.947	911.2117
909.0461	911.1608
909.1593	911.4811
909.2699	911.4142
909.3301	911.4297
909.545	911.8172
909.5889	911.8153
909.8773	912.1488
910.0708	912.4583
910.1919	912.5281
910.2063	912.6101
910.2705	912.7884
910.4283	912.7807
910.5734	912.9383
910.676	913.093
910.8493	913.2009
911.0218	913.3667
911.2135	913.2247
911.2796	913.3373
911.5407	913.4719
911.9746	913.6023
912.079	913.6257
912.2784	913.8506
912.5449	914.0815
912.6727	914.2275
912.8566	914.3499
913.0625	914.3915
913.5539	915.0004
913.5581	915.2233
913.6704	915.3306
913.7858	915.3431
913.8633	915.5527
914.0768	915.6048
914.2923	915.8683
914.4352	916.0392
914.8432	916.2445
914.9403	916.467
915.3704	916.8644
915.3754	916.8692
915.493	916.9461
917.0236	918.7729
917.0286	918.8372
917.1481	918.909
917.1558	918.9972
917.4352	919.0059
917.7879	919.4031
918.0375	919.5808
918.1711	919.5132
919.3521	920.8613
919.5894	921.1818
920.04	921.4614
921.2666	922.8575
921.2715	922.8428
921.3329	923.0936
921.3682	923.0545
921.5438	923.4156
921.6512	923.5144
921.7075	923.3685
921.7432	923.5565
922.0382	923.8274
922.0975	923.8736
922.3909	923.9287
922.4939	924.1838
922.5469	924.3962
922.5712	924.2356
922.7011	924.3662
923.0291	924.4608
923.3503	924.8131
923.6348	924.9427
924.1507	925.7437
924.2329	926.0141
924.3641	926.0438
924.4989	926.0189
924.5435	926.1388
924.8747	926.2864
925.0943	926.6414
925.1267	926.6234
925.3464	926.862
925.6327	926.96
925.909	927.3165
925.9868	927.5345
926.0696	927.7765
926.1118	927.6101
926.6552	928.0568
927.0051	928.3208
927.1293	928.5948
927.2515	928.9155
927.3337	928.9421
927.3664	928.9906
927.5527	929.1286
928.2677	929.5805
928.5155	930.0309
929.1626	930.6745
929.3346	930.814
929.5631	931.0443
929.7401	931.2328
930.067	931.5299
930.2125	931.9624
930.2692	932.1362
930.2873	932.0312
930.6616	932.1529
931.1156	932.8647
931.139	932.8473
931.312	932.9408
931.5434	933.0284
931.6266	933.2056
931.767	933.3059
931.8669	933.3278
933.0313	934.3534
933.4913	935.1885
933.5706	935.2503
933.5772	935.1637
933.6266	935.3574
934.0443	935.5628
934.5752	935.9594
934.6429	936.183
934.8204	936.2122
935.4614	937.0984
935.7398	937.2002
935.7582	937.2412
936.335	937.6402
936.9855	938.379
937.5388	939.1793
937.5688	939.0288
937.7357	939.2094
937.8636	939.3868
938.0289	939.8673
938.1652	940.0625
938.3747	939.9968
939.5655	940.8711
939.7643	941.316
939.8026	941.6731
939.812	941.6707
940.0545	941.7088
940.056	941.7191
940.7319	942.0397
940.9785	942.5442
941.1608	942.5097
941.2859	942.7464
941.5647	942.9033
941.6828	943.1366
941.7158	943.2555
942.1717	943.7195
942.2462	943.7797
942.3922	943.7147
942.9195	944.5577
942.9729	944.6729
943.1046	944.6986
943.1542	944.8212
943.3089	944.9859
943.3485	945.0697
943.4018	945.1235
944.2725	945.8246
944.5985	946.1011
944.945	946.6678
945.4304	947.2077
945.4531	947.0512
945.6769	947.2871
945.9393	947.5252
946.0916	947.5406
946.3965	947.7635
946.4759	948.0206
946.8742	948.4752
946.8893	948.3118
947.2301	948.6312
947.4158	948.7746
947.8297	949.42
948.1147	949.6527
948.2596	949.7735
948.5989	950.083
948.7162	950.236
948.8575	950.2227
949.0438	950.5475
949.3418	950.8131
950.2155	951.7657
950.5467	951.9761
951.1843	952.5659
951.9878	953.6379
952.0326	953.6381
952.255	953.8377
952.6395	953.9953
952.7304	954.2238
952.9519	954.6742
953.0412	954.5849
953.0768	954.768
953.7983	955.2581
953.8689	955.5814
953.9511	955.5037
954.0974	955.7254
954.3787	955.7783
955.0539	956.69
955.0914	956.6968
955.0971	956.6801
955.207	956.8692
955.346	957.0117
955.671	957.2321
956.0676	957.8284
956.4434	957.9023
956.5746	958.0916
956.8067	958.251
956.9995	958.3835
957.3158	958.8414
957.3542	958.9928
957.728	959.1944
957.7784	959.1606
957.9249	959.3445
958.448	959.8906
958.8386	960.1841
958.9585	960.3977
959.1289	960.7832
959.2815	960.8532
959.5756	961.0787
959.9746	961.4451
960.1532	961.6544
960.2245	961.8163
960.2525	961.7087
960.6129	962.2376
960.6487	962.0767
960.9636	962.4927
961.027	962.5573
961.5791	962.9667
961.6964	963.2255
962.6088	964.1759
962.8304	964.2403
962.8647	964.3155
963.1847	964.9275
963.7168	965.2695
964.0741	965.399
964.4631	965.8622
964.8839	966.2844
965.2934	966.8343
965.4494	966.9648
965.535	967.1654
966.3483	967.8418
966.9616	968.5541
967.5583	969.0297
967.7589	969.0641
967.9042	969.4518
969.1472	970.6056
969.2232	970.7151
969.645	971.2683
969.6872	971.1696
969.8663	971.4237
969.8766	971.5943
969.9964	971.5931
970.072	971.7006
970.3125	971.9768
970.3255	971.8627
971.0397	972.8907
971.0545	973.1084
971.0803	973.0093
971.0873	973.0969
971.1176	973.0823
971.2192	973.1592
971.4602	973.1859
971.6765	973.3127
972.115	973.8882
972.1254	973.9716
972.1407	973.9599
972.2682	974.0353
972.3221	974.0395
972.8083	974.1269
973.0993	974.7742
973.6982	975.2526
975.124	976.6791
975.142	976.9298
975.3144	976.8968
975.6457	977.0932
975.6964	977.1814
975.757	977.3545
975.9942	977.477
976.5441	978.0796
976.7888	978.2677
977.3927	979.0305
977.5291	979.1743
977.6124	979.2474
977.7142	979.5441
977.7778	979.4921
977.9845	979.8292
978.1228	980.1418
978.1443	980.0594
978.1627	979.913
978.4685	980.1368
978.5716	980.1327
979.0831	980.476
979.1257	980.6018
979.4678	980.8321
979.6474	981.2347
979.6853	981.3381
979.8038	981.4333
979.9013	981.3864
980.2885	981.6598
981.0334	982.4402
981.2093	982.7451
981.4068	982.7583
981.8019	983.1369
981.883	983.2338
982.2299	983.5905
982.8953	984.3542
983.275	984.6541
983.5336	984.9938
983.6875	985.2826
983.8754	985.5376
983.8839	985.6708
984.1107	985.5494
984.2932	985.7267
984.3667	986.1492
984.3898	986.1482
984.3934	985.9377
984.7937	986.1953
985.5931	987.1229
986.3291	987.8239
986.7214	988.0561
987.0492	988.5605
987.1304	988.7482
987.1353	988.6616
987.3493	988.8733
987.4796	988.8354
987.7769	989.3439
988.165	989.6094
988.1944	989.8185
988.3496	989.9218
988.4401	990.0691
988.6629	990.2228
988.7068	990.1121
988.8279	990.6177
988.8839	990.7026
988.8849	990.5636
989.0045	990.6893
989.1067	990.8078
989.4144	991.1299
989.4761	991.2035
989.6849	991.2388
989.7707	991.1966
991.085	992.5325
991.2115	992.5784
991.3329	992.8701
991.5163	992.8829
991.9577	993.4974
992.2717	993.6608
992.4224	993.9194
993.7483	995.1796
993.8471	995.392
993.8897	995.3209
994.3252	995.7589
994.879	996.2746
995.0809	996.6505
995.2359	996.7925
995.6647	997.3016
995.7074	997.2617
995.9614	997.3557
996.2802	997.8966
996.3165	998.3719
996.3449	998.4528
996.3582	998.6389
996.4355	998.4825
996.728	998.7928
996.8534	998.9324
997.0121	999.0174
997.7212	999.2645
997.967	999.4179
